499423
499423
498423
498423
498423
498423
498423
498423
499423
500423
498423
498423
498423
499423
499423
500423
500423
499423
498423
497423
498423
498423
497423
496423
496423
496423
496423
495423
496423
496423
496423
496423
496423
496423
496423
496423
495423
494423
495423
495423
496423
497423
497423
496423
496423
495423
495423
495423
494423
494423
494423
494423
495423
495423
496423
497423
497423
496423
496423
496423
497423
499423
500423
500423
500423
500423
500423
500423
500423
501423
501423
501423
502423
502423
502423
501423
500423
501423
503423
502423
502423
503423
503423
503423
504423
504423
505423
506423
506423
506423
506423
506423
505423
506423
506423
506423
507423
505423
504423
504423
504423
505423
504423
504423
504423
503423
503423
503423
503423
504423
504423
504423
502423
502423
502423
502423
501423
501423
501423
502423
502423
501423
500423
499423
498423
498423
498423
498423
499423
500423
501423
500423
501423
501423
501423
503423
504423
503423
503423
503423
502423
501423
502423
502423
502423
502423
501423
501423
500423
500423
501423
501423
501423
500423
501423
500423
501423
501423
501423
501423
501423
502423
501423
501423
500423
500423
500423
501423
501423
501423
501423
500423
499423
500423
500423
500423
500423
498423
496423
495423
495423
495423
495423
496423
497423
497423
497423
498423
499423
499423
500423
501423
500423
500423
499423
499423
499423
499423
500423
501423
502423
503423
503423
504423
502423
502423
503423
502423
501423
501423
502423
501423
501423
502423
500423
500423
502423
503423
503423
503423
502423
500423
500423
500423
498423
498423
498423
498423
497423
498423
499423
498423
498423
497423
498423
497423
497423
497423
495423
495423
495423
495423
496423
496423
498423
498423
498423
498423
500423
501423
501423
501423
501423
500423
500423
502423
500423
501423
500423
501423
501423
501423
500423
499423
497423
497423
498423
498423
498423
498423
498423
497423
496423
497423
497423
497423
497423
497423
497423
497423
497423
497423
497423
497423
497423
497423
498423
497423
497423
496423
495423
496423
496423
496423
496423
495423
495423
495423
495423
495423
494423
495423
495423
496423
496423
496423
495423
496423
495423
495423
495423
495423
494423
495423
494423
494423
493423
494423
494423
494423
495423
495423
493423
491423
491423
491423
491423
491423
491423
492423
491423
491423
493423
494423
493423
493423
493423
492423
492423
491423
490423
490423
490423
489423
489423
489423
489423
489423
489423
490423
490423
490423
490423
490423
488423
488428
489428
488428
488428
489428
489428
489428
491428
491428
491428
492428
493428
493428
494428
493428
492428
493428
494428
493428
491428
490428
491428
491428
490428
491428
491428
492428
491428
492428
491428
491428
489428
489428
490428
490428
490428
489428
489428
488428
489428
490428
489428
487428
485428
485428
486428
487428
487428
486428
486428
487428
487428
487428
487428
487428
488428
488428
489428
488428
487428
488428
488428
488428
487428
488428
489428
489428
489428
488428
488428
488428
488428
488428
489428
490428
490428
490428
491428
491428
490428
490428
489428
489428
489428
489428
489428
489428
489428
490428
490428
489428
489428
489428
489428
491428
491428
491428
490428
490428
490428
491428
491428
492428
491428
491428
491428
491428
491428
490428
490428
490428
490428
490428
490428
490428
492428
492428
492428
493428
493428
493428
493428
492428
494428
494428
493428
493428
494428
494428
493428
493428
493428
494428
495428
495428
496428
496428
496428
496428
497428
497428
497428
496428
497428
497428
497428
496428
496428
495428
495428
494428
494428
494428
494428
495428
496428
496428
496428
496428
496428
497428
497428
497428
497428
499428
500428
499428
500428
500428
498428
497428
498428
498428
497428
496428
497428
496428
495428
496428
497428
497428
497428
497428
496428
495428
495428
497428
497428
496428
496428
497428
498428
499428
499428
500428
499428
499428
499428
500428
499428
499428
498428
498428
499428
499428
499428
499428
498428
498428
498428
499428
498428
500428
500428
499428
499428
500428
500428
500428
500428
499428
498428
496428
497428
497428
498428
497428
497428
497428
498428
498428
497428
497428
497428
497428
498428
499428
499428
501428
502428
503428
503428
502428
501428
501428
501428
500428
498428
498428
498428
498428
497428
497428
499428
498428
499428
498428
499428
500428
499428
499428
499428
499428
501428
501428
501428
500428
499428
499428
501428
501428
503428
505428
506428
505428
505428
506428
507428
507428
507428
507428
507428
507428
506428
507428
507428
507428
507428
508428
507428
507428
506428
506428
507428
507428
505428
505428
504428
504428
503428
504428
503428
503428
503428
501428
501428
501428
502428
503428
504428
505428
505428
505428
505428
505428
505428
506428
504428
504428
504428
502428
501428
501428
501428
500428
501428
501428
501428
501428
501428
501428
502428
503428
505428
505428
506428
505428
504428
505428
505428
505428
506428
506428
507428
507428
508428
509428
511428
512428
512428
511428
511428
510428
511428
510428
511428
512428
512428
512428
513428
514428
513428
512428
512428
513428
514428
513428
513428
512428
512428
512428
512428
510428
510428
509428
509428
508428
508428
508428
508428
508428
507428
508428
508428
508428
508428
509428
509428
508428
508428
508428
509428
511428
512428
512428
512428
512428
512428
513428
513428
514428
513428
515428
514428
514428
516428
516428
515428
514428
513428
514428
514428
514428
513428
513428
513428
513428
512428
514428
514428
514428
515428
514428
514428
513428
511428
510428
510428
510428
510428
510428
511428
512428
512428
512428
512428
512428
511428
511428
511428
511428
511428
511428
512428
512428
512428
513428
513428
512428
512428
512428
512428
512428
514428
514428
514428
514428
516428
516428
515428
515428
515428
515428
513428
515428
515428
513428
513428
513428
512428
512428
512428
512428
512428
512428
512428
513428
513428
513428
515428
516428
516428
516428
515428
514428
513428
514428
514428
512428
512428
513428
513428
513428
513428
514428
515428
515428
514428
514428
514428
515428
515428
516428
516428
518428
518428
518428
518428
518428
518428
519428
519428
518428
518428
520428
520428
519428
519428
521428
521428
520428
521428
521428
521428
521428
520428
521428
521428
521428
521428
520428
520428
520428
522428
521428
520428
520428
519428
519428
520428
520428
519428
520428
520428
519428
519428
520428
521428
521428
522428
522428
522428
522428
520428
518428
518428
518428
518428
518428
519428
519428
519428
519428
520428
520428
519428
518428
517428
519428
519428
518428
518428
516428
516428
516428
516428
516428
517428
518428
518428
518428
517428
517428
517428
516428
517428
516428
517428
517428
518428
519428
519428
517428
515428
515428
516428
515428
516428
516428
517428
518428
517428
518428
518428
517428
517428
515428
515428
516428
516428
516428
515428
516428
516428
516428
515428
516428
516428
516428
516428
515428
514428
514428
515428
515428
514428
514428
512428
512428
511428
511428
511428
511428
512428
513428
513428
513428
511428
510428
510428
510428
510428
510428
510428
511428
