504080
504080
504080
504080
505080
504080
503080
503080
503080
503080
504080
503080
503080
503080
504080
503080
503080
503080
504080
504080
504080
502080
504080
503080
504080
503080
503080
503080
501080
501080
502080
502080
503080
503080
503080
503080
503080
502080
502080
502080
503080
503080
502080
503080
504080
506080
506080
506080
506080
505080
505080
505080
506080
506080
506080
507080
509080
508080
510080
510080
510080
509080
510080
509080
510080
510080
510080
510080
511080
510080
509080
510080
510080
510080
510080
509080
508080
507080
507080
509080
508080
508080
507080
509080
508080
506080
506080
507080
506080
507080
507080
507080
506080
505080
504080
503080
503080
501080
503080
503080
504080
505080
506080
506080
505080
505080
506080
506080
505080
504080
504080
504080
504080
504080
503080
503080
503080
502080
502080
500080
501080
502080
503080
503080
503080
502080
502080
502080
501080
502080
502080
502080
502080
502080
501080
500080
499080
497080
497080
496080
495080
497080
497080
497080
497080
498080
499080
499080
499080
500080
500080
501080
500080
500080
499080
498080
500080
500080
500080
499080
499080
499080
498080
498080
498080
498080
498080
499080
498080
498080
499080
499080
499080
500080
501080
500080
499080
499080
499080
499080
499080
499080
500080
500080
499080
499080
500080
501080
501080
499080
499080
499080
499080
498080
499080
499080
500080
500080
501080
503080
503080
504080
503080
502080
501080
502080
501080
500080
500080
501080
502080
502080
501080
501080
500080
500080
501080
502080
502080
503080
502080
502080
503080
504080
505080
506080
505080
503080
501080
501080
501080
501080
501080
499080
498080
497080
496080
495080
495080
496080
495080
495080
495080
495080
495080
496080
495080
495080
496080
496080
497080
497080
497080
498080
498080
498080
500080
500080
500080
499080
499080
499080
499080
499080
498080
496080
496080
496080
495080
495080
495080
494080
493080
493080
493080
493080
493080
492080
492080
493080
493080
493080
493080
493080
493080
494080
493080
493080
492080
492080
493080
492080
493080
493080
494080
495080
495080
495080
496080
497080
498080
498080
498080
498080
499080
499080
498080
498080
496080
496080
495080
496080
495080
495080
495080
495080
495080
495080
495080
494080
494080
496080
498080
497080
497080
497080
496080
496080
496080
496080
494080
494080
493080
492080
491080
491080
493080
493080
493080
493080
494080
494080
494080
494080
495080
495080
495080
495080
493080
494080
493080
494080
494080
494080
494080
494080
496080
496080
496080
495080
493080
493080
494080
494080
495080
495080
495080
496080
497080
497080
497080
497080
496080
496080
497080
496080
496080
497080
496080
497080
497080
496080
497080
498080
498080
497080
497080
496080
497080
496080
496080
497080
497080
496080
497080
497080
497080
497080
498080
499080
501080
501080
501080
501080
501080
499080
499080
499080
500080
500080
499080
500080
501080
502080
502080
501080
501080
501080
501080
500080
500080
500080
499080
499080
499080
501080
501080
502080
502080
502080
502080
502080
501080
500080
500080
499080
500080
500080
501080
500080
500080
501080
501080
500080
500080
499080
497080
497080
496080
496080
495080
495080
496080
496080
495080
497080
496080
496080
496080
496080
496080
496080
497080
497080
497080
498080
498080
498080
497080
497080
498080
496080
496080
495080
495080
494080
494080
493080
491080
492080
491080
491080
490080
490080
491080
491080
490080
490080
490080
490080
491080
490080
490080
490080
490080
492080
492080
492080
492080
492080
491080
492080
492080
491080
491080
490080
490080
490080
489080
490080
489080
489080
489080
489080
488080
488080
488080
488080
488080
486080
487080
486080
486080
485080
485080
484080
485080
485080
484080
484080
484080
482080
481080
481080
481080
481080
481080
481080
481080
481080
481080
481080
481080
482080
483080
483080
484080
484080
483080
483080
484080
484080
484080
483080
482080
481080
481080
482080
482080
482080
482080
482080
482080
481080
482080
483080
483080
483080
484080
483080
482080
482080
482080
482080
481080
480080
479080
479080
478080
479080
481080
481080
480080
481080
481080
481080
481080
481080
480080
481080
481080
481080
481080
482080
481080
482080
481080
482080
481080
482080
480080
482080
482080
482080
481080
482080
481080
480080
478080
478080
478080
478080
478080
479080
479080
478080
478080
477080
477080
478080
480080
480080
479080
479080
480080
480080
479080
479080
479080
478080
478080
478080
478080
476080
476080
475080
474080
473080
474080
475080
474080
475080
476080
476080
477080
477080
475080
475080
475080
474080
474080
474080
476080
475080
475080
475080
475080
475080
474080
475080
475080
476080
475080
476080
475080
474080
474080
472080
472080
473080
473080
473080
473080
474080
474080
475080
474080
472080
473080
473080
472080
471080
471080
470080
470080
470080
470080
470080
471080
471080
471080
471080
472080
472080
472080
471080
471080
471080
471080
471080
469080
470080
470080
470080
471080
470080
470080
470080
470080
470080
469080
469080
469080
469080
468080
468080
469080
470080
470080
471080
471080
472080
472080
473080
473080
473080
473080
473080
473080
472080
472080
472080
473080
474080
474080
474080
475080
475080
476080
476080
476080
475080
477080
477080
477080
476080
476080
476080
476080
476080
476080
476080
476080
475080
475080
474080
474080
473080
473080
473080
473080
472080
472080
471080
471080
471080
471080
473080
473080
472080
472080
470080
470080
471080
470080
469080
469080
468080
468080
468080
469080
470080
472080
473080
474080
473080
473080
472080
472080
473080
474080
474080
472080
472080
473080
473080
472080
472080
471080
471080
472080
472080
471080
471080
471080
472080
473080
473080
473080
474080
474080
472080
472080
472080
471080
473080
474080
474080
474080
474080
474080
474080
474080
474080
476080
476080
477080
477080
477080
476080
475080
475080
476080
477080
478080
478080
478080
478080
476080
476080
477080
477080
477080
477080
477080
476080
477080
477080
478080
479080
478080
478080
477080
477080
477080
477080
478080
478080
479080
479080
479080
479080
478080
478080
478080
478080
478080
479080
479080
479080
480080
480080
479517
478517
480517
481517
481517
481517
481517
481517
481517
481517
480517
480517
480517
481517
482517
482517
482517
482517
481517
481517
480517
480517
480517
481517
480517
479517
479517
479517
479517
479517
480517
480517
480517
479517
479517
478517
478517
479517
479517
479517
478517
477517
478517
477517
477517
478517
479517
479517
480517
480517
481517
481517
480517
480517
480517
480517
481517
481517
481517
481517
481517
481517
480517
482517
482517
482517
481517
481517
480517
478517
478517
478517
477517
477517
477517
478517
479517
478517
477517
476517
477517
477517
477517
477517
477517
477517
476517
476517
477517
478517
478517
478517
479517
479517
480517
480517
480517
480517
480517
481339
481339
481339
479339
480339
478339
479339
480339
480339
480339
480339
482339
483339
483339
485339
486339
486339
486339
485339
484339
484339
484339
485339
487339
487339
487339
486339
486339
487339
