1000 1000
763 235 216 685 832 841 130 108 8 207 123 935 502 398 751 551 354 6 691 846 640 750 292 426 358 994 526 608 549 762 845 422 419 556 926 654 873 309 445 385 859 520 365 90 559 60 199 223 41 500 828 270 920 905 699 482 33 936 399 181 104 443 159 892 645 219 752 325 963 94 494 735 233 418 349 798 598 681 387 147 637 368 343 268 867 185 334 830 236 808 364 882 510 696 663 246 615 71 820 530 331 915 135 710 757 114 335 918 344 923 194 772 191 149 473 758 916 293 817 462 697 417 641 581 747 767 527 522 587 607 999 362 332 433 902 360 116 822 904 300 474 16 839 351 403 525 448 24 118 321 302 951 287 744 183 228 929 283 29 134 388 85 353 564 17 401 232 521 400 205 411 913 811 974 958 605 464 613 901 952 234 271 198 629 328 566 657 128 942 553 540 537 512 661 374 962 814 819 572 883 315 653 436 789 785 745 121 4 888 933 472 414 264 568 924 348 280 139 455 157 780 391 39 63 907 112 944 28 479 784 127 988 262 484 76 363 432 981 397 625 651 65 679 402 377 273 714 875 599 154 68 844 722 423 940 179 716 458 702 217 243 340 544 406 142 967 886 535 792 301 140 682 736 829 227 826 316 480 106 496 457 281 833 452 272 79 451 95 611 835 471 609 513 797 161 218 204 434 947 381 453 634 486 200 341 906 799 84 69 308 631 732 56 38 407 22 504 998 824 891 226 132 221 330 623 146 82 9 395 333 224 284 197 868 261 912 649 946 971 74 26 874 463 113 719 326 441 323 178 170 416 444 352 52 843 740 99 662 461 91 66 291 505 14 501 492 937 931 639 437 655 189 497 700 755 840 995 439 996 231 143 563 921 715 516 794 286 985 394 528 77 253 991 616 742 943 489 366 120 911 930 55 541 838 310 40 638 766 600 594 871 182 259 3 693 621 827 126 676 591 148 75 390 816 584 853 320 531 319 493 230 592 547 708 370 602 953 312 893 885 957 241 872 720 960 630 375 356 689 250 939 914 948 137 524 298 201 424 729 863 847 361 770 790 864 815 176 643 429 23 737 420 523 295 658 965 10 723 371 435 656 730 982 64 303 583 442 269 372 263 796 481 862 806 852 804 276 174 150 322 945 769 165 917 881 919 81 764 285 133 626 507 155 465 964 756 339 329 665 573 2 144 93 949 456 245 632 483 778 314 514 709 571 163 289 938 20 238 506 941 601 396 652 57 956 421 686 648 997 851 180 554 684 101 18 87 297 431 624 791 1 89 546 807 78 296 438 449 866 25 620 779 156 989 731 317 61 727 576 1000 674 467 324 813 739 579 508 558 667 810 574 193 831 878 765 13 776 548 265 213 260 336 773 162 788 92 570 860 850 977 509 355 105 346 534 889 446 96 650 427 647 470 169 671 27 748 538 109 992 488 614 802 805 672 533 21 858 254 557 898 80 475 115 342 166 102 152 726 107 294 927 775 491 367 48 760 618 968 749 495 485 347 31 622 783 664 660 823 550 277 184 278 413 636 54 187 409 229 610 580 167 606 386 454 896 59 97 787 713 247 267 793 897 865 211 425 688 45 908 899 565 210 561 53 782 704 313 279 894 895 987 669 175 190 848 855 412 619 88 110 711 903 590 560 50 880 47 384 543 768 111 305 712 978 900 466 743 380 318 58 812 288 984 192 698 307 141 983 46 327 975 138 478 857 837 976 168 876 266 237 338 311 67 275 603 836 12 555 703 955 970 517 786 675 707 206 476 171 552 879 934 389 188 993 209 44 834 687 695 49 37 529 119 595 724 759 932 801 692 596 345 215 306 220 208 666 694 468 683 125 404 151 909 721 728 32 164 635 928 415 257 282 604 979 842 11 177 771 379 734 487 761 244 628 393 173 922 642 43 518 450 499 373 369 131 72 821 490 678 532 357 856 738 83 129 701 887 158 578 242 986 186 34 567 588 519 582 214 668 870 30 825 954 440 240 973 252 800 145 350 86 249 460 884 925 124 980 256 910 536 225 212 575 706 196 659 337 222 972 498 545 585 51 35 430 203 100 673 503 299 15 877 70 359 725 103 477 809 589 459 251 969 717 258 117 542 990 774 781 569 741 818 753 562 239 966 959 593 36 586 617 73 733 633 248 469 136 383 382 172 98 160 670 746 62 378 376 950 153 961 202 195 408 410 5 718 646 405 19 274 890 447 255 795 612 7 777 597 515 627 705 42 803 854 849 290 122 677 428 680 754 304 869 539 861 511 577 644 690 392
826 415 994 910 30 213 635 949 570 897 602 229 94 342 1000 311 857 807 717 97 634 485 234 21 595 26 158 836 772 384 651 319 242 225 955 440 718 114 190 687 133 510 971 946 214 56 829 403 124 336 763 268 116 559 938 545 756 734 151 713 625 514 370 895 539 839 876 52 19 3 192 12 32 256 992 64 37 13 62 572 828 624 980 235 705 704 443 901 266 987 11 940 95 956 833 368 703 896 232 456 674 684 90 919 670 918 435 707 990 78 571 672 652 419 675 573 914 379 88 362 788 271 29 690 852 170 193 473 488 340 24 491 479 251 153 630 160 945 68 594 396 995 931 324 262 361 360 568 917 547 297 609 369 800 287 504 748 18 778 307 849 591 7 427 979 500 468 54 579 372 725 47 253 494 844 513 764 523 959 77 780 924 887 115 58 145 85 321 292 534 482 921 575 132 960 383 364 156 6 243 227 284 736 840 249 40 869 44 859 202 188 874 515 200 487 442 646 616 739 154 792 977 950 329 889 693 110 858 352 433 141 314 922 506 770 392 299 112 178 679 685 673 856 254 205 296 320 25 173 760 996 326 779 306 948 288 55 240 365 157 663 873 293 535 947 733 381 416 562 664 327 615 732 309 333 730 480 183 458 771 236 621 722 432 409 905 920 676 301 982 525 490 962 66 349 348 417 587 395 15 496 429 497 607 179 220 351 656 923 475 747 424 328 75 926 246 746 376 148 958 798 511 853 657 122 474 999 258 783 638 144 966 723 726 942 804 113 46 611 698 978 469 678 413 339 641 231 464 744 377 126 711 71 261 975 784 102 451 302 809 414 418 439 599 871 354 61 835 614 27 107 218 186 452 799 529 751 198 313 397 211 883 109 91 654 387 969 51 345 714 776 343 323 486 389 98 366 527 216 388 786 93 561 14 662 209 350 484 837 951 449 754 580 943 972 789 273 180 986 221 194 912 290 700 134 380 689 885 131 963 867 111 927 83 729 34 643 332 892 207 542 462 174 589 666 467 806 727 60 834 353 742 617 386 665 255 954 759 830 446 412 531 129 738 564 42 519 73 233 522 879 278 471 805 797 639 524 45 952 375 781 210 560 208 532 973 761 716 881 20 282 648 483 286 509 28 677 715 554 470 223 795 4 775 146 533 581 745 697 69 436 335 974 103 117 637 743 935 864 712 928 821 512 965 421 402 647 728 400 640 181 790 880 411 199 902 582 135 782 692 890 367 970 401 691 423 275 752 257 331 466 41 363 953 816 588 785 344 758 787 201 865 248 541 915 884 444 142 108 536 583 680 737 605 597 338 8 143 593 841 655 472 766 671 280 586 682 650 104 82 127 794 215 549 719 123 888 459 618 701 601 53 501 565 197 843 118 399 997 385 681 260 868 613 499 660 407 125 598 735 454 903 653 521 304 866 169 961 706 870 908 57 622 989 649 270 155 189 222 394 608 408 768 35 391 808 538 239 669 863 130 814 774 455 567 907 264 305 932 530 854 272 620 398 577 939 355 731 382 195 405 269 493 998 916 516 540 498 185 162 241 631 176 79 822 762 546 590 709 683 238 310 710 750 551 373 294 431 550 543 503 312 23 894 492 393 420 237 63 911 36 65 773 48 626 558 984 38 699 628 827 851 422 832 43 848 619 404 263 988 450 642 325 279 84 191 964 566 347 941 632 291 913 603 555 753 322 548 658 356 769 930 823 67 976 495 390 359 944 300 557 526 929 904 968 502 898 163 267 285 105 574 159 478 374 623 825 106 298 175 137 741 862 820 600 425 120 817 592 341 802 861 441 217 659 688 702 434 244 812 121 49 686 740 667 957 101 606 811 437 161 138 847 891 168 428 793 461 276 489 596 831 59 981 578 371 925 584 627 259 182 100 316 228 453 9 308 177 226 556 17 838 2 5 39 80 644 645 505 119 445 777 96 283 636 317 906 544 481 247 426 22 993 204 295 877 991 164 476 289 99 206 757 346 150 378 10 140 230 212 410 50 203 128 661 265 694 149 721 967 563 448 803 224 696 219 668 909 337 818 878 724 846 886 438 89 508 791 252 604 720 406 633 330 139 695 477 172 463 842 277 274 334 845 537 165 167 87 507 855 569 612 74 767 430 318 860 933 196 357 250 303 16 520 187 518 629 81 810 553 749 86 92 882 937 447 708 152 765 184 796 815 576 552 755 147 76 875 245 936 983 281 31 457 819 136 813 171 315 934 166 872 70 850 585 465 893 801 528 824 460 899 72 358 1 610 517 900 33 985
2 241 913
1 350 942
2 384 483
2 331 546
2 36 701
1 321 682
1 154 349
1 469 812
2 148 284
2 433 655
1 437 958
2 342 508
2 134 553
1 696 727
2 158 706
2 763 939
1 747 802
1 551 644
2 6 245
1 536 610
1 233 316
2 62 704
2 21 262
2 298 499
2 220 632
1 157 982
1 594 761
1 242 929
1 695 972
2 65 80
2 697 969
2 214 577
2 146 841
2 256 310
1 63 407
1 321 463
1 87 960
1 647 954
1 748 990
2 631 900
2 75 470
2 367 460
1 309 796
2 312 510
1 482 603
1 402 453
1 220 570
2 483 785
1 606 789
2 568 619
2 424 597
2 218 968
2 319 536
2 75 521
1 152 870
2 357 934
1 389 964
1 38 287
2 41 372
2 426 701
2 625 639
2 542 927
1 207 580
2 139 641
1 56 654
1 170 244
1 136 936
1 551 944
2 259 518
2 338 702
2 743 868
2 556 945
2 805 844
2 278 420
2 472 639
2 374 389
2 46 709
1 595 712
2 505 996
2 210 522
1 64 602
2 283 352
1 659 712
2 156 650
1 48 457
2 11 718
1 411 570
2 474 512
1 236 862
1 196 317
1 148 933
1 505 833
1 213 311
2 255 868
1 7 465
2 266 330
2 717 889
1 199 771
1 586 910
2 194 426
1 925 977
2 320 843
2 487 745
1 78 342
2 238 635
1 290 308
1 172 759
1 342 710
2 43 356
2 295 629
1 917 968
1 26 112
2 142 684
2 71 241
1 75 534
2 354 583
2 407 898
1 12 769
2 266 612
2 541 809
2 806 904
2 300 953
1 378 795
2 2 716
2 283 306
2 385 815
2 727 913
2 569 605
1 390 590
1 271 346
2 267 993
1 138 648
2 835 990
2 877 988
2 595 895
1 298 745
2 41 740
1 52 287
1 202 704
2 719 839
1 99 895
2 190 704
2 153 450
2 254 785
2 74 248
1 12 816
1 711 779
1 141 549
1 112 813
1 229 732
2 732 813
2 517 918
1 149 798
1 65 87
1 217 393
2 514 618
2 839 909
1 796 925
1 500 792
1 326 978
2 278 461
2 139 485
1 330 619
1 216 490
2 135 523
1 497 870
1 42 233
1 24 726
1 740 813
1 724 791
2 5 621
2 120 656
2 503 896
1 235 568
2 667 725
1 46 740
1 526 647
2 455 941
2 259 432
1 299 833
1 535 857
2 445 958
1 120 947
1 321 325
2 3 786
1 15 823
2 412 767
2 420 649
1 449 796
1 724 978
2 362 981
1 81 440
2 340 503
1 512 810
1 91 293
1 763 789
2 196 456
1 300 560
2 504 665
2 736 827
1 290 611
1 804 876
2 151 890
2 101 568
2 692 891
1 262 409
1 40 163
2 72 717
2 727 834
2 174 939
2 212 701
1 303 938
1 832 842
2 471 750
2 442 890
2 309 924
1 133 262
1 322 645
2 396 668
2 798 934
1 9 501
1 174 231
1 457 463
1 151 357
2 560 719
1 116 432
1 458 654
1 842 980
1 440 732
1 459 736
1 74 256
1 97 975
1 402 491
2 654 982
1 587 803
2 325 417
1 298 604
2 205 794
2 716 979
1 189 354
2 4 46
1 107 879
2 9 775
2 485 961
2 431 566
1 314 714
1 510 941
1 655 986
1 672 938
1 312 459
2 288 675
2 82 944
1 45 234
1 126 390
2 172 871
2 135 476
1 162 268
2 565 766
1 111 429
2 27 345
1 120 343
2 380 532
2 373 831
2 54 265
1 46 923
2 325 740
1 76 270
1 772 784
1 147 158
2 261 522
2 204 894
1 88 466
1 52 877
1 194 254
2 84 167
2 146 377
2 603 995
1 643 921
1 241 739
1 538 984
1 567 800
2 86 925
2 8 357
1 242 353
1 555 580
2 168 974
1 514 928
1 474 679
1 411 576
2 102 943
1 217 815
2 282 483
1 1 403
1 564 781
1 171 952
1 663 712
1 493 839
2 257 415
2 135 999
2 117 719
1 717 753
2 249 735
1 85 380
1 351 548
1 160 788
2 331 773
2 477 515
2 267 378
1 1 953
1 23 401
2 308 887
2 609 873
1 358 499
1 483 815
1 162 979
1 499 627
1 64 132
1 605 824
2 27 722
1 320 511
2 331 547
2 255 771
1 561 844
2 19 512
2 398 500
1 952 997
2 410 766
2 444 706
2 28 650
1 648 884
1 374 526
1 101 861
2 210 635
2 59 854
1 738 777
2 97 481
1 147 404
2 561 919
1 762 981
2 526 561
1 303 926
2 350 474
2 58 159
1 16 142
1 310 752
1 175 706
1 35 707
1 538 792
2 67 736
1 183 561
1 37 569
1 719 781
1 96 331
2 198 703
2 689 981
2 405 861
1 284 356
1 641 688
2 128 333
2 80 278
2 60 210
1 146 155
1 599 866
1 259 647
1 357 758
1 479 537
2 231 407
2 96 193
1 647 790
2 787 875
2 64 296
2 301 841
2 496 701
1 16 351
2 621 864
2 218 272
1 496 865
2 3 394
1 202 538
1 513 997
2 60 281
1 598 684
2 116 541
1 199 258
2 470 664
2 583 778
1 401 495
2 160 429
1 524 946
1 479 784
1 751 975
1 71 340
1 251 853
2 453 626
1 859 987
1 457 506
2 329 824
1 717 752
2 108 117
2 484 701
1 172 735
2 619 645
2 680 949
2 103 562
2 742 869
2 370 586
2 336 369
1 350 705
2 645 673
2 475 937
2 7 219
1 156 181
1 450 761
1 941 978
2 219 277
1 244 312
1 452 953
1 793 802
1 142 166
1 145 720
2 509 663
2 392 812
1 433 735
1 203 530
2 429 738
2 780 942
2 227 333
1 418 907
2 188 304
1 200 459
2 74 650
2 858 877
1 172 918
2 362 414
2 526 575
1 669 755
2 67 814
1 93 400
1 367 901
1 556 882
1 465 844
2 112 387
1 16 52
2 695 809
2 141 346
2 764 783
2 38 564
2 156 521
2 583 853
2 250 525
1 229 258
2 114 524
2 820 892
1 317 612
2 69 886
2 456 902
1 43 208
2 725 726
1 11 522
2 438 867
1 249 845
2 475 580
2 628 823
2 423 507
1 52 620
2 543 742
1 689 928
1 74 786
2 530 753
1 193 716
2 216 512
1 430 775
2 239 670
1 323 663
2 508 640
2 551 689
1 104 219
1 164 913
1 36 153
1 454 768
2 427 564
2 218 522
1 312 744
1 101 439
2 110 555
2 151 824
2 99 764
1 263 496
1 312 838
1 334 844
1 44 909
1 919 979
2 279 787
1 65 207
2 525 633
2 153 160
2 83 345
1 36 567
2 451 539
1 125 497
1 726 841
2 135 519
1 563 671
1 804 861
1 112 836
1 39 238
1 131 194
1 267 941
2 350 516
2 766 866
2 275 501
1 71 178
2 256 616
1 129 706
1 118 746
2 437 907
1 472 775
1 289 292
1 683 945
1 700 750
2 172 681
2 511 971
1 454 675
1 603 611
2 72 239
1 589 847
1 642 932
1 486 501
1 544 673
1 772 773
2 49 510
2 34 348
2 218 452
1 214 827
2 381 538
1 39 836
1 796 924
2 196 428
1 138 992
2 153 176
1 673 972
1 220 491
2 505 693
1 107 462
1 377 520
1 671 789
2 628 780
1 647 783
1 664 919
2 111 156
1 620 853
1 130 656
2 409 512
1 332 459
2 361 913
2 575 905
2 452 978
1 566 742
2 51 397
2 335 729
2 854 917
2 115 331
1 251 465
2 74 579
1 60 562
2 508 658
2 334 838
1 605 730
1 356 590
2 491 928
2 145 589
1 358 476
2 162 859
1 87 742
2 472 600
2 7 120
1 65 308
2 264 679
2 354 573
1 304 644
1 315 534
1 774 872
1 372 619
2 267 564
2 44 480
2 28 247
2 783 958
1 149 180
2 299 565
2 539 849
1 127 390
2 117 955
1 122 939
2 794 924
1 319 520
2 218 322
2 219 332
1 586 628
1 822 840
1 80 406
2 681 843
1 87 950
1 575 946
1 691 881
2 593 781
2 165 533
2 206 739
2 635 801
2 102 934
1 666 682
2 103 848
2 336 750
1 129 386
1 746 789
1 103 897
1 48 276
1 457 789
1 133 215
1 5 497
2 134 488
1 488 820
2 840 861
2 429 869
1 829 951
1 264 598
2 409 545
2 196 895
2 723 912
1 275 495
1 319 718
2 631 958
1 380 788
1 147 505
2 370 912
1 507 684
2 112 750
1 388 580
1 591 840
1 172 213
1 550 698
1 101 337
2 487 857
2 841 887
2 752 847
1 225 784
1 33 679
1 537 886
2 73 283
2 51 774
1 42 519
1 94 744
2 182 783
2 944 953
1 42 235
2 442 885
1 202 616
2 360 540
2 9 895
1 226 739
1 535 872
1 83 767
1 167 293
1 235 337
1 125 485
1 473 859
2 248 817
2 161 956
2 55 893
2 717 843
1 8 922
1 257 260
2 584 793
1 95 699
1 796 947
2 574 815
2 777 883
1 655 733
1 361 990
1 479 713
2 372 855
2 177 915
1 40 650
1 71 617
1 267 899
2 189 387
2 616 925
2 197 643
1 608 653
2 407 461
1 559 904
1 855 999
2 123 870
2 703 727
2 112 838
2 161 887
2 240 844
1 187 258
1 833 974
1 635 741
1 6 133
2 462 693
1 136 931
2 601 738
1 30 86
2 401 996
1 393 478
1 237 822
1 291 477
1 268 404
2 226 884
1 41 848
2 399 784
2 773 884
1 313 912
1 367 786
1 178 320
1 239 838
1 736 755
1 634 924
1 306 946
2 79 610
1 564 738
1 400 549
2 577 677
2 128 668
2 356 922
2 326 672
1 311 896
2 89 991
2 63 142
1 103 738
1 9 997
2 741 963
2 233 383
1 121 874
2 166 611
1 198 979
2 53 172
2 477 986
1 224 829
2 149 286
1 373 513
1 16 624
1 179 534
1 70 652
1 49 475
1 221 665
1 893 936
1 12 257
1 622 746
1 766 946
2 198 710
1 104 390
2 215 661
2 959 982
1 319 391
1 18 491
1 803 961
2 443 772
2 162 706
1 166 513
2 11 338
2 493 769
2 120 787
1 381 928
1 592 910
1 389 896
2 357 758
1 229 660
2 229 928
1 289 428
2 610 856
1 293 351
2 473 966
2 356 712
2 586 775
2 167 854
2 193 988
1 88 901
1 850 860
1 83 963
2 108 468
1 404 492
1 150 788
2 57 413
2 510 679
2 159 965
2 315 338
2 148 399
2 78 658
2 843 966
1 84 265
1 478 986
2 305 350
1 532 931
1 371 553
1 50 876
2 593 626
2 560 606
1 669 875
2 483 598
1 248 485
1 404 697
2 572 788
2 490 994
1 143 398
1 352 918
1 469 684
2 830 868
2 16 139
2 256 359
2 291 581
1 55 657
1 149 661
1 917 971
2 458 857
1 46 495
1 606 870
1 443 995
1 149 753
1 219 278
1 166 585
1 835 938
1 587 623
2 382 923
2 376 430
1 62 544
2 271 721
1 8 864
1 16 517
1 64 762
1 945 969
2 361 531
1 447 640
1 525 861
1 19 400
1 422 792
1 137 649
1 165 562
1 79 235
1 201 698
1 765 854
1 724 896
1 208 453
2 460 501
1 42 965
2 139 806
2 426 489
2 304 545
2 628 997
1 160 856
2 499 730
2 57 63
1 24 325
1 165 924
1 96 570
2 177 523
1 463 643
1 599 774
2 199 309
2 83 429
2 472 770
2 787 1000
1 144 640
2 153 527
1 175 941
2 754 879
1 352 616
1 105 853
1 603 806
1 461 825
2 618 738
1 414 624
1 176 455
2 34 138
2 529 819
1 48 151
1 162 474
2 36 600
2 266 383
1 22 409
2 315 436
2 21 125
2 297 453
1 196 940
1 389 598
2 316 464
1 315 647
2 365 871
1 741 903
1 465 540
1 160 908
2 220 309
2 328 577
1 547 655
2 520 922
1 343 620
1 112 221
1 606 881
2 67 912
2 19 111
2 5 74
1 361 454
1 252 280
2 833 837
2 120 343
2 310 915
2 847 948
2 14 784
2 540 641
2 83 298
2 123 333
1 634 745
1 237 529
1 60 264
2 448 933
1 551 721
1 193 211
1 254 497
1 455 934
1 31 380
1 115 240
1 458 872
1 373 694
2 237 723
2 261 916
1 190 934
2 404 522
1 76 663
1 417 680
1 501 807
1 2 292
1 441 871
1 222 260
2 146 241
1 638 786
1 149 693
1 86 613
1 376 664
2 52 357
1 72 760
2 109 498
2 151 461
2 253 430
2 206 928
1 548 826
1 466 868
1 170 520
1 134 759
1 73 930
2 615 765
2 324 746
1 606 895
1 21 270
2 233 877
2 485 563
1 710 854
1 157 435
1 124 890
1 439 762
2 353 722
2 184 521
2 80 795
2 684 924
1 257 355
2 201 576
2 175 540
1 110 234
1 329 560
1 168 284
2 681 751
2 944 999
1 225 272
2 99 914
2 377 421
1 61 90
1 462 550
2 21 464
1 449 644
1 227 496
2 111 367
2 348 454
2 725 808
1 354 791
2 345 597
2 176 530
2 985 986
1 263 918
1 750 938
1 154 655
2 503 919
2 429 517
1 484 595
2 119 582
2 86 811
1 334 590
2 286 427
1 50 805
1 351 649
