500893
500893
500893
500893
500893
500893
500893
500893
499893
499893
500893
500893
501893
501893
500893
500893
500893
500893
499893
499893
500893
500893
501893
501893
500893
502893
500893
501893
500893
499893
498893
499893
499893
499893
498893
498893
498893
496893
495893
495893
494893
495893
494893
495893
494893
495893
495893
494893
496893
497893
497893
496893
496893
495893
496893
496893
496893
496893
496893
496893
496893
496893
497893
497066
497066
497066
499066
499066
499066
499066
498066
500066
500066
500066
500066
500066
502066
502066
504066
503066
504066
504066
504066
505066
504066
504066
503066
502066
501066
501066
501066
502066
502066
502066
501066
501066
501066
501066
499066
499066
497066
498066
499066
499066
499066
500066
500066
500066
499066
499066
499066
500066
500066
500066
500066
500066
501066
500066
500066
499066
499066
499066
499066
499066
499066
499066
499066
498066
497066
497066
496066
495066
494066
494066
494066
495066
495066
495066
495066
495066
495066
495066
495066
496066
495066
494066
494066
495066
495066
496066
495066
496066
496066
495066
496066
496066
496066
496066
495066
494066
495066
496066
496066
496066
496066
496066
495066
496066
495066
493066
491066
491066
491066
492066
492066
492066
492066
492066
493066
494066
494066
494066
493066
493066
494066
494066
494066
496066
496066
497066
497066
498066
497066
497066
497066
497066
497066
497066
497066
497066
498066
498066
499066
500066
500066
501066
501066
501066
503066
503066
502066
502066
501066
501066
501066
501066
501066
501066
500066
500066
501066
500066
499066
500066
498066
498066
498066
498066
497066
497066
497066
496066
497066
496066
496066
497066
497066
497066
497066
497066
497066
496066
495066
494066
494066
493066
494066
494066
495066
494066
494066
493066
492066
493066
495066
494066
493066
495066
494066
494066
494066
493066
494066
494066
494066
494066
493066
494066
495066
495066
495066
495066
494066
494066
494066
494066
493066
494066
495066
495066
495066
495066
494066
493066
493066
494066
494066
493066
492066
491066
492066
492066
492066
493066
492066
491066
491066
490066
491066
491066
490066
489066
489066
489066
491066
493066
493066
494066
494066
495066
495066
495066
494066
494066
495066
495066
495066
494066
494066
494066
493066
494066
493066
492066
492066
492066
492066
492066
492066
492066
491066
491066
490066
490066
490066
492066
493066
493066
493066
493066
493066
493066
495066
494066
494066
495066
496066
495066
495066
496066
496066
495066
494066
493066
491066
489066
489066
488066
488066
488066
489066
489066
489066
489066
489066
487066
488066
488066
489066
488066
489066
489066
488066
488066
488066
488066
490066
489066
489066
490066
489066
490066
490066
490066
490066
490066
490066
491066
491066
492066
492066
491066
491066
491066
491066
493066
493066
493066
494066
493066
494066
494066
494066
494066
493066
493066
493066
492066
492066
492066
492066
493066
493066
492066
492066
491066
490066
490066
489066
488066
488066
488066
488066
488066
488066
487066
488066
488066
488066
487066
488066
489066
488066
489066
489066
490066
489066
490066
490066
490066
490066
490066
490066
490066
490066
491066
490066
490066
490066
490066
490066
489066
491066
492066
493066
494066
494066
493066
493066
493066
492066
493066
493066
493066
493066
492911
492911
492911
491911
491911
491911
490911
490911
492911
490911
490911
490911
490911
490911
491911
491911
492911
493911
493911
493911
494911
493911
493911
493911
493911
493911
493911
494911
493911
493911
493911
493911
494911
495911
495911
494911
496911
496911
497911
496911
497911
497911
498911
499911
498911
499911
499911
498911
500911
499911
500911
499911
498911
498911
498911
498911
496911
496911
496911
497911
495911
494911
494911
494911
494911
494911
494911
494911
493911
493911
494911
492911
493911
493911
493911
493911
495911
495911
495911
496911
496911
496911
495911
496911
497911
497911
497911
496911
496911
497911
498911
497911
497911
496911
496911
496911
496911
498911
498911
498911
498911
499911
499911
499911
497911
496911
496911
496911
496911
496911
496911
496911
495911
496911
496911
495911
495911
495911
495911
495911
495911
494911
494911
493911
493911
494911
494911
494911
494911
494911
495911
495911
495911
496911
496911
496911
496911
496911
495911
495911
495911
495911
497911
497911
497911
496911
497911
497911
495911
495911
496911
496911
496911
497911
497911
496911
495911
495911
494911
494911
494911
494911
494911
494911
494911
496911
495911
495911
495911
495911
495911
493911
493911
493911
493911
494911
494911
494911
494911
493911
492911
491911
490911
489911
489911
488911
489911
489911
489911
490911
490911
490911
491911
491911
492911
491911
491911
491911
493911
493911
494911
494911
495911
496911
496911
496911
498911
498911
499911
499911
499911
499911
498911
499911
499911
501911
501911
500911
501911
502911
502911
501911
502911
502911
501911
501911
502911
501911
501911
502911
501911
501911
500911
500911
500911
500911
500911
500911
499911
499911
499911
499911
499911
499911
499911
498911
499911
499911
499911
499911
497911
497911
497911
496911
496911
496911
496911
496911
496911
497911
496911
496911
497911
497911
498911
499911
499911
499911
500911
499911
499911
499911
499911
498911
497911
498911
498911
498911
498911
499911
500911
500911
499911
500911
500911
500911
502911
504911
503911
503911
503911
503911
503911
503911
503911
503911
503911
502911
502911
501911
500911
500911
501911
501911
501911
501911
501911
501911
501911
501911
501911
501911
500911
498911
497911
497911
498911
499911
499911
500911
501911
501911
501911
500911
502911
502911
502911
503911
502911
502911
502911
502911
501911
502911
503911
503911
502911
502911
501911
502911
502911
504911
504911
502911
501911
501911
501911
501911
501911
502911
503911
502911
502911
502911
501911
502911
502911
503911
502911
503911
502911
503911
503911
503911
502911
502911
502911
502911
502911
501911
500911
499911
499911
497911
498911
499911
499911
499911
498911
498911
498911
498911
499911
500911
500911
500911
500911
499911
499911
499911
498911
497911
497911
496911
495911
496911
496911
496911
497911
497911
496911
495911
494911
495911
495911
495911
496911
495911
495911
495911
494911
494911
494911
494911
494911
493911
493911
494911
495911
495911
497911
497911
497911
497911
497911
497911
497911
497911
497911
496911
495911
496911
497911
497911
497911
497911
498911
499911
499911
499911
498911
498911
498911
499911
499911
499911
499911
499911
498911
498911
498911
498911
499911
499911
498911
499911
500911
500911
500911
500911
500911
501911
501911
501911
501911
500911
498911
498911
498911
498911
499911
498911
499911
499911
499911
499911
499911
499911
499911
499911
498911
498911
497911
496911
497911
497911
496911
495911
495911
494911
496911
496911
495911
495911
495911
494911
493911
494911
494911
493911
493911
493911
492911
492911
492911
493911
493911
493911
492911
492911
492911
491911
491911
491911
491911
491911
491911
489911
489911
488911
488911
488911
488911
487911
486911
487911
487911
487911
486911
486911
484911
484911
485911
484911
484911
