500409
501409
501409
501409
501409
501409
501409
501409
500409
500409
500409
502409
501409
501409
500409
500409
500409
500409
499409
500409
500409
500409
500409
501409
500409
501409
501409
502409
502409
502409
503409
503409
502409
501409
503409
503409
501409
501409
501409
501409
500409
500409
500409
499409
498409
499409
497409
497409
497409
497409
495409
496409
496409
495409
496409
494409
494409
494409
494409
494409
494409
494409
494409
494409
495409
495409
495409
494409
493409
494409
494409
495409
493409
493409
493409
493409
493409
493409
493409
493409
493409
493409
493409
492409
492409
492409
492409
492409
492409
492409
492409
492409
493409
493409
493409
493409
493409
493409
495409
494409
495409
495409
495409
494409
494409
493800
493800
493800
494800
495800
496800
495800
495800
495800
493800
495800
495800
495800
494800
494800
495800
495800
495800
494800
494800
494800
493800
493800
493800
494800
494800
494800
493800
491800
491800
492800
491800
491800
492800
492800
491800
491800
490800
490800
490800
490800
490715
491715
491715
491715
491715
491715
490715
490715
490715
489715
489715
489715
488715
488715
486715
486715
486715
485715
485715
485715
485715
486715
486715
485715
486715
485715
485715
484715
484715
484715
484715
482715
482715
482715
483715
483715
483715
483715
483715
483715
483715
483715
483715
483715
483715
484715
483715
482715
480715
481715
482715
483715
483715
483715
482715
481715
482715
482715
482715
482715
481715
483715
483715
483715
484715
484715
484715
484715
484715
484715
485715
486715
487715
486715
485715
486715
486715
484715
484715
484715
482715
483715
482715
482715
482715
482715
482715
482715
482715
482715
482715
482715
483715
483715
484715
485715
485715
485715
484715
484715
484715
484715
484715
484715
484715
483715
484715
484715
484715
485715
485715
483715
485715
485715
484715
483715
483715
483715
483715
483715
483715
483715
483715
482715
483715
483715
483715
483715
483715
483715
483715
485715
484715
483715
484715
483715
483715
482715
482715
484715
485715
486715
486715
487715
487715
488715
490715
490715
490715
489715
488715
488715
489715
489715
489715
489715
489715
490715
491715
491715
491715
490715
490715
489715
489715
488715
488715
487715
488715
489715
489715
489715
489715
488715
489715
487715
485715
485715
486715
487715
487715
485715
486715
485715
485715
485715
485715
484715
483715
483715
483715
483715
484715
484715
484715
484715
485715
486715
487715
487715
489715
489715
489715
490715
490715
489715
489715
489715
489715
489715
488715
487715
486715
486715
484715
484715
484715
484715
483715
482715
482715
481715
480715
480715
480715
481715
481715
481715
481715
482715
483715
483715
483715
483715
484715
484715
485715
484715
484715
484715
484715
484715
485715
486715
486715
487715
486715
485715
485715
484715
484715
484715
484715
483715
483715
484715
484715
484715
484715
484715
483715
483715
484715
484715
484715
485715
484715
484715
486715
486715
486715
485715
484715
485715
485715
485715
487715
486715
485715
485715
484715
483715
483715
482715
483715
483715
483715
483715
484715
484715
484715
485715
485715
484715
484715
484715
485715
485715
486715
486715
487715
487715
487715
487715
487715
486715
484715
485715
485715
485715
486715
486715
487715
487715
485715
484715
485715
484715
484715
484715
485715
484715
485715
486715
485715
485715
485715
485715
487715
489715
489715
489715
490715
491715
491715
491715
491715
490715
490715
490715
490715
490715
490715
490715
490715
490715
490715
490715
492715
492715
491715
492715
492715
493715
494715
494715
493715
494715
495715
493715
493715
494715
496715
495715
496715
497715
497715
496715
496715
495715
493715
493715
493715
494715
494715
494715
494715
492715
491715
493715
492715
492715
494715
493715
495715
495715
495715
495715
495715
495715
495715
493715
493715
493715
491715
491715
491715
491715
490715
490715
490715
490715
490715
491715
491715
492715
492715
492715
492715
493715
494715
493715
493715
493715
494715
494715
494715
494715
495715
495715
494715
494715
492715
492715
491715
491715
491715
492715
492715
492715
494715
493715
493715
492715
492715
493715
493715
494715
495715
494715
494715
493715
494715
494715
493715
492715
492715
492715
492715
492715
493715
494715
494715
495715
495715
495715
495715
495715
495715
495715
494715
494715
494715
494715
493715
493715
494715
494715
494715
493715
494715
496715
497715
498715
498715
496715
495715
496715
496715
497715
498715
498715
496715
497715
498715
497715
497715
497715
497715
497715
497715
499715
499715
499715
500715
500715
500715
501715
502715
502715
502715
502715
502715
502715
503715
502715
502715
502715
502715
500715
501715
501715
501715
502715
501715
501715
501715
501715
502715
502715
500715
500715
500715
500715
499715
499715
499715
499715
499715
499715
499715
500715
501715
502715
502715
502715
502715
502715
502715
501715
503715
503715
502715
502715
503715
502715
502715
501715
500715
501715
500715
502715
502715
501715
501715
501715
500715
498715
499715
498715
497715
497715
499715
501715
501715
501715
500715
500715
501715
501715
501715
501715
501715
502715
502715
501715
501715
501715
502715
501715
500715
500715
500715
500715
500715
500715
500715
499715
499715
500715
500715
500715
500715
502715
503715
504715
504715
504715
504715
505715
505715
505715
505715
505715
505715
505715
505715
505715
505715
507715
508715
508715
507715
508715
507715
506715
505715
506715
505715
506715
506715
504715
504715
504715
504715
505715
506715
506715
506715
505715
506715
505715
505715
504715
504715
502715
501715
503715
502715
503715
504715
504715
504715
505715
505715
505715
505715
504715
504715
505715
504715
504715
504715
503715
503715
504715
504715
504715
503715
503715
502715
501715
501715
502715
501715
501715
501715
501715
501715
502715
502715
502715
501715
501715
501715
501715
502715
500715
499715
499715
500715
501715
501715
502715
502715
501715
501715
502715
503715
502715
502715
502715
502715
502715
502715
502715
502715
502715
503715
503715
502715
501715
501715
501715
502715
502715
502715
502715
503715
503715
502715
502715
502715
503715
502715
502715
502715
502715
501715
501715
501715
501715
500715
500715
500715
502715
503715
503715
504715
503715
504715
504715
505715
507715
506715
505715
506715
506715
506715
505715
506715
505715
505715
505715
504715
504715
504715
504715
505715
505715
505715
506715
506715
505715
505715
506715
506715
504715
504715
504715
504715
502715
501715
501715
501715
502715
503715
503715
503715
502715
502715
501715
501715
501715
501715
501715
502715
502715
502715
502715
502715
501715
501715
501715
501715
499715
499715
497715
497715
497715
497715
496715
496715
495715
494715
493715
493715
493715
493715
493715
493715
492715
491715
492715
494715
495715
495715
496715
498715
498715
499715
499715
500715
500715
499715
497715
497715
496715
496715
496715
497715
498715
498715
498715
496715
496715
496715
495715
494715
493715
493715
493715
492715
493715
493715
492715
492715
493715
493715
493715
492715
492715
493715
494715
494715
494715
494715
494715
494715
494715
495715
494715
494715
494715
