1000 1000
692 326 583 653 368 641 868 821 771 191 753 843 152 257 249 400 767 742 900 99 576 473 497 236 197 250 321 630 330 134 841 856 797 861 589 9 44 18 792 433 510 379 393 696 406 13 852 36 656 386 629 380 22 992 793 914 277 725 577 736 399 975 980 637 758 6 906 454 344 182 897 524 407 913 498 195 903 471 67 342 221 331 824 770 720 539 432 198 297 705 516 966 279 172 90 755 112 654 167 945 944 965 551 957 893 290 978 256 857 973 961 680 216 851 212 111 119 402 690 933 138 219 323 730 154 734 896 96 108 987 313 867 860 619 904 984 442 775 164 19 160 941 444 308 977 672 638 151 289 417 922 458 283 129 617 673 842 470 496 935 472 865 659 153 204 661 665 89 666 891 815 911 970 115 78 418 340 513 600 764 548 440 884 880 101 220 97 325 573 106 620 700 667 671 765 24 284 954 537 20 604 267 779 114 87 280 543 598 769 233 546 863 354 238 936 318 607 180 748 882 62 86 526 118 3 878 41 626 623 554 886 784 729 783 872 615 584 969 264 807 181 143 937 858 648 999 92 16 594 762 376 14 693 544 42 459 578 381 571 15 259 135 521 489 847 300 474 240 763 403 525 669 728 107 503 275 91 915 262 883 597 285 528 224 140 826 799 689 439 484 45 467 338 265 593 552 130 743 560 888 139 726 324 538 82 350 879 370 203 349 687 823 378 873 477 812 519 336 463 178 4 447 281 916 226 494 749 202 145 828 698 834 194 572 536 940 431 437 374 875 305 853 8 655 100 709 706 469 818 549 72 929 713 636 534 658 662 456 972 398 460 170 610 595 517 618 50 892 899 998 894 124 962 416 780 337 590 747 822 533 69 391 480 390 735 831 921 424 890 76 328 963 487 568 2 563 348 854 235 535 365 715 515 649 452 131 802 905 123 122 602 165 70 33 388 375 169 176 837 188 332 371 372 311 676 415 707 56 413 806 93 592 53 282 307 34 113 319 174 55 647 789 986 781 817 918 488 117 908 358 808 245 953 483 103 540 362 47 925 251 652 591 423 810 967 71 645 401 910 409 512 739 301 757 644 581 266 312 434 708 206 465 457 88 339 120 887 234 895 586 722 501 293 774 996 367 531 688 10 485 193 396 663 464 445 840 621 683 695 795 343 455 668 292 425 555 12 541 545 175 542 827 252 565 794 356 63 930 244 981 682 874 625 997 902 347 254 727 421 946 276 270 468 81 436 949 183 547 225 335 405 185 932 438 441 302 287 222 772 691 389 491 744 520 369 200 59 603 956 49 642 787 838 329 373 791 163 144 773 717 60 189 950 29 677 273 994 492 955 684 395 156 213 125 68 803 643 341 314 242 26 813 161 223 582 511 901 958 299 738 132 306 829 79 712 585 786 110 750 559 889 760 870 796 414 985 678 17 291 523 611 776 52 495 32 721 364 550 710 109 315 639 751 974 500 718 938 64 11 298 983 701 798 719 209 848 960 506 171 271 850 317 98 61 353 208 333 934 387 377 133 57 601 327 162 246 149 141 635 622 303 660 702 493 248 606 805 864 450 35 241 514 346 613 21 411 320 724 247 410 268 217 836 855 429 919 505 569 580 605 435 351 790 39 508 466 304 58 646 596 229 741 814 567 310 518 745 479 522 752 187 557 628 844 25 924 366 155 218 845 624 634 988 383 142 476 192 23 681 971 159 839 699 255 898 754 158 75 490 7 43 979 272 146 199 243 446 449 917 939 951 253 1 359 239 664 1000 392 740 482 927 38 964 227 205 846 384 394 77 84 211 553 711 228 105 768 426 136 976 704 612 148 723 427 430 733 128 616 215 104 499 952 909 570 982 127 94 881 631 258 190 737 150 179 825 504 269 184 196 703 397 761 920 157 675 481 558 286 507 574 295 995 614 670 360 809 309 788 686 833 428 527 530 177 363 564 931 561 782 816 869 95 640 37 294 54 263 462 697 147 231 102 811 355 230 685 579 778 316 651 322 502 694 288 785 849 529 819 168 419 609 912 907 732 453 486 942 627 650 261 80 959 334 448 475 232 991 412 835 214 599 51 382 121 40 566 352 361 968 989 731 877 532 885 443 5 28 587 756 820 31 575 30 137 65 746 866 608 993 859 871 943 923 556 237 832 674 296 451 166 404 509 632 657 345 73 48 801 928 947 207 83 85 830 186 948 679 278 633 408 990 716 357 862 46 777 461 759 766 478 385 74 66 260 422 804 126 562 274 420 210 27 588 714 876 201 926 173 116 800
498 3 532 177 856 424 740 83 388 49 265 745 308 738 125 605 631 122 7 101 132 260 428 264 374 157 267 942 398 701 647 253 663 941 16 80 214 187 438 704 829 471 171 246 29 272 251 524 741 609 203 331 938 550 884 522 601 805 656 488 801 975 772 193 318 301 726 1000 844 108 659 85 460 149 298 340 556 457 766 723 685 791 427 82 91 25 181 360 810 543 627 577 17 419 679 737 917 690 352 97 539 677 877 862 819 288 863 872 641 89 175 854 10 999 334 452 966 52 346 119 906 484 371 584 164 285 699 664 103 845 508 948 482 291 907 610 222 394 657 525 757 779 167 620 35 788 69 931 376 324 351 226 583 65 231 936 160 673 769 949 55 534 430 168 615 250 61 833 710 415 313 88 952 580 897 268 180 393 100 695 958 596 954 98 496 464 671 189 465 500 911 138 396 436 727 183 965 442 535 454 420 518 217 959 777 475 974 141 207 504 760 105 354 511 879 702 441 402 120 703 412 416 719 794 832 254 306 880 773 483 142 981 950 347 106 889 58 368 146 646 623 365 208 329 891 752 972 728 803 515 874 444 733 102 497 182 64 255 606 366 417 247 746 696 989 84 836 896 731 449 386 983 792 720 492 784 423 512 843 978 448 328 505 481 548 443 192 235 176 109 332 970 486 839 925 985 908 694 133 635 926 616 451 435 228 200 683 717 993 73 935 405 770 236 172 544 990 619 495 545 743 433 687 523 36 629 408 638 929 63 678 782 121 143 151 552 762 636 321 238 252 521 567 590 361 466 586 947 520 973 977 739 74 62 812 191 212 487 364 284 107 165 259 859 549 213 797 953 530 921 519 979 320 124 855 680 602 273 411 336 684 248 735 604 987 820 587 614 900 968 413 789 309 19 170 756 286 71 930 554 353 811 229 474 13 885 468 732 349 156 662 651 561 60 998 708 54 139 215 274 721 370 290 18 299 11 325 404 725 711 281 241 414 982 529 224 348 654 700 343 14 607 31 808 750 984 216 714 976 418 507 333 913 591 781 831 369 564 315 553 674 718 617 501 730 38 996 409 116 68 633 310 892 918 403 841 969 661 447 899 835 747 407 817 287 327 293 190 914 648 391 538 675 178 40 751 445 195 995 562 233 2 724 765 92 551 688 816 815 763 603 469 857 776 237 295 262 244 117 338 439 666 147 128 813 20 944 919 319 621 279 56 440 686 489 821 339 144 201 793 971 126 510 205 162 927 823 234 565 840 846 783 847 300 916 546 297 322 642 220 869 814 865 431 670 57 799 67 764 598 118 50 571 883 48 513 864 383 478 802 94 881 853 838 842 761 72 533 375 997 767 632 566 194 127 45 582 807 210 858 568 866 825 630 179 625 774 152 748 613 517 618 399 860 22 537 611 903 709 21 303 650 848 422 32 39 335 894 43 818 734 219 939 266 70 909 154 93 113 5 292 356 6 669 1 597 658 940 316 381 905 612 379 461 660 173 76 26 51 307 516 588 578 344 397 693 66 199 878 270 667 271 78 59 429 480 155 296 852 626 509 886 47 716 129 12 526 134 639 148 196 960 114 257 453 312 882 317 937 185 736 426 15 390 406 326 780 644 834 261 459 463 967 506 485 581 787 275 491 218 771 350 705 514 547 87 827 924 437 159 46 722 713 594 643 372 202 258 276 575 9 946 337 211 86 754 367 280 289 956 401 851 230 957 385 389 861 462 692 240 206 302 655 592 204 421 557 706 277 689 902 527 888 698 314 378 768 541 806 775 490 887 951 476 795 477 145 304 676 305 99 901 652 41 542 24 563 682 569 239 112 400 915 574 540 640 934 585 380 608 90 922 8 758 458 81 668 503 110 135 800 493 528 294 34 912 341 472 933 4 115 945 624 111 963 392 665 225 209 197 923 373 715 595 130 37 920 600 499 153 749 649 395 560 986 589 282 123 502 30 943 384 263 599 42 227 837 637 759 77 691 868 804 283 223 245 434 910 961 358 681 446 895 742 161 362 558 992 467 785 410 377 826 555 174 559 809 355 876 572 455 707 278 988 456 622 890 778 980 875 536 269 697 893 796 645 830 470 131 158 79 994 786 104 850 871 634 44 755 342 169 75 163 188 932 363 186 136 904 23 790 828 243 221 531 27 140 28 53 198 473 873 345 579 311 387 955 824 593 928 425 672 232 166 256 729 867 712 898 137 323 576 479 822 653 432 249 744 184 382 573 359 849 494 870 962 357 450 33 628 96 95 330 798 570 964 242 753 150 991
2 411 852
1 299 911
2 294 600
1 201 459
2 496 543
2 185 282
2 510 759
1 135 360
2 648 776
1 474 823
2 285 800
2 74 515
2 55 394
2 222 941
1 256 498
1 689 735
1 887 910
1 316 506
2 148 406
2 320 632
1 724 736
2 897 898
1 483 591
1 214 331
1 79 186
1 182 198
2 345 677
1 22 946
2 297 581
1 147 507
1 10 263
2 681 724
1 563 691
1 427 711
2 567 927
1 335 668
2 55 248
1 572 632
1 530 756
1 660 902
1 238 558
1 12 976
1 479 837
1 690 862
2 567 722
2 561 625
2 261 666
1 912 982
1 284 364
1 422 697
1 331 942
2 119 926
1 263 569
1 249 299
1 66 542
1 556 894
1 442 491
2 443 702
2 380 536
2 764 918
1 605 624
1 359 381
1 438 696
1 548 794
2 486 995
2 611 715
1 25 322
2 180 962
2 197 921
1 234 858
2 559 922
1 269 424
2 142 281
2 207 617
1 225 582
1 196 662
1 443 835
1 409 693
1 23 556
2 112 929
2 14 659
1 18 101
2 6 232
2 185 374
2 694 857
1 116 349
1 196 334
1 392 833
2 84 852
2 608 778
1 211 283
2 191 352
1 893 914
2 234 548
2 265 795
2 51 265
2 174 878
2 420 856
1 497 743
2 22 970
1 199 474
2 270 290
2 53 934
2 184 330
2 538 637
1 264 892
2 422 823
1 301 485
2 277 538
2 545 991
1 277 476
1 11 711
1 7 507
2 394 604
1 194 635
1 122 900
2 85 316
1 56 661
1 407 613
2 36 813
1 505 969
1 300 939
2 11 987
1 13 161
1 40 860
1 68 648
1 454 713
1 11 87
1 130 403
2 208 420
1 790 860
1 376 580
2 527 963
1 469 936
1 494 540
2 716 997
1 250 451
2 595 688
1 162 499
1 139 846
1 794 905
1 547 861
2 307 426
2 214 639
2 533 907
2 488 745
1 76 166
1 587 896
2 102 507
2 225 896
2 41 295
1 572 977
2 331 880
2 656 858
1 310 366
2 508 636
2 612 968
1 416 446
2 8 482
2 138 174
2 538 948
1 38 264
1 183 217
1 146 403
2 652 911
1 29 152
2 91 949
2 192 420
2 533 755
2 266 330
1 297 478
2 473 966
2 460 878
2 180 887
2 691 854
1 740 841
1 187 956
1 655 662
1 146 479
1 384 515
1 259 675
2 509 785
2 414 749
2 1 22
2 52 540
2 682 760
1 648 703
2 755 863
1 169 873
2 448 638
2 760 942
1 485 743
1 617 670
2 90 655
2 781 964
2 611 629
1 479 507
2 587 919
2 574 880
1 241 780
2 517 559
2 574 581
2 138 793
2 408 422
1 208 306
2 752 963
1 612 882
1 39 948
2 85 130
1 451 577
2 100 237
2 143 995
1 249 590
2 515 776
1 352 749
2 158 467
2 460 935
1 672 680
2 134 392
2 12 913
2 774 917
2 653 774
2 14 130
2 179 754
2 529 636
2 469 905
1 24 572
1 608 996
2 929 991
1 493 555
2 389 967
2 198 979
1 32 174
1 10 700
1 881 965
2 481 869
2 486 755
1 70 77
2 484 861
1 28 536
2 633 785
1 50 361
1 140 737
1 71 79
1 430 870
2 913 914
1 197 311
1 296 662
2 769 951
2 665 861
1 61 215
1 213 655
2 318 596
1 89 404
2 322 903
1 354 405
1 100 362
2 67 870
1 987 988
2 752 953
1 921 987
2 150 706
2 281 549
1 82 86
2 287 357
2 127 432
2 895 910
1 133 577
1 38 977
2 253 418
2 675 723
2 143 352
2 776 814
1 766 825
2 81 499
2 180 816
1 194 263
2 357 723
2 491 905
1 762 880
1 790 814
1 617 956
2 525 643
2 1 301
2 38 447
1 208 594
1 248 380
2 672 788
2 246 918
2 489 976
1 70 245
1 294 973
2 399 664
2 333 751
2 190 384
1 103 425
2 79 155
1 81 678
2 165 264
2 378 388
1 528 625
1 164 419
2 360 964
2 26 102
2 65 901
1 137 442
2 47 252
1 60 308
2 144 577
1 492 790
2 801 873
2 39 976
2 240 941
1 3 545
2 428 978
1 671 676
2 154 257
2 290 968
2 410 944
2 584 920
1 126 245
2 314 738
2 657 993
2 2 973
1 138 165
1 152 472
1 454 964
1 155 473
1 291 946
1 39 274
2 208 625
1 24 173
2 754 859
2 181 260
2 423 643
1 41 683
2 64 679
2 606 777
1 62 142
1 227 769
1 300 928
1 43 787
1 28 175
2 618 930
1 410 424
2 20 236
1 161 591
1 171 256
1 462 640
1 164 777
1 34 412
1 503 817
1 604 725
1 159 875
1 429 597
2 262 497
2 48 834
1 183 399
1 300 438
2 391 399
1 118 732
2 5 723
2 530 875
1 447 730
1 52 776
2 121 234
2 269 695
2 505 640
1 810 903
1 245 781
1 413 619
1 890 983
2 487 534
1 505 657
1 712 865
2 105 115
2 49 821
2 524 773
1 142 949
2 552 712
1 724 836
2 229 462
2 235 558
1 269 364
2 35 623
1 400 731
2 396 747
2 240 963
2 182 494
1 353 515
2 479 922
2 170 418
2 53 477
1 356 364
2 56 309
2 489 583
2 11 850
1 529 920
1 620 884
2 760 926
2 25 760
2 201 706
2 227 584
1 142 486
2 209 577
1 498 564
1 563 750
2 334 426
2 381 430
2 75 387
2 328 721
2 138 223
2 926 985
2 427 692
2 307 484
1 934 974
1 242 622
2 803 814
2 104 148
2 618 777
2 376 862
2 18 930
2 253 677
2 390 760
1 191 298
2 388 939
1 229 720
1 179 333
1 939 941
2 489 853
2 43 681
1 868 996
2 141 609
2 295 583
1 401 626
2 393 619
1 129 367
2 734 891
1 745 838
2 187 809
2 610 961
1 182 977
1 161 531
2 56 264
1 609 830
2 19 981
1 459 745
2 479 952
2 538 666
2 430 693
1 143 451
2 69 414
1 80 287
1 198 526
2 7 916
2 154 522
2 667 749
1 744 952
1 59 633
1 40 574
2 123 604
1 681 923
1 126 394
2 598 624
1 12 70
2 135 989
2 460 525
2 192 447
2 136 284
1 29 646
2 145 204
1 370 865
2 210 327
2 121 540
2 722 900
2 437 778
2 314 662
2 780 974
1 288 605
2 71 185
2 163 285
2 710 963
1 109 499
1 745 863
2 602 691
2 605 833
1 165 973
2 421 857
1 356 657
1 360 583
2 201 758
2 441 652
2 108 318
1 376 956
1 320 738
2 143 964
1 20 700
2 35 276
2 118 807
2 140 359
2 224 893
2 58 145
2 818 984
1 120 966
2 159 664
2 127 146
2 370 417
1 539 805
1 501 661
1 375 734
1 226 891
2 103 984
1 78 335
2 21 989
2 412 485
1 377 609
2 562 994
2 278 762
2 296 394
2 604 694
2 772 942
1 158 471
1 327 834
2 520 967
2 212 860
2 420 443
2 172 757
1 424 939
2 721 970
1 397 485
2 327 442
2 474 618
1 279 391
2 427 429
1 68 412
2 621 961
2 176 463
1 635 996
2 401 979
2 440 792
1 553 924
1 43 451
2 185 419
1 126 762
1 235 349
1 238 992
2 295 549
1 205 338
2 19 247
2 199 576
1 31 418
2 217 899
2 176 910
2 118 996
2 675 951
1 395 526
1 395 864
2 221 836
1 568 678
1 231 447
2 537 833
1 593 595
1 453 694
2 60 182
1 179 618
1 798 849
2 33 792
1 551 878
2 521 926
2 351 984
1 224 622
2 255 547
1 203 624
2 72 130
1 119 245
2 115 786
2 749 799
1 164 583
2 534 789
1 513 878
2 599 896
2 6 126
1 166 421
2 876 878
1 285 994
1 30 687
1 532 931
2 570 697
1 554 604
1 375 747
1 127 949
2 33 37
2 7 592
2 245 914
1 32 868
2 435 958
2 561 969
1 129 512
1 55 134
1 461 572
2 127 679
1 944 974
2 204 828
2 405 897
1 166 266
2 431 994
2 459 733
1 245 629
2 399 830
1 186 882
1 661 837
2 263 999
1 616 840
2 145 352
2 250 804
2 257 968
2 395 412
1 693 906
1 224 356
1 669 900
1 211 574
1 246 868
1 60 286
1 404 872
1 136 733
2 403 507
1 153 899
1 286 982
2 250 951
1 571 895
2 186 900
2 384 837
1 828 848
2 609 635
1 644 700
2 436 449
2 445 901
2 104 408
1 323 324
2 315 357
2 499 547
2 588 718
2 15 662
1 500 601
2 39 615
1 55 910
1 531 939
1 100 212
2 115 910
2 706 875
2 816 896
1 329 761
1 35 924
1 165 607
2 191 877
1 303 706
1 684 862
2 7 950
2 817 869
1 407 551
2 85 118
2 412 987
1 8 879
2 364 617
2 640 889
1 467 548
2 284 934
2 541 642
1 131 203
1 292 445
1 359 742
1 169 598
2 776 945
1 139 280
1 646 916
1 422 555
2 132 584
2 531 799
2 161 535
2 577 986
1 319 702
2 253 891
2 25 642
1 227 332
1 534 726
2 225 984
2 576 854
1 104 510
2 404 435
2 275 542
2 566 608
1 649 657
1 630 752
2 210 827
2 220 885
1 329 751
1 868 911
2 294 661
2 529 848
1 397 618
2 337 665
2 371 617
1 109 216
2 94 122
1 551 686
2 371 529
1 298 776
2 426 737
1 364 389
1 130 804
1 50 952
1 12 486
1 182 940
1 421 722
2 580 745
1 220 292
1 421 658
1 451 844
2 156 941
1 401 733
1 90 614
2 266 520
1 142 612
2 180 653
1 131 306
2 47 821
2 825 949
1 191 831
1 165 946
2 222 721
1 661 665
1 16 182
1 225 696
1 30 686
1 310 491
2 345 483
2 285 682
2 434 760
2 204 487
2 258 661
1 366 847
1 323 549
1 165 327
2 962 986
2 523 607
1 51 813
1 227 899
2 189 342
2 52 672
2 26 238
2 420 991
2 551 637
1 74 430
2 5 736
1 52 842
2 147 449
2 387 776
1 142 975
2 361 476
1 218 624
2 337 766
1 16 490
1 164 314
2 45 138
2 529 608
1 141 250
2 887 993
2 430 969
1 29 371
1 145 753
2 37 634
2 461 629
2 217 376
2 188 934
1 525 759
2 398 813
1 138 387
1 626 816
2 439 610
1 363 631
1 561 586
1 83 682
2 213 737
2 726 939
1 774 831
2 380 750
2 558 666
1 54 809
1 612 846
1 505 534
1 368 680
2 406 453
2 21 249
1 101 842
1 361 930
1 19 726
1 329 610
1 198 602
2 58 897
1 160 616
1 29 184
1 176 681
2 121 415
1 274 298
1 261 349
1 327 811
1 431 632
2 621 781
1 101 507
1 218 657
1 24 704
1 533 860
1 417 860
2 147 694
1 24 942
2 375 486
2 142 167
2 215 708
1 702 985
1 67 166
1 143 371
2 302 589
2 706 798
1 91 324
1 50 249
1 360 590
1 474 587
2 84 830
1 593 783
1 611 650
2 498 874
2 426 869
2 450 719
2 278 305
1 204 726
1 592 673
1 410 675
1 794 981
2 176 215
2 430 898
2 477 789
1 265 843
1 275 594
1 321 569
1 503 971
1 269 341
1 649 873
2 351 379
2 430 732
1 50 321
1 216 644
1 467 551
2 898 954
2 65 211
1 69 735
2 614 835
1 632 751
1 34 76
2 80 680
2 28 655
2 51 296
1 20 810
2 2 278
2 57 753
2 145 493
2 431 659
2 70 413
2 27 514
1 240 655
2 263 692
2 195 719
2 93 959
2 385 529
2 605 941
1 349 557
2 36 436
1 85 342
2 863 878
1 232 744
2 853 881
2 285 335
1 490 954
2 265 898
1 185 667
1 655 856
1 11 621
2 629 689
2 216 297
1 209 961
1 429 666
1 348 522
2 304 740
2 117 908
2 200 849
2 458 926
1 571 662
1 234 788
1 119 806
2 79 928
2 500 659
1 266 572
1 43 903
2 53 426
2 865 967
1 402 698
1 574 741
1 276 691
1 879 954
1 331 841
1 86 126
1 732 868
2 700 867
1 475 677
1 685 761
1 478 494
1 201 967
1 399 665
1 19 334
2 303 892
2 400 621
1 507 724
2 418 713
1 864 908
1 386 831
1 8 599
2 231 973
2 319 810
1 151 172
2 308 405
2 277 794
2 38 960
1 54 337
2 52 196
1 208 542
2 579 981
2 514 700
1 279 475
2 12 837
1 230 969
2 480 509
1 326 430
2 351 544
1 63 739
1 309 997
1 87 919
1 161 764
1 146 988
2 158 628
1 467 822
2 46 636
2 196 442
2 821 828
1 15 484
1 180 863
1 911 925
2 253 775
2 473 632
2 589 804
2 179 881
2 716 778
1 624 803
2 328 397
1 417 949
2 807 842
1 599 617
2 484 864
2 211 845
1 186 358
2 253 726
2 145 716
1 840 894
2 24 135
1 64 461
2 4 742
2 588 635
1 84 838
2 515 919
1 231 538
2 744 878
2 778 893
1 5 549
1 713 999
1 453 861
2 194 315
2 302 328
2 31 916
2 762 861
2 447 924
1 634 926
2 22 870
1 164 293
2 705 806
2 502 874
1 474 871
1 574 792
2 941 947
2 647 956
2 298 662
2 218 459
