508566
509566
508566
508566
508566
508566
508566
508566
508566
508566
509566
509566
509566
509566
509566
510566
510566
510566
508566
509566
510566
511566
511566
510566
510566
510566
510566
510566
510566
510566
510566
508566
508566
507566
506566
507566
507566
506566
507566
506566
506566
504566
504566
505566
505566
506566
506566
506566
507566
507566
506566
505566
505566
505566
506566
506566
506566
506566
506566
505566
504566
503566
502566
502566
502566
501566
501566
501566
501566
502566
502566
502566
502566
502566
501566
500566
499566
498566
499566
500566
499566
500566
500566
499566
501566
500566
500566
500566
498566
498566
496566
496566
496566
495566
495566
495566
495566
497566
497566
497566
497566
496566
497566
496566
496566
495566
495566
495566
495566
495566
495566
496566
496566
497566
498566
499566
499566
499566
499566
500566
500566
500566
501566
499566
499566
499566
499566
499566
500566
501566
501566
501566
500566
498566
496566
496566
497566
497566
497566
497566
496566
496566
497566
497566
498566
499566
498566
498566
496566
497566
497566
498566
498566
496566
497566
497566
496566
496566
497566
497566
497566
496566
496566
494566
496566
496566
496566
496566
496566
496566
496566
495566
495566
495566
495566
496566
497566
496566
495566
495566
495566
495566
493566
493566
492566
492566
492566
493566
493566
493566
494566
493566
493566
494566
494566
494566
495566
495566
496566
496566
497566
497566
497566
496566
494566
494566
493566
494566
494566
493566
493566
492566
492566
493566
493566
494566
494566
495566
496566
495566
493566
492566
492566
492566
491566
491566
490566
490566
490566
491566
491566
492566
494566
494566
494566
494566
494566
495566
495566
495566
495566
495566
495566
494566
494566
493566
493566
493566
493566
492566
492566
492566
490566
490566
490566
490566
489566
490566
490566
488566
487566
486566
487566
488566
488566
487566
487566
487566
487566
487566
488566
489566
488566
487566
488566
488566
488566
487566
485566
486566
486566
487566
487566
486566
486566
486566
486566
486566
485566
486566
485566
485566
484566
484566
484566
484566
484566
484566
485566
485566
484566
483566
484566
484566
483566
484566
483566
482566
482566
482566
481566
482566
483566
483566
484566
484566
484566
484566
484566
483566
483566
484566
485566
486566
485566
486566
486566
487566
487566
488566
488566
487566
487566
487566
487566
487566
487566
488566
488566
489566
489566
489566
490566
490566
489566
490566
491566
491566
492566
492566
493566
492566
494566
495566
497566
497566
497566
497566
497566
496566
496566
496566
495566
495566
494566
494566
494566
494566
494566
492566
490566
490566
492566
492566
492566
493566
492566
492566
493566
493566
494566
494566
495566
496566
497566
495566
495566
496566
496566
496566
494566
493566
492566
491566
492566
493566
492566
492566
492566
490566
491566
491566
490566
490566
491566
491566
493566
493566
493566
493566
492566
490566
492566
492566
493566
493566
492566
491566
490566
490566
490566
491566
491566
490566
490566
490566
491566
489566
488566
490566
490566
490566
489566
489566
489566
489566
489566
489566
488566
489566
488566
488566
487566
487566
487566
487566
488566
488566
487566
486566
486566
486566
487566
487566
487566
485566
485566
485566
486566
486566
486566
487566
488566
490566
490566
490566
491566
489566
489566
489566
490566
490566
490566
490566
491566
489566
488566
489566
489566
490566
490566
490566
489566
489566
490566
490566
489566
489566
488566
487566
487566
488566
490566
492566
492566
493566
493566
494566
493566
492566
491566
491566
491566
492566
493566
493566
492566
491566
492566
490566
488566
488566
488566
488566
487566
487566
486566
488566
488566
488566
488566
489566
491566
490566
490566
489566
489566
488566
488566
488566
488566
488566
488566
487566
487566
487566
488566
488566
488566
488566
488566
486566
488566
488566
489566
488566
488566
488566
488566
488566
488566
488566
488566
489566
488566
489566
488566
488566
489566
488566
489566
490566
490566
490566
490566
490566
490566
490566
490566
491566
490566
491566
491566
491566
492566
492566
491566
490566
490566
490566
490566
489566
489566
488566
488566
488566
490566
490566
490566
491566
489566
489566
489566
489566
489566
488566
489566
489566
490566
489566
487566
488566
488566
488566
489566
488566
488566
486566
486566
487566
487566
488566
488566
488566
488566
488566
488566
489566
488566
488566
489566
488566
489566
488566
488566
488566
488566
487566
487566
485566
485566
485566
485566
486566
485566
485566
485566
486566
487566
486566
485566
485566
485566
484566
484566
484566
484566
484566
484566
483566
485566
484566
485566
484566
485566
485566
486566
486566
486566
486566
487566
489566
489566
489566
489566
490566
490566
490566
489566
490566
491566
490566
490566
488566
488566
489566
489566
488566
488566
488566
488566
489566
489566
489566
489566
490566
491566
491566
490566
490566
490566
492566
492566
492566
493566
493566
494566
494566
495566
495566
494566
494566
492566
492566
492566
491566
490566
491566
489566
488566
488566
488566
489566
489566
487566
486566
485566
486566
486566
486566
486566
486566
486566
486566
487566
487566
486566
487566
487566
487566
485566
485566
485566
484566
484566
484566
484566
485566
484566
486566
486566
485566
484566
484566
484566
486566
486566
486566
486566
486566
487566
487566
486566
486566
486566
487566
487566
488566
489566
488566
489566
488566
489566
489566
489566
489566
490566
490566
491566
491566
490566
490566
490566
488566
489566
488566
488566
487566
487566
488566
488566
488566
488566
488566
487566
487566
486566
488566
487566
488566
487566
487566
487566
487566
487566
487566
487566
488566
488566
488566
487566
487566
487566
485566
484566
484566
484566
483566
483566
483566
483566
482566
482566
480566
480566
480566
482566
482566
483566
483566
483566
483566
483566
484566
485566
485566
486566
485566
484566
484566
483566
483566
483566
483566
484566
485566
485566
485566
487566
487566
486566
487566
485566
485566
484566
484566
483566
484566
485566
485566
485566
485566
484566
484566
484566
483566
484566
484566
484566
485566
485566
487566
486566
485566
483566
482566
482566
483566
484566
484566
484566
484566
484566
483566
482566
482566
482566
482566
482566
483566
484566
486566
485566
485566
484566
483566
483566
482566
482566
482566
482566
482566
482566
482566
482566
483566
483566
483566
483566
483566
484566
483566
484566
483566
483566
484566
484566
485566
485566
485566
484566
483566
484566
485566
485566
486566
486566
486566
486566
484566
484566
483566
483566
483566
483566
483566
481566
481566
482566
482566
482566
481566
481566
482566
482566
482566
483566
483566
482566
481566
482566
482566
482566
482566
483566
484566
485566
485566
485566
487566
487566
487566
488566
488566
488566
488566
488566
489566
490566
490566
491566
491566
491566
491566
493566
493566
493566
493566
494566
494566
494566
495566
496566
497566
498566
498566
498566
499566
499566
499566
499566
498566
499566
500566
501566
501566
501566
500566
500566
500566
500566
500566
500566
500566
502566
501566
500566
501566
499566
498566
