494112
494112
495112
495112
495112
496112
495112
496112
496112
496112
496112
496112
497112
498112
498112
498112
497112
495112
495112
496112
495112
495112
495112
496112
496112
497112
497112
495112
495112
495112
495112
495112
495112
496112
496112
497112
497112
498112
499112
500112
501112
500112
500112
499112
500112
500112
500112
500112
499112
499112
498112
498112
499112
499112
498112
498112
499112
498112
498112
497112
496112
496112
497112
497112
497112
496112
496112
496112
496112
495112
496112
498112
498112
498112
498112
498112
498112
498112
498112
498112
498112
498112
497112
498112
498112
498112
499112
500112
500112
499112
499112
499112
498112
497112
498112
498112
498112
499112
499112
499112
500112
499112
499112
500112
500112
500112
500112
498112
498112
499112
500112
500112
499112
498112
497112
497112
497112
497112
496112
496112
496112
496112
495112
494112
495112
495112
495112
495112
494112
496112
496112
496112
495112
496112
495112
496112
495112
495112
495112
495112
495112
495112
496112
496112
496112
496112
497112
497112
498112
498112
498112
497112
497112
496112
496112
495112
494112
494112
495112
495112
494112
494112
494112
493112
493112
492112
492112
492112
493112
493112
494112
494112
493112
493112
494112
494112
493112
492112
493112
493112
492112
492112
491112
491112
492112
491112
491112
491112
490112
489112
490112
490112
491112
492112
491112
490112
489112
489112
489112
488112
488112
488112
488112
488112
488112
488112
488112
489112
487112
486112
487112
487112
487112
487112
487112
486941
486941
487941
489941
489941
489941
489941
488941
489941
488941
487941
487941
488941
486941
486941
486941
487941
487941
487941
487941
487941
487941
486941
486941
486941
487941
489941
488941
488941
488941
489941
489941
489941
488941
490941
489941
488941
488941
487941
488941
488941
488941
487941
487941
488941
487941
487941
487941
487941
486941
486941
486941
486941
486941
486941
486941
484941
485941
485941
485941
483941
483941
483941
482941
482941
483941
483941
483941
483941
484941
484941
484941
483941
483941
483941
483941
483941
482941
481941
483941
482941
483941
483941
483941
485941
485941
485941
486941
486941
486941
485941
486941
485941
485941
485941
487941
486941
488941
487941
487941
487941
489941
489941
488941
486941
487941
489941
488941
487941
487941
487941
488941
487941
486941
485941
486941
487941
487941
488941
487941
487941
488941
488941
488941
487941
487941
488941
489941
489941
490941
490941
490941
490941
491941
491941
491941
491941
490941
490941
490941
490941
491941
491941
491941
492941
492941
491941
492941
492941
493941
493941
493941
493941
495941
495941
496941
496941
494941
493941
493941
493941
493941
493941
493941
493941
492941
492941
492941
492941
491941
492941
494941
495941
494941
493941
493941
493941
493941
493941
491941
491941
491941
490941
490941
490941
491941
492941
493941
494941
494941
494941
494941
493941
493941
493941
493941
493941
493941
492941
491941
490941
491941
492941
492941
494941
494941
493941
493941
493941
493941
492941
491941
490941
490941
490941
490941
490941
491941
492941
492941
491941
491941
491941
491941
491941
491941
489941
490941
490941
490941
490941
490941
490941
488941
489941
490941
490941
491941
490941
490941
490941
490941
489941
489941
490941
490941
491941
491941
491941
492941
493941
493941
492941
492941
492941
491941
489941
489941
489941
488941
488941
487941
485941
485941
484941
483941
483941
482941
481941
483941
484941
485941
485941
484941
485941
484941
484941
486941
486941
487941
487941
486941
485941
484941
486941
486941
486941
487941
487941
488941
488941
489941
489941
490941
491941
492941
492941
493941
493941
494941
495941
495941
495941
495941
496941
498941
498941
498941
499941
499941
499941
499941
499941
498941
499941
500941
500941
499941
499941
499941
501941
502941
501941
501941
503941
503941
502941
503941
502941
502941
504941
503941
503941
503941
503941
504941
505941
505941
506941
507941
507941
507941
509941
509941
509941
509941
508941
507941
507941
507941
507941
506941
507941
508941
508941
509941
509941
508941
507941
508941
506941
507941
508941
508941
507941
508941
506941
506941
506941
507941
505941
505941
506941
507941
507941
508941
509941
509941
509941
508941
508941
508941
509941
509941
510941
510941
510941
509941
508941
508941
508941
507941
509941
510941
510941
510941
511941
511941
510941
509941
509941
508941
509941
510941
512941
512941
511941
512941
512941
510941
510941
511941
510941
510941
510941
510941
510941
510941
510941
509941
510941
510941
508941
509941
509941
507941
507941
507941
508941
507941
508941
509941
509941
507941
508941
507941
506941
505941
505941
503941
503941
504941
503941
502941
503941
502941
503941
503941
503941
502941
502941
502941
503941
503941
504941
504941
504941
504941
503941
503941
503941
503941
503941
504941
505941
505941
503941
502941
501941
500941
501941
502941
502941
502941
503941
504941
503941
504941
505941
504941
505941
505941
506941
506941
505941
505941
505941
505941
504941
505941
505941
504941
504941
503941
502941
502941
502941
502941
502941
502941
501941
500941
500941
499941
499941
498941
498941
498941
498941
497941
497941
497941
497941
497941
497941
497941
498941
497941
496941
495941
495941
495941
496941
496941
496941
495941
495941
495941
495941
495941
495941
494941
494941
494941
494941
492941
493941
493941
493941
495941
493941
493941
493941
493941
492941
492941
492941
493941
492941
492941
492941
493941
492941
491941
490941
491941
491941
491941
492941
491941
492941
492941
492941
490941
491941
491941
491941
491941
493941
493941
493941
493941
494941
493941
492941
491941
491941
490941
491941
491941
490941
490941
490941
490941
490941
490941
491941
491941
493941
492941
491941
490941
490941
490941
490941
489941
488941
488941
489941
490941
491941
491941
489941
489941
488941
488941
488941
488941
488941
488941
488941
488941
490941
491941
491941
489941
490941
489941
488941
487941
487941
486941
486941
486941
485941
485941
485941
485941
484941
483941
483941
482941
482941
481941
482941
483941
483941
482941
482941
483941
484941
484941
486941
486941
486941
486941
487941
487941
487941
487941
487941
489941
490941
490941
490941
490941
491941
492941
491941
493941
495941
494941
494941
494941
494941
494941
494941
494941
493941
493941
493941
493941
493941
493941
493941
495941
496941
495941
496941
495941
495941
495941
495941
496941
496941
498941
496941
496941
494941
493941
493941
493941
494941
494941
494941
495941
495941
495941
494941
494941
493941
493941
494941
495941
495941
497941
497941
497941
496941
496941
496941
496941
496941
497941
499941
501941
501941
502941
503941
503941
503941
504941
504941
504941
504712
504712
502712
502712
500712
501712
501712
501712
501712
503712
503712
502712
503712
503712
503712
502712
501712
501712
501712
501712
501712
501712
501712
500712
500712
501712
502712
500712
499712
499712
499712
499712
500712
500712
500712
500712
500712
498712
497712
497712
497712
497712
498712
499712
499712
499712
499712
499712
499712
500712
500712
500712
500712
500712
500712
500712
501712
501712
501712
502712
502712
