493907
493907
494907
494907
494907
493907
493907
495907
495907
495907
495907
496907
495907
495907
496907
497907
497907
498907
498907
498907
496907
496907
497907
497907
498907
499907
499907
499907
499907
498907
500907
501907
501907
500907
499907
498907
496907
496907
496907
496907
497907
498907
498907
498907
499907
500907
500907
500907
500907
499907
499907
500907
500907
498907
497907
497907
497907
497907
497907
496907
497907
497907
497907
498907
497907
496907
496907
497907
498907
497907
496907
496907
496907
495907
495907
494907
494907
494907
494907
495907
495907
495907
495907
495907
495907
495907
494907
494907
495907
496907
495907
495907
495907
495907
496907
496907
496907
496907
495907
495907
495907
495907
495907
494907
495907
497907
497907
497907
498907
498907
498907
498907
499907
498907
498907
498907
498907
499907
499907
500907
499907
499907
499907
499907
498907
498907
498907
496907
495907
495907
497907
497907
497907
498907
498907
498907
497907
497907
497907
497907
497907
497907
497907
497907
497907
497907
497907
497907
496907
496907
497907
496907
496907
496907
497907
497907
497907
496907
496907
495907
496907
496907
495907
495907
494907
494907
495907
494907
493907
492907
491907
491907
491907
491907
492907
491907
491907
491907
491907
491907
490907
490907
489907
489907
490907
490907
490907
491907
493907
493907
492907
492907
492907
492907
493907
493907
493907
493907
494907
494907
492907
493907
492907
491907
490907
491907
491907
491907
491907
491907
491907
492907
494907
494907
493907
493907
493907
493907
493907
493907
494907
494907
494907
493907
492907
491907
491907
490907
492907
492907
492907
492907
493907
492907
490907
490907
491907
491907
491907
491907
492907
492907
492907
492907
492907
491907
491907
492907
493907
493907
494907
494907
494907
494907
493907
493907
493907
493907
492907
492907
492907
492907
492907
491907
491907
490907
491907
491907
489907
489907
489907
489907
488907
489907
489907
489907
488907
488907
487907
487907
487907
487907
488907
488907
488907
487907
488907
489907
489907
489907
490907
490907
490907
490907
491907
492907
490907
489907
490907
490907
490907
490907
491907
490907
491907
491907
490907
490907
490907
490907
489907
488907
488907
488907
487907
487907
487907
488907
489907
489907
489907
489907
489907
489907
489907
490907
491907
492907
492907
494907
495907
495907
495907
496907
496907
497907
497907
497907
498907
498907
498907
496907
495907
495907
495907
495907
496907
495907
494907
494907
493907
493907
493907
493907
492907
492907
492907
491907
490907
490907
490907
490907
491907
491907
491907
490907
489907
489907
490907
490907
490907
489907
490907
490907
490907
490907
489907
490907
491907
492907
493907
492907
492907
492907
492907
492907
492907
490907
490907
489907
489907
490907
489907
489907
489907
489907
489907
488907
488907
489907
489907
489907
490907
490907
491907
492907
492907
492907
491907
491907
492907
492907
491907
490907
488907
489907
489907
489907
489907
489907
490907
490907
490907
491907
491907
491907
491907
493907
493907
493907
493907
494907
494907
495907
496907
495907
495907
497907
497907
497907
497907
498907
498907
499907
499907
500907
499907
498907
497907
497907
497907
498907
498907
498907
499907
499907
498907
497907
496907
497907
496907
496907
496907
497907
497907
497907
498907
498907
498907
498907
499907
498907
498907
498907
498907
499907
499907
499907
499907
499907
498907
498907
496907
494907
494907
494907
493907
492907
492907
492907
493907
493907
493907
492907
493907
493907
493907
494907
492907
491907
492907
493907
494907
494907
495907
495907
495907
494907
494907
494907
495907
493907
494907
494907
493907
492907
492907
492907
493907
494907
494907
494907
492907
492907
491907
490907
490907
490907
490907
490907
490907
489907
489907
489907
490907
490907
490907
489907
490907
490907
490907
489907
489907
489907
489907
489907
489907
490907
490907
490907
489907
488907
488907
488907
488907
487907
487907
487907
486907
486907
485907
485907
485907
485907
485907
485907
485907
485907
486907
487907
488907
487907
487907
487907
487907
487907
486907
486907
486907
487907
487907
487907
487907
488907
488907
489907
489907
489907
488907
488907
488907
487907
486907
485907
485907
485907
485907
486907
485907
485907
484907
485907
485907
484907
483907
484907
485907
484907
483907
484907
484907
484907
484907
485907
485907
483907
483907
482907
481907
481907
481907
481907
482907
482907
482907
481907
481907
481907
482907
484907
483907
483907
484907
484907
485907
485907
487907
488907
488907
488907
489907
489907
489907
488907
488907
490907
490907
491907
491907
492907
491907
492907
492907
491907
491907
491907
492907
491907
491907
491907
491907
491907
493907
493907
493907
493907
493907
494907
494907
494907
494907
494907
495907
495907
495907
495907
495907
494907
494907
493907
493907
493907
493907
494907
494907
495907
495907
495907
495907
495907
495907
494907
494907
494907
494907
493907
493907
493907
494907
493907
492907
493907
493907
493907
493907
493907
494907
494907
494907
494907
494907
495907
493907
492907
492907
494907
494907
495907
493907
494907
495907
494907
494907
495907
496907
497907
499907
499907
499907
499907
499907
499907
499907
498907
497907
496907
496907
497907
497907
496907
494907
494907
494907
493907
492907
492907
493907
493907
493907
494907
494907
495907
494907
494907
494907
494907
493907
493907
494907
495907
493907
493907
492907
492907
492907
491907
491907
491907
491907
490907
491907
491907
491907
491907
491907
491907
491907
492907
491907
491907
490907
490907
489907
488907
489907
489907
488907
487907
487907
485907
485907
485907
484907
485907
485907
485907
486907
486907
485907
484907
484907
484907
484907
483907
483907
483907
483907
484907
482907
483907
485907
486907
487907
487907
487907
486907
486907
487907
486907
486907
486907
486907
486907
486907
485907
486907
486907
485907
485907
485907
485907
485907
484907
484907
485907
485907
485907
485907
485907
485907
485907
485907
485907
487907
488907
488907
488907
488907
487907
486907
484907
486907
486907
485907
487907
487907
487907
488907
488907
489907
489907
489907
488907
488907
489907
489907
489907
489907
489907
488907
488907
488907
488907
489907
490907
489907
489907
490907
490907
490907
490907
490907
491907
491907
492907
492907
492907
493907
493907
493907
493907
494907
496907
495907
494907
494907
494907
495907
494907
493907
493907
492907
492907
493907
493907
493907
492907
490907
491907
490907
490907
490907
490907
491907
491907
491907
491907
490907
490907
490907
491907
491907
491907
491907
492907
493907
494907
495907
495907
495907
494907
493907
493907
493907
495907
493907
493907
493907
492907
492907
493907
493907
495907
496907
495907
495907
497907
497907
498907
498907
498907
498907
497907
497907
498907
498907
497907
497907
497907
495907
495907
494907
494907
493907
493907
493907
491907
490907
491907
490907
490907
490907
491907
493907
494907
494907
493907
493907
495907
495907
495907
496907
496907
498907
497907
497907
497907
497907
498907
498907
498907
499907
498907
498907
497907
496907
497907
497907
495907
495907
