1000 1000
837 808 945 138 87 126 458 472 867 284 331 281 821 938 10 893 899 946 354 923 997 110 257 789 470 886 534 950 410 341 493 525 332 558 502 846 794 118 325 719 813 283 756 674 448 122 31 921 600 562 337 905 446 776 755 29 759 942 265 852 807 20 238 343 387 261 317 511 482 125 831 177 900 176 578 995 676 661 956 79 443 199 473 873 301 197 764 304 227 289 77 420 583 156 382 906 1000 947 773 166 62 603 287 843 982 863 334 440 330 937 411 14 453 970 299 700 615 528 4 557 607 248 376 314 939 256 514 782 39 93 930 699 61 221 605 433 230 891 626 21 89 802 991 649 94 461 814 539 95 419 553 576 809 801 894 275 45 286 49 239 469 106 989 277 141 565 342 738 425 66 684 413 381 368 17 822 316 582 726 701 11 554 96 912 545 859 460 648 515 426 72 636 142 395 783 641 254 429 999 622 591 83 450 414 975 399 188 264 710 592 668 608 630 445 25 311 595 184 329 687 220 292 481 616 524 424 191 731 632 804 658 978 491 696 640 928 479 258 5 394 379 252 362 507 544 812 871 969 1 415 581 667 499 543 232 740 508 222 244 235 324 288 629 30 596 198 392 196 962 998 417 861 124 147 686 957 817 423 717 840 955 218 71 486 121 790 215 744 597 459 157 12 683 702 966 739 471 357 765 213 463 784 120 51 161 33 602 879 253 300 163 692 716 732 671 943 78 500 32 9 321 878 123 748 990 552 23 355 67 722 823 378 146 598 965 841 201 266 202 660 293 249 454 651 137 55 650 753 129 718 682 408 897 827 547 799 960 968 888 164 754 842 35 609 189 82 86 452 139 224 46 365 810 259 646 881 519 44 780 663 983 698 442 383 272 992 793 513 931 356 729 240 877 874 911 512 170 767 555 490 180 347 397 134 712 225 929 130 566 529 407 589 761 936 868 178 367 306 250 707 3 713 898 996 830 59 285 396 160 635 214 434 242 934 74 561 749 811 267 68 99 50 190 194 168 517 733 48 839 575 769 520 567 885 386 535 390 391 282 506 212 735 587 746 838 237 418 967 531 76 228 345 352 896 829 7 363 653 152 206 623 866 883 705 697 724 568 633 485 564 291 480 974 876 308 353 103 380 236 994 914 816 223 416 174 550 611 972 374 725 19 127 694 216 183 58 305 135 847 673 752 798 747 625 119 647 475 542 438 803 530 986 904 613 976 271 652 954 75 572 488 351 639 570 851 985 60 18 405 532 585 444 340 737 364 638 771 431 656 467 563 757 895 854 677 826 627 693 948 53 766 497 80 117 389 612 573 270 297 320 70 860 56 980 586 200 709 961 64 131 913 862 91 251 775 549 887 637 229 610 521 580 522 944 762 743 298 63 421 2 26 302 40 806 84 274 422 819 143 307 510 47 691 494 296 742 112 217 875 551 617 848 231 149 151 195 908 115 136 246 41 919 800 484 81 322 181 169 85 537 820 207 503 483 247 758 711 643 65 657 24 171 323 219 465 920 173 241 436 870 310 815 441 540 977 787 973 666 708 478 336 280 234 569 100 849 476 101 925 571 695 853 825 150 909 182 278 37 774 333 770 594 145 273 400 927 516 678 313 750 226 245 910 233 179 690 916 6 959 318 108 685 294 704 858 933 36 148 952 187 964 792 492 358 907 326 621 772 154 133 659 865 268 901 546 963 786 373 27 670 721 211 466 412 620 971 556 203 788 714 979 872 113 155 577 92 69 162 209 57 723 850 642 599 828 845 90 339 864 917 319 360 981 175 689 43 884 371 703 889 618 760 778 22 456 262 953 662 890 644 88 932 538 795 439 309 153 52 645 496 487 315 949 679 619 144 741 435 38 350 796 116 706 655 114 664 606 855 474 834 172 372 401 104 388 370 832 290 449 344 593 447 926 279 720 736 348 295 536 384 614 844 312 208 132 263 987 751 260 727 477 369 924 185 628 167 882 584 715 993 903 243 16 984 159 777 97 28 468 455 634 590 523 377 498 922 489 366 269 958 631 505 109 869 779 140 688 349 915 165 745 734 98 437 393 548 730 13 857 361 462 54 73 833 328 255 186 42 327 856 128 805 880 403 432 988 768 338 681 680 335 375 15 672 430 781 574 624 763 527 588 102 158 107 797 427 559 385 346 835 560 464 892 451 205 902 193 791 210 669 457 654 504 785 303 404 818 601 579 836 204 276 192 402 728 935 501 541 526 406 34 940 398 665 918 409 951 533 428 518 359 509 604 8 111 824 105 941 495 675
76 408 430 51 189 218 478 70 396 10 404 315 803 293 908 19 246 499 801 429 84 589 110 69 311 431 526 196 557 116 692 457 729 48 291 956 586 417 450 631 310 878 573 766 533 882 153 667 20 27 855 769 527 273 257 605 531 537 130 883 473 72 541 403 912 721 160 154 518 673 792 637 13 743 865 621 824 186 708 139 211 624 730 265 860 147 112 127 494 810 371 703 540 181 145 741 906 136 750 725 213 560 645 744 459 53 424 549 16 693 271 1000 362 606 308 753 879 890 993 487 275 859 569 723 561 292 227 422 643 256 843 756 550 448 52 997 593 131 534 545 484 568 41 752 747 726 920 263 65 155 961 804 861 162 626 943 202 567 398 933 965 363 406 596 944 647 369 928 445 226 216 296 481 304 332 300 957 470 815 863 735 451 37 472 490 427 239 953 881 449 421 812 652 930 135 205 192 583 18 460 513 916 419 962 846 443 791 892 905 364 29 314 685 691 416 654 233 554 204 955 581 330 640 164 952 633 180 158 197 611 221 699 289 600 334 120 456 77 999 354 283 666 376 244 375 761 564 888 592 66 123 746 719 469 579 341 343 821 284 604 562 603 505 712 440 772 82 897 200 887 974 413 471 278 503 47 121 412 336 7 287 777 203 990 869 679 945 650 168 790 732 339 98 842 783 669 697 309 722 951 701 466 118 535 44 969 644 841 828 492 264 711 185 582 829 435 468 142 479 439 830 109 707 854 108 678 301 657 4 241 850 700 117 96 984 909 353 326 358 664 662 648 418 137 844 169 736 285 483 377 639 150 223 88 547 240 144 345 837 458 698 919 674 610 171 316 269 357 936 672 832 138 509 530 661 776 932 839 125 676 385 325 232 228 847 367 884 106 361 660 92 834 762 83 172 356 754 991 85 146 99 659 655 444 253 918 797 683 81 551 584 902 14 767 372 705 528 3 383 299 446 24 215 280 749 745 349 663 344 428 217 5 474 261 156 184 234 680 454 267 247 715 190 922 793 632 2 380 809 539 927 365 405 806 183 506 733 963 687 386 355 748 288 191 617 6 926 1 46 607 688 488 11 954 614 681 760 594 795 298 798 635 751 782 324 553 22 973 286 392 588 251 911 634 960 808 899 303 74 28 462 886 249 598 924 321 948 414 381 56 25 929 831 529 485 224 819 709 996 585 38 476 409 970 78 113 426 937 690 62 544 978 359 214 297 222 958 67 950 220 163 814 452 822 61 856 893 618 816 486 57 630 9 91 317 885 80 399 26 538 206 86 152 342 397 167 319 149 651 805 89 695 389 199 175 511 124 876 411 33 823 989 623 871 770 862 784 913 985 401 840 63 407 994 696 670 773 281 425 710 959 219 574 716 327 119 512 917 874 742 576 774 507 489 276 12 677 946 546 572 101 122 394 305 441 794 967 347 274 983 845 423 517 60 461 432 21 415 694 236 759 740 514 277 420 559 849 820 391 608 260 785 671 102 338 453 58 565 320 366 622 787 68 915 491 979 238 934 904 346 438 126 525 612 195 942 658 248 498 266 464 94 789 30 97 148 646 764 368 279 207 262 384 103 571 857 609 986 520 193 170 329 570 45 665 374 331 151 758 778 870 689 129 250 768 992 734 675 178 395 620 105 272 851 889 495 613 194 602 35 532 318 482 848 595 894 187 780 720 542 580 704 510 307 173 31 43 235 465 702 817 921 237 807 294 54 838 895 786 907 157 852 23 254 940 825 64 977 577 718 867 616 176 497 835 141 668 982 868 728 104 763 132 779 714 682 601 555 8 941 114 243 71 788 159 340 128 739 133 210 619 322 188 270 337 290 947 335 115 638 833 282 95 966 477 566 174 166 225 268 976 935 799 352 382 802 972 975 17 706 467 543 208 864 872 880 231 50 939 563 436 32 938 107 328 73 575 731 373 295 587 971 981 306 350 597 198 524 242 896 615 140 771 388 387 212 628 765 433 493 496 500 475 402 93 447 39 312 348 627 508 836 502 724 258 599 522 455 49 781 988 653 302 866 925 40 717 252 437 853 755 245 964 727 501 686 891 42 521 998 370 858 556 400 379 987 182 901 590 313 636 949 59 442 875 209 898 351 523 931 134 79 55 480 410 259 877 378 656 516 775 796 558 75 90 684 100 914 390 323 811 968 161 818 552 177 36 713 515 737 813 649 629 463 255 548 910 230 642 536 333 201 873 903 434 980 827 179 165 34 800 641 229 757 625 900 995 578 923 143 111 15 519 360 504 87 393 738 591 826
1 624 769
1 579 867
1 283 420
2 181 520
2 179 441
1 321 722
1 43 52
2 802 955
2 718 746
1 142 591
1 49 932
1 163 670
1 91 568
1 618 927
1 867 972
1 247 271
1 120 997
1 449 897
2 147 363
1 419 679
1 675 793
1 241 914
2 603 869
1 472 736
2 134 775
1 104 741
1 306 633
1 8 988
1 362 517
2 88 991
1 285 638
2 460 721
2 310 528
1 155 489
1 91 963
2 248 932
2 150 607
1 94 736
2 190 358
1 120 207
1 78 713
1 289 705
1 333 521
2 420 921
2 144 524
1 145 298
1 827 869
1 78 579
1 679 835
1 214 338
1 15 599
1 65 114
1 819 864
1 235 407
2 36 579
2 526 828
2 499 893
1 347 411
2 233 469
2 388 461
2 305 376
1 701 779
2 381 613
2 264 959
2 403 892
1 767 844
2 216 406
1 590 705
2 87 693
1 710 829
2 679 888
2 174 334
1 142 462
2 301 337
1 199 743
1 416 853
1 252 949
2 360 553
1 606 765
2 506 824
1 36 392
1 448 471
2 119 699
1 542 888
1 116 407
1 57 610
1 436 748
1 350 615
1 69 837
2 421 734
2 354 886
1 501 592
1 14 377
1 369 910
1 493 523
1 29 136
1 449 718
2 314 870
2 27 510
1 161 496
1 199 609
2 315 980
2 284 727
1 255 706
1 481 796
2 552 821
1 233 612
2 363 644
1 260 325
1 494 832
2 652 937
2 292 768
1 736 990
2 726 884
2 379 839
2 317 646
2 25 444
1 172 572
2 35 366
1 245 353
1 694 861
1 172 272
2 173 568
1 562 863
1 166 952
1 3 356
2 37 475
2 244 934
2 291 598
2 306 410
2 456 507
1 77 358
1 192 393
1 423 852
1 106 989
2 213 243
2 304 626
1 666 677
1 240 926
2 189 805
2 233 983
1 411 907
2 124 694
1 224 868
2 746 927
1 848 962
2 898 995
1 312 869
2 584 745
2 130 810
2 668 686
1 326 658
1 176 434
2 213 904
1 523 600
1 609 835
1 258 306
1 405 961
1 396 776
2 359 398
2 561 964
2 337 844
1 484 577
2 156 391
1 411 724
1 7 176
1 7 148
2 572 986
1 245 833
1 16 90
1 151 624
2 58 794
2 71 572
1 711 759
2 157 467
1 150 357
1 244 863
2 18 997
2 87 704
1 253 701
1 671 947
1 229 860
1 77 216
1 253 587
1 475 606
1 160 472
2 57 451
2 404 950
1 696 716
1 624 974
2 248 896
2 132 392
2 442 715
2 343 822
2 355 485
2 775 819
1 98 430
2 202 408
1 353 433
2 79 167
2 309 346
1 318 618
1 354 562
2 283 761
1 64 179
2 681 727
2 323 365
1 40 750
1 40 693
1 809 925
2 232 257
2 39 859
1 221 862
1 194 590
2 414 431
2 82 817
2 641 786
1 229 655
1 571 815
1 197 887
1 196 874
1 222 764
1 796 825
1 136 745
2 3 501
2 92 426
2 47 96
2 546 551
2 672 755
1 402 796
2 817 910
2 360 731
1 39 514
1 51 910
1 435 618
2 505 608
2 605 689
2 176 203
2 147 794
2 94 179
2 209 848
1 295 622
2 503 832
1 700 835
1 177 576
2 242 869
1 485 534
2 692 859
2 466 776
1 614 730
2 725 862
1 331 651
2 523 548
1 16 738
1 751 819
2 152 225
2 46 562
1 69 366
1 105 357
2 16 933
2 64 71
2 364 787
2 362 870
1 783 870
2 494 747
2 568 683
2 491 611
1 257 969
2 299 807
1 53 558
1 280 816
2 341 788
1 70 582
2 109 534
2 308 675
1 113 418
2 33 117
1 530 916
1 259 970
1 334 371
2 337 738
1 151 656
2 149 539
1 248 358
2 298 460
2 324 729
1 579 625
1 205 447
2 91 561
2 651 971
2 214 235
2 893 983
1 121 503
1 319 984
2 39 294
1 187 707
1 516 981
2 511 774
2 755 758
2 660 980
1 445 738
2 118 873
2 676 762
1 460 632
2 128 229
2 854 990
2 351 545
2 315 586
2 274 529
2 217 303
2 82 253
2 346 882
2 496 832
1 67 860
1 698 937
2 472 478
1 809 990
1 205 818
2 156 405
1 87 414
2 627 974
1 536 948
2 405 629
1 172 581
2 831 877
1 376 383
1 488 713
2 441 555
1 166 679
1 111 821
1 193 864
1 826 964
2 35 39
1 696 961
2 269 475
1 353 420
1 118 457
1 594 617
1 255 392
2 219 606
1 201 428
1 212 391
1 675 977
1 207 765
2 461 840
1 152 658
2 173 404
1 156 707
1 330 365
1 194 361
1 591 961
2 223 312
1 849 890
2 562 706
2 432 457
1 203 577
2 353 384
2 34 234
2 428 477
1 188 989
1 76 106
1 346 833
1 12 982
2 663 830
1 801 859
2 59 532
2 314 436
2 46 245
1 173 468
2 83 291
1 794 872
2 139 822
1 79 296
1 347 467
2 519 864
2 374 633
2 139 868
2 639 790
2 271 658
1 59 949
1 160 335
1 718 903
2 31 774
1 54 844
1 138 419
2 12 839
1 279 891
1 84 716
2 313 387
2 204 399
1 311 718
2 454 626
2 32 950
2 615 765
2 284 319
1 599 717
2 276 746
1 186 740
2 561 875
2 537 624
2 86 102
1 832 914
1 255 423
1 723 857
1 301 937
1 589 848
2 58 806
2 140 838
2 860 904
2 752 971
2 824 988
1 141 770
2 471 702
2 191 460
2 125 959
2 738 926
2 120 321
2 425 920
2 317 861
2 637 968
2 380 766
2 378 529
1 87 237
2 561 836
2 200 546
2 590 663
2 459 890
2 295 808
2 217 849
1 245 287
1 80 720
2 166 352
2 88 987
1 46 258
2 770 880
2 438 974
2 383 634
2 183 551
2 46 296
1 147 253
2 79 696
1 10 164
2 610 967
2 259 700
2 217 618
1 396 889
1 625 688
1 51 618
2 266 911
2 786 986
2 619 870
2 125 435
1 618 663
2 886 984
2 650 759
2 326 763
2 424 644
1 292 886
2 263 702
1 618 700
1 41 425
1 519 762
2 14 425
1 45 988
1 28 385
1 161 942
2 471 691
2 657 820
1 194 349
2 608 842
2 206 895
2 484 835
2 202 685
2 421 937
2 174 707
1 61 508
2 16 169
1 544 955
1 328 933
2 182 327
2 120 670
2 389 444
2 348 783
1 486 613
2 324 463
2 396 746
1 568 871
2 308 432
1 396 581
2 364 398
1 715 990
2 38 291
2 459 470
2 419 628
2 274 916
1 52 213
2 64 930
2 6 759
1 106 396
2 69 122
2 647 734
1 502 521
1 312 687
2 73 352
2 515 798
2 102 626
1 617 865
2 574 933
2 46 807
2 750 832
1 188 466
1 81 408
2 684 785
1 9 706
2 527 643
1 573 853
2 754 989
2 469 485
2 394 444
1 386 582
1 80 874
1 194 720
2 406 497
2 312 925
2 74 511
1 665 1000
1 356 598
1 8 242
1 62 883
2 454 493
2 228 477
1 840 897
2 194 616
1 401 620
2 71 797
1 355 526
1 870 893
1 438 1000
1 176 267
2 815 826
2 115 362
1 265 927
1 68 662
2 359 999
2 119 886
1 67 162
1 199 645
1 128 469
2 30 271
2 529 837
2 613 913
1 53 398
2 442 526
1 695 937
2 448 502
1 190 432
1 807 888
2 354 598
2 654 904
1 579 982
1 377 895
1 365 759
2 424 837
2 225 637
1 324 490
1 472 841
2 336 799
1 72 632
1 96 885
2 149 571
1 396 975
1 341 660
1 226 700
1 624 651
1 623 781
2 505 688
1 178 988
2 179 469
2 245 542
2 190 340
2 6 400
2 91 171
2 394 894
1 815 947
1 315 320
1 220 695
2 107 582
2 548 580
1 451 569
1 10 575
1 250 541
1 312 444
2 32 793
2 269 457
1 190 554
2 312 639
2 63 292
2 143 753
1 108 641
1 85 558
2 19 585
1 353 659
2 44 580
1 320 615
1 257 601
2 246 277
1 745 989
2 59 288
2 215 216
2 2 609
2 293 692
1 302 655
2 149 566
2 416 626
2 314 541
1 575 604
2 530 957
1 637 774
2 208 319
1 643 865
1 265 451
2 237 703
1 237 519
1 389 760
1 484 819
2 95 330
2 126 423
2 814 954
1 359 839
1 215 496
1 321 669
1 180 329
2 493 797
1 332 954
1 454 912
2 389 499
2 387 711
1 671 774
2 164 392
1 500 963
1 231 514
1 296 349
1 289 542
2 269 798
1 815 860
1 533 676
1 289 300
2 205 296
2 75 556
1 242 949
2 393 866
2 307 466
2 303 948
2 833 963
1 535 543
1 180 803
1 721 938
2 428 855
2 665 834
1 197 301
2 69 740
1 76 453
1 12 512
2 138 989
2 253 517
1 605 658
1 96 563
2 314 735
2 25 31
2 10 704
1 427 658
2 435 848
1 420 913
2 664 921
2 883 947
1 174 460
2 410 943
2 453 984
2 528 540
1 250 818
2 173 682
2 14 104
2 66 181
2 170 539
2 231 906
2 546 778
1 674 719
1 333 698
1 13 176
2 659 907
2 635 781
2 245 942
2 26 773
1 541 803
1 298 981
2 6 634
2 867 986
2 212 606
2 162 296
2 171 330
2 305 987
1 476 899
2 105 164
1 83 527
2 248 431
2 53 734
2 7 251
2 45 813
1 961 991
2 180 773
2 198 524
1 80 706
1 20 761
2 28 285
1 768 841
2 63 397
2 466 770
1 145 225
1 660 852
1 249 812
2 371 481
1 475 485
1 53 680
1 338 625
2 725 871
2 60 993
2 544 708
2 80 515
1 27 368
2 66 896
2 494 681
2 388 500
2 351 640
2 631 712
2 621 931
1 23 977
1 344 957
1 519 642
2 517 691
2 8 977
2 82 333
2 612 784
2 575 766
2 177 931
2 738 895
1 639 844
2 309 698
2 497 633
2 18 686
1 20 547
2 417 466
2 486 629
2 534 812
1 156 481
2 42 476
2 114 313
1 2 311
2 813 818
2 224 949
1 595 930
2 635 878
2 184 471
2 325 681
2 80 402
1 2 901
1 318 428
2 547 631
1 692 811
1 683 716
2 463 543
2 263 790
1 375 572
2 409 653
1 60 137
2 514 664
1 498 717
2 156 478
1 739 998
1 529 584
1 361 453
2 292 655
2 404 555
1 708 839
2 489 750
2 197 913
2 438 668
1 237 797
2 69 597
2 505 953
2 219 839
1 80 113
1 537 736
1 399 702
2 9 758
2 496 984
1 462 888
2 70 508
2 86 307
1 153 485
1 210 409
2 553 845
1 328 376
2 253 547
1 89 681
2 446 847
1 46 304
2 30 371
1 71 842
2 44 594
1 525 601
1 413 520
1 571 631
2 489 948
1 200 325
2 114 515
1 193 734
1 678 961
1 184 699
1 504 589
1 95 206
1 351 901
1 131 311
2 47 293
1 24 183
2 356 773
1 375 610
1 127 755
1 830 926
1 770 788
2 567 769
1 187 951
1 19 205
2 45 531
1 22 910
2 345 985
1 123 923
1 135 816
2 119 362
2 449 871
1 123 504
2 3 619
1 205 964
1 759 857
1 318 402
2 534 563
2 279 735
1 394 960
2 696 749
1 3 619
2 529 612
1 349 689
2 373 415
1 302 963
1 201 508
1 762 950
2 827 958
1 372 412
2 569 811
2 519 566
2 124 459
1 99 358
2 39 689
2 180 740
1 231 990
2 15 465
2 34 277
2 299 949
2 284 632
1 42 303
1 544 690
2 326 391
1 357 603
1 76 443
2 405 828
2 281 694
2 373 480
2 861 985
1 512 545
2 365 568
1 678 872
1 198 458
1 171 699
1 234 560
2 224 373
2 435 832
2 635 818
2 691 860
2 226 241
2 526 686
1 179 735
1 468 592
1 847 974
2 66 607
2 338 405
1 505 974
2 491 845
2 397 938
2 88 945
1 267 403
2 67 135
2 70 619
2 114 322
1 330 657
2 477 523
2 409 423
1 106 694
1 45 841
2 416 614
1 536 806
1 215 872
2 581 601
2 370 697
2 303 642
1 237 361
2 653 840
1 113 225
1 109 133
1 49 848
2 241 518
1 513 929
2 291 305
2 559 852
2 377 567
1 236 762
2 370 639
2 658 996
2 455 892
2 39 751
2 592 967
2 305 630
1 239 824
1 273 416
2 135 493
1 269 975
1 28 371
2 14 32
1 300 304
1 187 816
1 40 316
1 197 637
2 360 789
2 304 776
1 63 822
1 121 785
2 491 754
2 219 520
2 416 571
2 459 963
1 702 862
2 145 823
1 637 811
2 413 596
2 216 265
2 440 751
2 212 294
1 271 573
2 257 467
2 693 865
2 662 904
1 294 750
2 554 707
2 116 879
2 68 382
1 147 655
1 744 779
2 92 207
1 257 451
1 45 601
2 581 839
2 121 894
2 157 903
1 576 926
1 287 548
2 260 467
2 674 831
2 310 538
1 303 842
2 395 702
1 5 974
1 482 572
1 699 957
1 270 990
1 262 450
2 145 176
2 487 953
1 537 600
2 15 760
1 474 682
1 606 655
2 83 845
2 808 883
1 577 658
1 197 714
1 665 876
1 361 949
1 148 638
1 460 710
1 407 804
1 26 892
