0
2000
4000
6000
8000
10000
12000
14000
15000
17000
19000
20000
22000
23000
25000
27000
29000
31000
33000
35000
37000
39000
41000
42000
44000
45000
47000
49000
51000
52000
54000
55000
57000
59000
60000
62000
64000
66000
68000
70000
72000
73000
75000
76000
78000
80000
82000
83000
85000
87000
89000
91000
93000
95000
97000
99000
99000
101000
103000
104000
106000
107000
109000
111000
113000
115000
116000
118000
117000
117000
118000
120000
121000
122000
122000
124000
125000
127000
129000
130000
132000
134000
136000
138000
139000
141000
143000
145000
146000
147000
148000
149000
151000
153000
155000
156000
157000
158000
160000
161000
161000
163000
165000
166000
168000
169000
171000
172000
172000
173000
174000
176000
178000
180000
182000
183000
185000
187000
189000
191000
192000
192000
194000
196000
198000
199000
201000
201000
201000
202000
203000
203000
204000
206000
207000
208000
209000
211000
212000
214000
216000
217000
217000
219000
220000
220000
221000
222000
223000
224000
226000
226000
226000
228000
229000
229000
230000
231000
231000
232000
232000
234000
234000
235000
237000
238000
239000
240000
240000
240000
240000
240000
241000
241000
242000
243000
244000
244000
245000
246000
246000
247000
248000
247000
248000
248000
248000
250000
252000
252000
252000
253000
254000
255000
255000
256000
258000
258000
260000
262000
261000
262000
262000
262000
263000
263000
265000
266000
268000
268000
270000
270000
272000
273000
275000
276000
276000
276000
276000
277000
279000
279000
278000
280000
282000
282000
282000
282000
284000
284000
286000
286000
285000
286000
287000
288000
289000
291000
291000
291000
293000
293000
293000
293000
293000
293000
293000
294000
295000
297000
297000
298000
299000
298000
300000
301000
300000
301000
302000
302000
302000
304000
305000
304000
304000
305000
305000
306000
307000
308000
308000
307000
309000
311000
313000
314000
316000
316000
317000
319000
320000
321000
321000
321000
322000
323000
322000
323000
324000
324000
326000
325000
327000
328000
328000
327000
327000
327000
327000
328000
329000
330000
330000
330000
331000
331000
332000
332000
332000
333000
334000
335000
336000
336000
336000
336000
337000
337000
337000
338000
338000
338000
338000
339000
341000
342000
342000
343000
344000
344000
344000
345000
346000
347000
347000
347000
349000
348000
348000
350000
351000
352000
353000
353000
354000
355000
355000
356000
356000
357000
357000
356000
357000
356000
356000
355000
356000
356000
357000
358000
359000
359000
359000
359000
360000
360000
361000
362000
362000
363000
364000
365000
366000
368000
368000
369000
371000
371000
371000
372000
372000
372000
373000
373000
373000
373000
373000
373000
375000
376000
377000
378000
380000
381000
381000
381000
381000
382000
383000
384000
382000
383000
383000
383000
384000
385000
385000
386000
387000
387000
387000
387000
388000
388000
389000
390000
389000
389000
389000
389000
388000
389000
388000
388000
387000
388000
388000
389000
390000
390000
390000
391000
391000
391000
392000
392000
391000
392000
392000
392000
393000
394000
394000
396000
398000
399000
399000
399000
399000
399000
399000
399000
399000
401000
401000
402000
401000
401000
401000
402000
401000
401000
402000
402000
401000
401000
403000
405000
406000
407000
407000
408000
408000
409000
410000
411000
412000
412000
412000
412000
411000
411000
410000
412000
414000
414000
415000
414000
414000
415000
414000
414000
414000
413000
413000
414000
414000
414000
416000
415000
415000
416000
417000
418000
420000
420000
421000
421000
420000
420000
421000
422000
423000
424000
425000
426000
426000
427000
425000
425000
424000
423000
422000
422000
424000
423000
424000
424000
425000
425000
426000
427000
428000
427000
427000
426000
426000
427000
428000
428000
429000
428000
429000
430000
430000
430000
431000
430000
430000
429000
430000
430000
430000
430000
431000
432000
434000
434000
435000
436000
437000
438000
439000
441000
441000
441000
442000
442000
444000
444000
446000
445000
446000
448000
449000
449000
450000
450000
450000
451000
453000
454000
456000
456000
457000
457000
456000
457000
458000
457000
458000
459000
460000
461000
461000
461000
461000
460000
461000
461000
462000
463000
462000
461000
461000
463000
464000
465000
465000
465000
465000
464000
465000
465000
465000
467000
466000
466000
467000
467000
467000
467000
466000
467000
466000
466000
465000
466000
466000
466000
466000
465000
465000
465000
466000
466000
466000
466000
468000
467000
465000
466000
466000
465000
465000
465000
465000
465000
464000
463000
463000
462000
462000
462000
464000
464000
463000
463000
463000
463000
462000
462000
460000
460000
460000
459000
459000
459000
459000
459000
460000
460000
460000
461000
461000
460000
461000
461000
461000
461000
462000
460000
461000
461000
461000
461000
461000
461000
462000
462000
462000
461000
461000
460000
460000
459000
459000
460000
459000
459000
459000
460000
460000
460000
460000
460000
460000
460000
461000
462000
462000
462000
461000
461000
462000
462000
460000
461000
462000
462000
461000
462000
462000
461000
461000
460000
461000
461000
462000
461000
462000
461000
461000
461000
462000
462000
461000
461000
462000
462000
461000
459000
458000
458000
458000
460000
461000
461000
461000
461000
461000
461000
461000
462000
462000
462000
461000
461000
461000
460000
460000
460000
458000
459000
459000
459000
460000
461000
462000
463000
463000
463000
464000
462000
462000
463000
465000
466000
466000
466000
466000
467000
467000
468000
468000
468000
468000
468000
468000
468000
469000
470000
469000
469000
468000
470000
469000
467000
467000
467000
467000
468000
468000
467000
468000
468000
468000
468000
468000
469000
469000
468000
468000
469000
468000
468000
467000
467000
466000
468000
467000
466000
466000
467000
466000
467000
468000
469000
468000
470000
470000
469000
468000
469000
470000
470000
471000
472000
472000
470000
470000
470000
470000
470000
469422
469422
469422
470422
470422
471422
470422
470422
470422
470422
470422
469422
470422
470422
470422
470422
470422
471422
471422
471422
471422
471422
472422
472422
472422
471422
471422
472422
472422
472422
473422
474422
473422
474422
473422
471422
472422
472422
472422
471422
471422
470422
470422
470422
470422
470422
470422
470422
470422
470422
471422
471422
472422
471422
472422
472422
472422
473422
474422
474422
472422
472422
472422
472422
471422
471422
470422
470422
470422
471422
471422
471422
471422
472422
472422
472422
471422
471422
470422
470422
470422
471422
472422
471422
471422
473422
473422
473422
474422
474422
475422
474422
474422
474422
474422
476422
477422
477422
476422
476422
476422
476422
476422
476422
477422
477422
477422
476422
476422
475422
475422
475422
475422
475422
475422
477422
477422
477422
477422
476422
474422
474422
475422
475422
476422
476422
477422
479422
479422
480422
481422
482422
482422
482422
483422
484422
485422
485422
486422
487422
488422
489422
487422
487422
487422
487422
488422
488422
488422
487422
488422
487422
486422
485422
484422
484422
