123
124
82
215
236
107
132
35
98
92
202
47
108
105
55
79
114
70
106
66
84
107
80
98
54
150
91
178
67
66
58
64
112
84
97
64
116
100
87
152
165
117
132
115
58
111
248
103
130
89
114
94
172
122
109
119
93
136
111
69
162
101
98
109
90
150
119
133
125
125
109
111
120
71
136
143
154
154
102
135
64
158
174
99
96
125
65
97
113
87
112
69
92
117
122
108
156
64
116
75
188
83
42
134
133
105
63
77
82
120
119
91
180
80
85
95
156
167
147
101
64
73
197
118
91
49
103
28
89
89
111
104
105
25
118
64
80
103
55
58
215
264
122
138
47
79
76
84
97
45
133
134
120
59
72
67
164
138
102
132
75
92
105
155
133
112
99
108
101
116
121
157
169
144
133
127
47
103
126
180
143
80
142
102
86
99
113
157
206
96
121
100
56
137
98
115
109
163
125
48
88
99
183
129
110
83
74
152
89
248
89
197
90
190
131
56
96
118
88
84
192
47
228
46
169
24
68
89
82
65
103
27
63
183
36
90
97
132
126
83
120
99
118
97
124
155
193
215
130
114
149
64
214
107
103
93
201
111
217
98
57
113
266
90
145
113
145
145
144
238
62
76
51
54
125
100
80
168
89
176
208
245
53
44
96
152
66
113
100
211
118
154
194
105
138
102
117
105
115
181
66
83
244
86
96
52
125
80
130
215
108
115
197
115
115
151
97
76
125
81
79
104
65
87
76
116
105
136
100
91
85
90
80
142
107
65
72
112
102
80
89
114
169
114
225
161
131
90
69
146
130
114
185
59
112
111
106
167
105
203
171
130
120
101
74
167
94
317
110
102
75
131
81
210
96
132
106
166
190
102
60
129
185
68
109
113
96
161
127
189
175
67
132
120
151
39
70
72
66
147
45
165
79
76
73
204
211
76
133
60
47
88
143
96
122
110
147
182
19
85
76
126
90
136
218
118
85
113
87
102
144
118
89
173
165
92
85
89
128
128
162
59
108
91
48
76
123
129
99
93
113
138
72
163
85
130
84
59
183
97
113
163
203
149
85
120
177
120
89
147
147
191
122
78
134
79
79
144
147
213
150
76
211
100
70
150
122
157
52
96
183
145
136
44
104
191
191
93
123
84
144
130
146
121
115
104
141
51
100
111
90
134
119
91
120
93
101
111
99
49
123
93
176
79
162
129
147
62
168
129
97
109
90
93
32
149
104
155
94
87
86
144
168
156
173
67
223
123
63
62
130
74
159
167
128
153
204
147
62
75
90
65
79
126
58
132
155
78
72
162
196
96
86
62
130
104
132
101
66
92
121
124
159
62
141
74
96
206
188
122
208
76
117
138
115
76
131
157
270
108
92
52
118
128
109
136
38
79
75
105
123
104
121
86
107
150
110
99
123
87
106
123
37
67
103
98
71
71
76
84
78
112
90
161
176
107
42
67
103
75
119
75
76
319
90
122
153
126
81
91
130
207
70
71
127
121
153
186
95
69
141
130
142
130
87
92
54
153
