1999999155000000000
1999996643000000000
1999992481000000000
1999986673000000000
1999979224000000000
1999970140000000000
1999959424000000000
1999947076000000000
1999933096000000000
1999917484000000000
1999900244000000000
1999881380000000000
1999860892000000000
1999838780000000000
1999815044000000000
1999789690000000000
1999762724000000000
1999734146000000000
1999703956000000000
1999672154000000000
1999638741000000000
1999603719000000000
1999567089000000000
1999528851000000000
1999489005000000000
1999447551000000000
1999404489000000000
1999359819000000000
1999313541000000000
1999265655000000000
1999216165000000000
1999165075000000000
1999112385000000000
1999058095000000000
1999002205000000000
1998944715000000000
1998885625000000000
1998824935000000000
1998762645000000000
1998698755000000000
1998633265000000000
1998566175000000000
1998497485000000000
1998427195000000000
1998355305000000000
1998281815000000000
1998206725000000000
1998130035000000000
1998051745000000000
1997971857000000000
1997890375000000000
1997807301000000000
1997722635000000000
1997636377000000000
1997548527000000000
1997459085000000000
1997368051000000000
1997275425000000000
1997181207000000000
1997085397000000000
1996987995000000000
1996889001000000000
1996788415000000000
1996686237000000000
1996582467000000000
1996477105000000000
1996370151000000000
1996261605000000000
1996151467000000000
1996039737000000000
1995926415000000000
1995811501000000000
1995694995000000000
1995576897000000000
1995457207000000000
1995335925000000000
1995213051000000000
1995088585000000000
1994962527000000000
1994834877000000000
1994705636000000000
1994574806000000000
1994442388000000000
1994308382000000000
1994172788000000000
1994035606000000000
1993896836000000000
1993756478000000000
1993614532000000000
1993470998000000000
1993325876000000000
1993179166000000000
1993030868000000000
1992880982000000000
1992729508000000000
1992576446000000000
1992421796000000000
1992265558000000000
1992107732000000000
1991948318000000000
1991787316000000000
1991624726000000000
1991460548000000000
1991294782000000000
1991127428000000000
1990958486000000000
1990787956000000000
1990615838000000000
1990442132000000000
1990266838000000000
1990090360000000000
1989913102000000000
1989735064000000000
1989556640000000000
1989378224000000000
1989199816000000000
1989021416000000000
1988843024000000000
1988664640000000000
1988486264000000000
1988307896000000000
1988129536000000000
1987951184000000000
1987772840000000000
1987594504000000000
1987416176000000000
1987237856000000000
1987059544000000000
1986881240000000000
1986702944000000000
1986524656000000000
1986346376000000000
1986168104000000000
1985989840000000000
1985811584000000000
1985633336000000000
1985455096000000000
1985276864000000000
1985098640000000000
1984920424000000000
1984742216000000000
1984564016000000000
1984385824000000000
1984207640000000000
1984029464000000000
1983851296000000000
1983673136000000000
1983494984000000000
1983316840000000000
1983138704000000000
1982960576000000000
1982782456000000000
1982604344000000000
1982426240000000000
1982248144000000000
1982070056000000000
1981891976000000000
1981713904000000000
1981535840000000000
1981357784000000000
1981179736000000000
1981001696000000000
1980823664000000000
1980645640000000000
1980467624000000000
1980289616000000000
1980111616000000000
1979933624000000000
1979755640000000000
1979577664000000000
1979399696000000000
1979221736000000000
1979043784000000000
1978865840000000000
1978687904000000000
1978509976000000000
1978332056000000000
1978154144000000000
1977976240000000000
1977798344000000000
1977620456000000000
1977442576000000000
1977264704000000000
1977086840000000000
1976908984000000000
1976731136000000000
1976553296000000000
1976375464000000000
1976197640000000000
1976019824000000000
1975842016000000000
1975664216000000000
1975486424000000000
1975308640000000000
1975130864000000000
1974953096000000000
1974775336000000000
1974597584000000000
1974419840000000000
1974242104000000000
1974064376000000000
1973886656000000000
1973708944000000000
1973531240000000000
1973353544000000000
1973175856000000000
1972998176000000000
1972820504000000000
1972642840000000000
1972465184000000000
1972287536000000000
1972109896000000000
1971932264000000000
1971754640000000000
1971577024000000000
1971399416000000000
1971221816000000000
1971044224000000000
1970866640000000000
1970689064000000000
1970511496000000000
1970333936000000000
1970156384000000000
1969978840000000000
1969801304000000000
1969623776000000000
1969446256000000000
1969268744000000000
1969091240000000000
1968913744000000000
1968736256000000000
1968558776000000000
1968381304000000000
1968203840000000000
1968026384000000000
1967848936000000000
1967671496000000000
1967494064000000000
1967316640000000000
1967139224000000000
1966961816000000000
1966784416000000000
1966607024000000000
1966429640000000000
1966252264000000000
1966074896000000000
1965897536000000000
1965720184000000000
1965542840000000000
1965365504000000000
1965188176000000000
1965010856000000000
1964833544000000000
1964656240000000000
1964478944000000000
1964301656000000000
1964124376000000000
1963947104000000000
1963769840000000000
1963592584000000000
1963415336000000000
1963238096000000000
1963060864000000000
1962883640000000000
1962706424000000000
1962529216000000000
1962352016000000000
1962174824000000000
1961997640000000000
1961820464000000000
1961643296000000000
1961466136000000000
1961288984000000000
1961111840000000000
1960934704000000000
1960757576000000000
1960580456000000000
1960403344000000000
1960226240000000000
1960049144000000000
1959872056000000000
1959694976000000000
1959517904000000000
1959340840000000000
1959163784000000000
1958986736000000000
1958809696000000000
1958632664000000000
1958455640000000000
1958278624000000000
1958101616000000000
1957924616000000000
1957747624000000000
1957570640000000000
1957393664000000000
1957216696000000000
1957039736000000000
1956862784000000000
1956685840000000000
1956508904000000000
