1999995505000275247
1999978568001342278
1999944818003468528
1999898560006382782
1999848114009560880
1999797592012743766
1999746994015931440
1999696320019123902
1999645570022321152
1999594744025523190
1999543842028730016
1999492864031941630
1999441810035158032
1999390680038379222
1999339474041605200
1999288192044835966
1999236834048071520
1999185400051311862
1999133890054556992
1999082304057806910
1999030642061061616
1998978904064321110
1998927090067585392
1998875200070854462
1998823234074128320
1998771192077406966
1998719074080690400
1998666880083978622
1998614610087271632
1998562264090569430
1998509842093872016
1998457344097179390
1998404770100491552
1998352120103808502
1998299394107130240
1998246592110456766
1998193714113788080
1998140760117124182
1998087730120465072
1998034624123810750
1997981442127161216
1997928184130516470
1997874850133876512
1997821440137241342
1997767954140610960
1997714392143985366
1997660754147364560
1997607040150748542
1997553250154137312
1997499384157530870
1997445442160929216
1997391424164332350
1997337330167740272
1997283160171152982
1997228914174570480
1997174592177992766
1997120194181419840
1997065720184851702
1997011170188288352
1996956544191729790
1996901842195176016
1996847064198627030
1996792210202082832
1996737280205543422
1996682274209008800
1996627192212478966
1996572034215953920
1996516800219433662
1996461490222918192
1996406104226407510
1996350642229901616
1996295104233400510
1996239490236904192
1996183800240412662
1996128034243925920
1996072192247443966
1996016274250966800
1995960280254494422
1995904210258026832
1995848064261564030
1995791842265106016
1995735544268652790
1995679170272204352
1995622720275760702
1995566194279321840
1995509592282887766
1995452914286458480
1995396160290033982
1995339330293614272
1995282424297199350
1995225442300789216
1995168384304383870
1995111250307983312
1995054040311587542
1994996754315196560
1994939392318810366
1994881954322428960
1994824440326052342
1994766850329680512
1994709184333313470
1994651442336951216
1994593624340593750
1994535730344241072
1994477760347893182
1994419714351550080
1994361592355211766
1994303394358878240
1994245120362549502
1994186770366225552
1994128344369906390
1994069842373592016
1994011264377282430
1993952610380977632
1993893880384677622
1993835074388382400
1993776192392091966
1993717234395806320
1993658200399525462
1993599090403249392
1993539904406978110
1993480642410711616
1993421304414449910
1993361890418192992
1993302400421940862
1993242834425693520
1993183192429450966
1993123474433213200
1993063680436980222
1993003810440752032
1992943864444528630
1992883842448310016
1992823744452096190
1992763570455887152
1992703320459682902
1992642994463483440
1992582592467288766
1992522114471098880
1992461560474913782
1992400930478733472
1992340224482557950
1992279442486387216
1992218584490221270
1992157650494060112
1992096640497903742
1992035554501752160
1991974392505605366
1991913154509463360
1991851840513326142
1991790450517193712
1991728984521066070
1991667442524943216
1991605824528825150
1991544130532711872
1991482360536603382
1991420514540499680
1991358592544400766
1991296594548306640
1991234520552217302
1991172370556132752
1991110144560052990
1991047842563978016
1990985464567907830
1990923010571842432
1990860480575781822
1990797874579726000
1990735192583674966
1990672434587628720
1990609600591587262
1990546690595550592
1990483704599518710
1990420642603491616
1990357504607469310
1990294290611451792
1990231000615439062
1990167634619431120
1990104192623427966
1990040674627429600
1989977080631436022
1989913410635447232
1989849664639463230
1989785842643484016
1989721944647509590
1989657970651539952
1989593920655575102
1989529794659615040
1989465592663659766
1989401314667709280
1989336960671763582
1989272530675822672
1989208024679886550
1989143442683955216
1989078799688027725
1989014125692102187
1988949435696177657
1988884729700254135
1988820007704331621
1988755269708410115
1988690515712489617
1988625745716570127
1988560959720651645
1988496157724734171
1988431339728817705
1988366505732902247
1988301655736987797
1988236789741074355
1988171907745161921
1988107009749250495
1988042095753340077
1987977165757430667
1987912219761522265
1987847257765614871
1987782279769708485
1987717285773803107
1987652275777898737
1987587249781995375
1987522207786093021
1987457149790191675
1987392075794291337
1987326985798392007
1987261879802493685
1987196757806596371
1987131619810700065
1987066465814804767
1987001295818910477
1986936109823017195
1986870907827124921
1986805689831233655
1986740455835343397
1986675205839454147
1986609939843565905
1986544657847678671
1986479359851792445
1986414045855907227
1986348715860023017
1986283369864139815
1986218007868257621
1986152629872376435
1986087235876496257
1986021825880617087
1985956399884738925
1985890957888861771
1985825499892985625
1985760025897110487
1985694535901236357
1985629029905363235
1985563507909491121
1985497969913620015
1985432415917749917
1985366845921880827
1985301259926012745
1985235657930145671
1985170039934279605
1985104405938414547
1985038755942550497
1984973089946687455
1984907407950825421
1984841709954964395
1984775995959104377
1984710265963245367
1984644519967387365
1984578757971530371
1984512979975674385
1984447185979819407
1984381375983965437
1984315549988112475
1984249707992260521
1984183849996409575
1984117976000559637
1984052086004710707
1983986180008862785
1983920258013015871
1983854320017169965
1983788366021325067
1983722396025481177
1983656410029638295
1983590408033796421
1983524390037955555
1983458356042115697
1983392306046276847
1983326240050439005
1983260158054602171
1983194060058766345
1983127946062931527
1983061816067097717
1982995670071264915
1982929508075433121
1982863330079602335
1982797136083772557
1982730926087943787
1982664700092116025
1982598458096289271
1982532200100463525
1982465926104638787
1982399636108815057
1982333330112992335
1982267008117170621
1982200670121349915
1982134316125530217
1982067946129711527
1982001560133893845
