1999999622000015876
1999999162000044856
1999998290000099792
1999997018000179928
1999995349000285075
1999993287000414981
1999990833000569583
1999987987000748881
1999984749000952875
1999981125001181187
1999977156001431234
1999972914001698480
1999968436001980594
1999963722002277576
1999958772002589426
1999953586002916144
1999948164003257730
1999942506003614184
1999936612003985506
1999930482004371696
1999924116004772754
1999917514005188680
1999910678005619348
1999903612006064506
1999896318006524028
1999888796006997914
1999881046007486164
1999873068007988778
1999864862008505756
1999856428009037098
1999847766009582804
1999838876010142874
1999829758010717308
1999820412011306106
1999810838011909268
1999801036012526794
1999791006013158684
1999780748013804938
1999770262014465556
1999759548015140538
1999748606015829884
1999737436016533594
1999726038017251668
1999714412017984106
1999702558018730908
1999690476019492074
1999678166020267604
1999665628021057498
1999652862021861756
1999639868022680378
1999626646023513364
1999613196024360714
1999599518025222428
1999585614026098380
1999571486026988444
1999557134027892620
1999542558028810908
1999527758029743308
1999512734030689820
1999497486031650444
1999482014032625180
1999466318033614028
1999450398034616988
1999434254035634060
1999417886036665244
1999401294037710540
1999384478038769948
1999367438039843468
1999350174040931100
1999332686042032844
1999314974043148700
1999297038044278668
1999278878045422748
1999260494046580940
1999241886047753244
1999223054048939660
1999204000050140062
1999184726051354324
1999165232052582446
1999145518053824428
1999125584055080270
1999105430056349972
1999085056057633534
1999064462058930956
1999043648060242238
1999022614061567380
1999001360062906382
1998979886064259244
1998958192065625966
1998936278067006548
1998914144068400990
1998891790069809292
1998869216071231454
1998846422072667476
1998823408074117358
1998800174075581100
1998776720077058702
1998753046078550164
1998729152080055486
1998705038081574668
1998680704083107710
1998656150084654612
1998631376086215374
1998606382087789996
1998581168089378478
1998555734090980820
1998530080092597022
1998504206094227084
1998478112095871006
1998451798097528788
1998425264099200430
1998398510100885932
1998371536102585294
1998344342104298516
1998316928106025598
1998289294107766540
1998261440109521342
1998233366111290004
1998205072113072526
1998176558114868908
1998147824116679150
1998118870118503252
1998089696120341214
1998060302122193036
1998030688124058718
1998000854125938260
1997970800127831662
1997940526129738924
1997910061131658219
1997879463133585893
1997848761135520119
1997817955137460897
1997787045139408227
1997756031141362109
1997724913143322543
1997693691145289529
1997662365147263067
1997630935149243157
1997599401151229799
1997567763153222993
1997536021155222739
1997504175157229037
1997472225159241887
1997440171161261289
1997408013163287243
1997375751165319749
1997343385167358807
1997310915169404417
1997278341171456579
1997245663173515293
1997212881175580559
1997179995177652377
1997147005179730747
1997113911181815669
1997080713183907143
1997047411186005169
1997014005188109747
1996980495190220877
1996946881192338559
1996913163194462793
1996879341196593579
1996845415198730917
1996811385200874807
1996777251203025249
1996743013205182243
1996708671207345789
1996674225209515887
1996639675211692537
1996605021213875739
1996570263216065493
1996535401218261799
1996500435220464657
1996465365222674067
1996430191224890029
1996394913227112543
1996359531229341609
1996324045231577227
1996288455233819397
1996252761236068119
1996216963238323393
1996181061240585219
1996145055242853597
1996108945245128527
1996072731247410009
1996036413249698043
1995999991251992629
1995963465254293767
1995926835256601457
1995890101258915699
1995853263261236493
1995816321263563839
1995779275265897737
1995742125268238187
1995704871270585189
1995667513272938743
1995630051275298849
1995592485277665507
1995554815280038717
1995517041282418479
1995479163284804793
1995441181287197659
1995403095289597077
1995364905292003047
1995326611294415569
1995288213296834643
1995249711299260269
1995211105301692447
1995172395304131177
1995133581306576459
1995094663309028293
1995055641311486679
1995016515313951617
1994977285316423107
1994937951318901149
1994898513321385743
1994858971323876889
1994819325326374587
1994779575328878837
1994739721331389639
1994699763333906993
1994659701336430899
1994619535338961357
1994579265341498367
1994538891344041929
1994498413346592043
1994457831349148709
1994417145351711927
1994376355354281697
1994335461356858019
1994294463359440893
1994253361362030319
1994212155364626297
1994170845367228827
1994129431369837909
1994087913372453543
1994046291375075729
1994004565377704467
1993962735380339757
1993920801382981599
1993878763385629993
1993836621388284939
1993794375390946437
1993752025393614487
1993709571396289089
1993667013398970243
1993624351401657949
1993581585404352207
1993538715407053017
1993495741409760379
1993452663412474293
1993409481415194759
1993366195417921777
1993322805420655347
1993279311423395469
1993235713426142143
1993192011428895369
1993148205431655147
1993104295434421477
1993060281437194359
1993016163439973793
1992971941442759779
1992927615445552317
1992883185448351407
1992838651451157049
1992794013453969243
1992749271456787989
1992704425459613287
1992659475462445137
1992614421465283539
1992569263468128493
1992524001470979999
1992478635473838057
1992433165476702667
1992387591479573829
1992341913482451543
1992296131485335809
1992250245488226627
1992204255491123997
1992158161494027919
1992111963496938393
1992065661499855419
1992019255502778997
1991972745505709127
1991926131508645809
1991879413511589043
1991832591514538829
1991785665517495167
1991738635520458057
1991691501523427499
1991644263526403493
1991596921529386039
1991549475532375137
1991501925535370787
1991454271538372989
1991406513541381743
1991358651544397049
1991310685547418907
1991262615550447317
1991214441553482279
1991166163556523793
