1999999585000018207
1999998977000056511
1999997812000129906
1999996122000236376
1999993924000374850
1999991220000545202
1999988014000747180
1999984308000980658
1999980102001245636
1999975396001542114
1999970190001870092
1999964484002229570
1999958278002620548
1999951574003042900
1999944374003496500
1999936678003981348
1999928486004497444
1999919798005044788
1999910615005623317
1999900941006232779
1999890779006872985
1999880129007543935
1999868991008245629
1999857365008978067
1999845251009741249
1999832649010535175
1999819559011359845
1999805981012215259
1999791915013101417
1999777363014018193
1999762327014965461
1999746812015942906
1999730830016949772
1999714388017985618
1999697486019050444
1999680124020144250
1999662302021267036
1999644020022418802
1999625278023599548
1999606076024809274
1999586414026047980
1999566292027315666
1999545710028612332
1999524668029937978
1999503166031292604
1999481204032676210
1999458782034088796
1999435900035530362
1999412558037000908
1999388857038494071
1999364999039997125
1999341085041503707
1999317115043013817
1999293089044527455
1999269007046044621
1999244869047565315
1999220675049089537
1999196425050617287
1999172119052148565
1999147757053683371
1999123339055221705
1999098865056763567
1999074335058308957
1999049749059857875
1999025107061410321
1999000409062966295
1998975655064525797
1998950845066088827
1998925979067655385
1998901057069225471
1998876079070799085
1998851045072376227
1998825955073956897
1998800809075541095
1998775607077128821
1998750349078720075
1998725035080314857
1998699665081913167
1998674239083515005
1998648757085120371
1998623219086729265
1998597625088341687
1998571975089957637
1998546269091577115
1998520507093200121
1998494689094826655
1998468815096456717
1998442885098090307
1998416899099727425
1998390857101368071
1998364759103012245
1998338605104659947
1998312395106311177
1998286129107965935
1998259807109624221
1998233429111286035
1998206995112951377
1998180505114620247
1998153959116292645
1998127357117968571
1998100699119648025
1998073985121331007
1998047215123017517
1998020389124707555
1997993507126401121
1997966569128098215
1997939575129798837
1997912525131502987
1997885419133210665
1997858257134921871
1997831039136636605
1997803765138354867
1997776435140076657
1997749049141801975
1997721607143530821
1997694109145263195
1997666555146999097
1997638945148738527
1997611279150481485
1997583557152227971
1997555779153977985
1997527945155731527
1997500055157488597
1997472109159249195
1997444107161013321
1997416049162780975
1997387935164552157
1997359765166326867
1997331539168105105
1997303257169886871
1997274919171672165
1997246525173460987
1997218075175253337
1997189569177049215
1997161007178848621
1997132389180651555
1997103715182458017
1997074985184268007
1997046199186081525
1997017357187898571
1996988459189719145
1996959505191543247
1996930495193370877
1996901429195202035
1996872307197036721
1996843129198874935
1996813895200716677
1996784605202561947
1996755259204410745
1996725857206263071
1996696399208118925
1996666885209978307
1996637315211841217
1996607689213707655
1996578007215577621
1996548269217451115
1996518475219328137
1996488625221208687
1996458719223092765
1996428757224980371
1996398739226871505
1996368665228766167
1996338535230664357
1996308349232566075
1996278107234471321
1996247809236380095
1996217455238292397
1996187045240208227
1996156579242127585
1996126057244050471
1996095479245976885
1996064845247906827
1996034155249840297
1996003409251777295
1995972607253717821
1995941749255661875
1995910835257609457
1995879865259560567
1995848839261515205
1995817757263473371
1995786619265435065
1995755425267400287
1995724175269369037
1995692869271341315
1995661507273317121
1995630089275296455
1995598615277279317
1995567085279265707
1995535499281255625
1995503857283249071
1995472159285246045
1995440405287246547
1995408595289250577
1995376729291258135
1995344807293269221
1995312829295283835
1995280795297301977
1995248705299323647
1995216559301348845
1995184357303377571
1995152099305409825
1995119785307445607
1995087415309484917
1995054989311527755
1995022507313574121
1994989969315624015
1994957375317677437
1994924725319734387
1994892019321794865
1994859257323858871
1994826439325926405
1994793565327997467
1994760635330072057
1994727649332150175
1994694607334231821
1994661511336316869
1994628363338405193
1994595163340496793
1994561911342591669
1994528607344689821
1994495251346791249
1994461843348895953
1994428383351003933
1994394871353115189
1994361307355229721
1994327691357347529
1994294023359468613
1994260303361592973
1994226531363720609
1994192707365851521
1994158831367985709
1994124903370123173
1994090923372263913
1994056891374407929
1994022807376555221
1993988671378705789
1993954483380859633
1993920243383016753
1993885951385177149
1993851607387340821
1993817211389507769
1993782763391677993
1993748263393851493
1993713711396028269
1993679107398208321
1993644451400391649
1993609747402578001
1993574999404767125
1993540207406959021
1993505371409153689
1993470491411351129
1993435567413551341
1993400599415754325
1993365587417960081
1993330531420168609
1993295431422379909
1993260287424593981
1993225099426810825
1993189867429030441
1993154591431252829
1993119271433477989
1993083907435705921
1993048499437936625
1993013047440170101
1992977551442406349
1992942011444645369
1992906427446887161
1992870799449131725
1992835127451379061
1992799411453629169
1992763651455882049
1992727847458137701
1992691999460396125
1992656107462657321
1992620171464921289
1992584191467188029
1992548167469457541
1992512099471729825
1992475987474004881
1992439831476282709
1992403631478563309
1992367387480846681
1992331099483132825
1992294767485421741
1992258391487713429
1992221971490007889
1992185507492305121
1992148999494605125
1992112447496907901
1992075851499213449
1992039211501521769
1992002527503832861
1991965799506146725
1991929027508463361
1991892211510782769
1991855351513104949
1991818447515429901
1991781499517757625
1991744507520088121
1991707471522421389
