1999999672000012726
1999999411000029169
1999998932000059346
1999998254000102060
1999997394000156240
1999996358000221508
1999995146000297864
1999993758000385308
1999992194000483840
1999990454000593460
1999988538000714168
1999986448000845838
1999984186000988344
1999981759001141245
1999979183001303533
1999976467001474641
1999973611001654569
1999970615001843317
1999967479002040885
1999964205002247147
1999960795002461977
1999957249002685375
1999953573002916963
1999949773003156363
1999945849003403575
1999941801003658599
1999937629003921435
1999933333004192083
1999928913004470543
1999924369004756815
1999919701005050899
1999914909005352795
1999909993005662503
1999904953005980023
1999899789006305355
1999894501006638499
1999889089006979455
1999883553007328223
1999877893007684803
1999872109008049195
1999866201008421399
1999860169008801415
1999854013009189243
1999847733009584883
1999841329009988335
1999834801010399599
1999828149010818675
1999821373011245563
1999814473011680263
1999807449012122775
1999800301012573099
1999793029013031235
1999785633013497183
1999778113013970943
1999770469014452515
1999762701014941899
1999754809015439095
1999746793015944103
1999738653016456923
1999730389016977555
1999722001017505999
1999713489018042255
1999704853018586323
1999696093019138203
1999687209019697895
1999678201020265399
1999669069020840715
1999659813021423843
1999650433022014783
1999640929022613535
1999631301023220099
1999621549023834475
1999611673024456663
1999601673025086663
1999591549025724475
1999581301026370099
1999570929027023535
1999560433027684783
1999549813028353843
1999539069029030715
1999528201029715399
1999517209030407895
1999506093031108203
1999494853031816323
1999483489032532255
1999472001033255999
1999460391033987429
1999448661034726419
1999436811035472969
1999424841036227079
1999412751036988749
1999400541037757979
1999388211038534769
1999375761039319119
1999363191040111029
1999350501040910499
1999337691041717529
1999324761042532119
1999311711043354269
1999298541044183979
1999285251045021249
1999271841045866079
1999258311046718469
1999244661047578419
1999230891048445929
1999217001049320999
1999202991050203629
1999188870051093252
1999174654051988860
1999160350052890012
1999145958053796708
1999131478054708948
1999116910055626732
1999102254056550060
1999087510057478932
1999072681058413159
1999057771059352489
1999042781060296859
1999027711061246269
1999012561062200719
1998997331063160209
1998982021064124739
1998966631065094309
1998951161066068919
1998935611067048569
1998919981068033259
1998904271069022989
1998888481070017759
1998872611071017569
1998856661072022419
1998840631073032309
1998824521074047239
1998808331075067209
1998792061076092219
1998775711077122269
1998759281078157359
1998742771079197489
1998726181080242659
1998709511081292869
1998692761082348119
1998675931083408409
1998659021084473739
1998642031085544109
1998624961086619519
1998607811087699969
1998590581088785459
1998573271089875989
1998555881090971559
1998538411092072169
1998520861093177819
1998503231094288509
1998485521095404239
1998467731096525009
1998449861097650819
1998431911098781669
1998413881099917559
1998395771101058489
1998377581102204459
1998359311103355469
1998340961104511519
1998322531105672609
1998304021106838739
1998285431108009909
1998266761109186119
1998248011110367369
1998229181111553659
1998210271112744989
1998191281113941359
1998172211115142769
1998153061116349219
1998133831117560709
1998114521118777239
1998095131119998809
1998075661121225419
1998056111122457069
1998036481123693759
1998016771124935489
1997996981126182259
1997977111127434069
1997957161128690919
1997937131129952809
1997917021131219739
1997896831132491709
1997876561133768719
1997856211135050769
1997835781136337859
1997815271137629989
1997794681138927159
1997774011140229369
1997753261141536619
1997732431142848909
1997711521144166239
1997690531145488609
1997669461146816019
1997648311148148469
1997627081149485959
1997605771150828489
1997584381152176059
1997562911153528669
1997541361154886319
1997519731156249009
1997498021157616739
1997476231158989509
1997454361160367319
1997432411161750169
1997410381163138059
1997388271164530989
1997366081165928959
1997343811167331969
1997321461168740019
1997299031170153109
1997276521171571239
1997253931172994409
1997231261174422619
1997208511175855869
1997185681177294159
1997162771178737489
1997139781180185859
1997116711181639269
1997093561183097719
1997070331184561209
1997047021186029739
1997023631187503309
1997000161188981919
1996976611190465569
1996952981191954259
1996929271193447989
1996905481194946759
1996881611196450569
1996857661197959419
1996833631199473309
1996809521200992239
1996785331202516209
1996761061204045219
1996736711205579269
1996712281207118359
1996687771208662489
1996663181210211659
1996638511211765869
1996613761213325119
1996588931214889409
1996564021216458739
1996539031218033109
1996513965219612267
1996488827221195961
1996463617222784191
1996438335224376957
1996412981225974259
1996387555227576097
1996362057229182471
1996336487230793381
1996310845232408827
1996285131234028809
1996259345235653327
1996233487237282381
1996207557238915971
1996181555240554097
1996155481242196759
1996129335243843957
1996103117245495691
1996076827247151961
1996050465248812767
1996024031250478109
1995997525252147987
1995970947253822401
1995944297255501351
1995917575257184837
1995890781258872859
1995863915260565417
1995836977262262511
1995809967263964141
1995782885265670307
1995755731267381009
1995728505269096247
1995701207270816021
1995673837272540331
1995646395274269177
1995618881276002559
1995591295277740477
1995563637279482931
1995535907281229921
1995508105282981447
1995480231284737509
1995452285286498107
1995424267288263241
1995396177290032911
1995368015291807117
1995339781293585859
1995311475295369137
1995283097297156951
1995254647298949301
1995226125300746187
1995197531302547609
1995168865304353567
1995140127306164061
1995111317307979091
1995082435309798657
1995053481311622759
1995024455313451397
1994995357315284571
