1999999639000000000
1999998735000000000
1999997477000000000
1999995883000000000
1999993953000000000
1999991687000000000
1999989085000000000
1999986147000000000
1999982873000000000
1999979263000000000
1999975317000000000
1999971035000000000
1999966417000000000
1999961463000000000
1999956173000000000
1999950547000000000
1999944585000000000
1999938287000000000
1999931665000000000
1999924741000000000
1999917525000000000
1999910017000000000
1999902217000000000
1999894125000000000
1999885741000000000
1999877065000000000
1999868097000000000
1999858837000000000
1999849285000000000
1999839441000000000
1999829305000000000
1999818877000000000
1999808157000000000
1999797145000000000
1999785841000000000
1999774245000000000
1999762357000000000
1999750177000000000
1999737705000000000
1999724941000000000
1999711885000000000
1999698537000000000
1999684897000000000
1999670965000000000
1999656741000000000
1999642225000000000
1999627417000000000
1999612317000000000
1999596925000000000
1999581241000000000
1999565265000000000
1999548997000000000
1999532437000000000
1999515585000000000
1999498441000000000
1999481005000000000
1999463277000000000
1999445257000000000
1999426945000000000
1999408341000000000
1999389445000000000
1999370257000000000
1999350777000000000
1999331005000000000
1999310941000000000
1999290585000000000
1999269937000000000
1999248997000000000
1999227765000000000
1999206241000000000
1999184425000000000
1999162317000000000
1999139917000000000
1999117225000000000
1999094241000000000
1999070965000000000
1999047397000000000
1999023537000000000
1998999385000000000
1998974941000000000
1998950205000000000
1998925177000000000
1998899857000000000
1998874245000000000
1998848341000000000
1998822145000000000
1998795657000000000
1998768877000000000
1998741805000000000
1998714441000000000
1998686785000000000
1998658837000000000
1998630597000000000
1998602065000000000
1998573241000000000
1998544125000000000
1998514717000000000
1998485017000000000
1998455025000000000
1998424741000000000
1998394165000000000
1998363297000000000
1998332137000000000
1998300685000000000
1998268941000000000
1998236905000000000
1998204577000000000
1998171957000000000
1998139045000000000
1998105841000000000
1998072345000000000
1998038557000000000
1998004477000000000
1997970105000000000
1997935441000000000
1997900485000000000
1997865237000000000
1997829697000000000
1997793865000000000
1997757741000000000
1997721325000000000
1997684617000000000
1997647617000000000
1997610325000000000
1997572741000000000
1997534871000000000
1997496721000000000
1997458291000000000
1997419581000000000
1997380591000000000
1997341321000000000
1997301771000000000
1997261941000000000
1997221831000000000
1997181441000000000
1997140771000000000
1997099821000000000
1997058591000000000
1997017081000000000
1996975291000000000
1996933221000000000
1996890871000000000
1996848241000000000
1996805331000000000
1996762141000000000
1996718671000000000
1996674921000000000
1996630891000000000
1996586581000000000
1996541991000000000
1996497121000000000
1996451971000000000
1996406541000000000
1996360831000000000
1996314841000000000
1996268571000000000
1996222021000000000
1996175191000000000
1996128081000000000
1996080691000000000
1996033021000000000
1995985071000000000
1995936841000000000
1995888331000000000
1995839541000000000
1995790471000000000
1995741121000000000
1995691491000000000
1995641581000000000
1995591391000000000
1995540921000000000
1995490171000000000
1995439141000000000
1995387831000000000
1995336241000000000
1995284371000000000
1995232221000000000
1995179791000000000
1995127081000000000
1995074091000000000
1995020821000000000
1994967271000000000
1994913441000000000
1994859331000000000
1994804941000000000
1994750271000000000
1994695321000000000
1994640091000000000
1994584581000000000
1994528791000000000
1994472721000000000
1994416371000000000
1994359741000000000
1994302831000000000
1994245641000000000
1994188171000000000
1994130421000000000
1994072391000000000
1994014081000000000
1993955493000000000
1993896629000000000
1993837489000000000
1993778073000000000
1993718381000000000
1993658413000000000
1993598169000000000
1993537649000000000
1993476853000000000
1993415781000000000
1993354433000000000
1993292809000000000
1993230909000000000
1993168733000000000
1993106281000000000
1993043553000000000
1992980549000000000
1992917269000000000
1992853762000000000
1992790128000000000
1992726418000000000
1992662632000000000
1992598770000000000
1992534832000000000
1992470818000000000
1992406728000000000
1992342562000000000
1992278320000000000
1992214002000000000
1992149608000000000
1992085138000000000
1992020592000000000
1991955970000000000
1991891272000000000
1991826498000000000
1991761648000000000
1991696722000000000
1991631720000000000
1991566642000000000
1991501488000000000
1991436258000000000
1991370952000000000
1991305570000000000
1991240112000000000
1991174578000000000
1991108968000000000
1991043282000000000
1990977520000000000
1990911682000000000
1990845768000000000
1990779778000000000
1990713712000000000
1990647570000000000
1990581352000000000
1990515058000000000
1990448688000000000
1990382242000000000
1990315720000000000
1990249122000000000
1990182448000000000
1990115698000000000
1990048872000000000
1989981970000000000
1989914992000000000
1989847938000000000
1989780808000000000
1989713602000000000
1989646320000000000
1989578962000000000
1989511528000000000
1989444018000000000
1989376432000000000
1989308770000000000
1989241032000000000
1989173218000000000
1989105328000000000
1989037362000000000
1988969320000000000
1988901202000000000
1988833008000000000
1988764738000000000
1988696392000000000
1988627970000000000
1988559472000000000
1988490898000000000
1988422248000000000
1988353522000000000
1988284720000000000
1988215842000000000
1988146888000000000
1988077858000000000
1988008752000000000
1987939570000000000
1987870312000000000
1987800978000000000
1987731568000000000
1987662082000000000
1987592520000000000
1987522882000000000
1987453168000000000
1987383378000000000
