1999999913000000000
1999999649000000000
1999999199000000000
1999998568000000000
1999997777000000000
1999996851000000000
1999995797000000000
1999994615000000000
1999993305000000000
1999991867000000000
1999990301000000000
1999988607000000000
1999986785000000000
1999984835000000000
1999982757000000000
1999980551000000000
1999978217000000000
1999975755000000000
1999973165000000000
1999970447000000000
1999967601000000000
1999964627000000000
1999961525000000000
1999958297000000000
1999954947000000000
1999951477000000000
1999947887000000000
1999944177000000000
1999940347000000000
1999936397000000000
1999932327000000000
1999928151000000000
1999923883000000000
1999919523000000000
1999915071000000000
1999910527000000000
1999905891000000000
1999901163000000000
1999896343000000000
1999891431000000000
1999886427000000000
1999881331000000000
1999876143000000000
1999870863000000000
1999865491000000000
1999860027000000000
1999854471000000000
1999848823000000000
1999843083000000000
1999837251000000000
1999831329000000000
1999825319000000000
1999819221000000000
1999813035000000000
1999806761000000000
1999800399000000000
1999793949000000000
1999787411000000000
1999780785000000000
1999774071000000000
1999767269000000000
1999760379000000000
1999753401000000000
1999746335000000000
1999739181000000000
1999731939000000000
1999724609000000000
1999717191000000000
1999709685000000000
1999702091000000000
1999694409000000000
1999686639000000000
1999678781000000000
1999670836000000000
1999662806000000000
1999654692000000000
1999646494000000000
1999638212000000000
1999629846000000000
1999621396000000000
1999612862000000000
1999604244000000000
1999595542000000000
1999586756000000000
1999577886000000000
1999568932000000000
1999559894000000000
1999550772000000000
1999541566000000000
1999532276000000000
1999522902000000000
1999513444000000000
1999503902000000000
1999494276000000000
1999484566000000000
1999474772000000000
1999464894000000000
1999454932000000000
1999444886000000000
1999434756000000000
1999424542000000000
1999414244000000000
1999403862000000000
1999393396000000000
1999382846000000000
1999372212000000000
1999361494000000000
1999350692000000000
1999339806000000000
1999328836000000000
1999317782000000000
1999306644000000000
1999295422000000000
1999284116000000000
1999272726000000000
1999261252000000000
1999249694000000000
1999238052000000000
1999226326000000000
1999214516000000000
1999202622000000000
1999190644000000000
1999178582000000000
1999166442000000000
1999154230000000000
1999141946000000000
1999129590000000000
1999117162000000000
1999104662000000000
1999092090000000000
1999079446000000000
1999066730000000000
1999053942000000000
1999041082000000000
1999028150000000000
1999015146000000000
1999002070000000000
1998988922000000000
1998975702000000000
1998962410000000000
1998949046000000000
1998935610000000000
1998922102000000000
1998908522000000000
1998894870000000000
1998881146000000000
1998867350000000000
1998853482000000000
1998839542000000000
1998825530000000000
1998811446000000000
1998797290000000000
1998783062000000000
1998768762000000000
1998754390000000000
1998739946000000000
1998725430000000000
1998710842000000000
1998696182000000000
1998681450000000000
1998666646000000000
1998651770000000000
1998636822000000000
1998621802000000000
1998606710000000000
1998591546000000000
1998576310000000000
1998561002000000000
1998545622000000000
1998530170000000000
1998514646000000000
1998499050000000000
1998483382000000000
1998467642000000000
1998451830000000000
1998435946000000000
1998419990000000000
1998403962000000000
1998387862000000000
1998371690000000000
1998355446000000000
1998339130000000000
1998322742000000000
1998306282000000000
1998289750000000000
1998273146000000000
1998256470000000000
1998239722000000000
1998222902000000000
1998206010000000000
1998189046000000000
1998172010000000000
1998154902000000000
1998137722000000000
1998120470000000000
1998103146000000000
1998085750000000000
1998068282000000000
1998050742000000000
1998033130000000000
1998015446000000000
1997997690000000000
1997979862000000000
1997961962000000000
1997943990000000000
1997925946000000000
1997907830000000000
1997889642000000000
1997871382000000000
1997853050000000000
1997834646000000000
1997816170000000000
1997797622000000000
1997779002000000000
1997760310000000000
1997741546000000000
1997722710000000000
1997703802000000000
1997684822000000000
1997665770000000000
1997646646000000000
1997627455000000000
1997608207000000000
1997588907000000000
1997569555000000000
1997550151000000000
1997530695000000000
1997511187000000000
1997491627000000000
1997472015000000000
1997452351000000000
1997432635000000000
1997412867000000000
1997393047000000000
1997373175000000000
1997353251000000000
1997333275000000000
1997313247000000000
1997293167000000000
1997273035000000000
1997252851000000000
1997232615000000000
1997212327000000000
1997191987000000000
1997171595000000000
1997151151000000000
1997130655000000000
1997110107000000000
1997089507000000000
1997068855000000000
1997048151000000000
1997027395000000000
1997006587000000000
1996985727000000000
1996964815000000000
1996943851000000000
1996922835000000000
1996901767000000000
1996880647000000000
1996859475000000000
1996838251000000000
1996816975000000000
1996795647000000000
1996774267000000000
1996752835000000000
1996731351000000000
1996709815000000000
1996688227000000000
1996666587000000000
1996644895000000000
1996623151000000000
1996601355000000000
1996579507000000000
1996557607000000000
1996535655000000000
1996513651000000000
1996491595000000000
1996469487000000000
1996447327000000000
1996425115000000000
1996402851000000000
1996380535000000000
1996358167000000000
1996335747000000000
1996313275000000000
1996290751000000000
1996268175000000000
1996245547000000000
1996222867000000000
1996200135000000000
1996177351000000000
1996154515000000000
1996131627000000000
1996108687000000000
1996085695000000000
1996062651000000000
1996039555000000000
1996016407000000000
1995993207000000000
1995969955000000000
