1999999841000000000
1999999357000000000
1999998621000000000
1999997721000000000
1999996657000000000
1999995438000000000
1999994080000000000
1999992590000000000
1999990968000000000
1999989214000000000
1999987328000000000
1999985310000000000
1999983160000000000
1999980878000000000
1999978464000000000
1999975918000000000
1999973240000000000
1999970430000000000
1999967488000000000
1999964414000000000
1999961208000000000
1999957870000000000
1999954400000000000
1999950798000000000
1999947064000000000
1999943198000000000
1999939200000000000
1999935070000000000
1999930808000000000
1999926414000000000
1999921888000000000
1999917230000000000
1999912440000000000
1999907518000000000
1999902464000000000
1999897278000000000
1999891960000000000
1999886510000000000
1999880928000000000
1999875214000000000
1999869384000000000
1999863454000000000
1999857424000000000
1999851294000000000
1999845064000000000
1999838734000000000
1999832304000000000
1999825774000000000
1999819144000000000
1999812414000000000
1999805584000000000
1999798654000000000
1999791624000000000
1999784494000000000
1999777264000000000
1999769934000000000
1999762504000000000
1999754974000000000
1999747344000000000
1999739614000000000
1999731784000000000
1999723854000000000
1999715824000000000
1999707694000000000
1999699464000000000
1999691134000000000
1999682704000000000
1999674174000000000
1999665544000000000
1999656814000000000
1999647984000000000
1999639054000000000
1999630024000000000
1999620894000000000
1999611664000000000
1999602334000000000
1999592904000000000
1999583374000000000
1999573744000000000
1999564014000000000
1999554184000000000
1999544254000000000
1999534224000000000
1999524094000000000
1999513864000000000
1999503534000000000
1999493104000000000
1999482574000000000
1999471944000000000
1999461216000000000
1999450394000000000
1999439482000000000
1999428482000000000
1999417394000000000
1999406218000000000
1999394954000000000
1999383602000000000
1999372162000000000
1999360634000000000
1999349018000000000
1999337314000000000
1999325522000000000
1999313642000000000
1999301674000000000
1999289618000000000
1999277474000000000
1999265242000000000
1999252922000000000
1999240514000000000
1999228018000000000
1999215434000000000
1999202762000000000
1999190002000000000
1999177154000000000
1999164218000000000
1999151194000000000
1999138082000000000
1999124882000000000
1999111594000000000
1999098218000000000
1999084754000000000
1999071202000000000
1999057562000000000
1999043834000000000
1999030018000000000
1999016114000000000
1999002122000000000
1998988042000000000
1998973874000000000
1998959618000000000
1998945274000000000
1998930842000000000
1998916322000000000
1998901714000000000
1998887018000000000
1998872234000000000
1998857362000000000
1998842402000000000
1998827354000000000
1998812218000000000
1998796994000000000
1998781682000000000
1998766282000000000
1998750794000000000
1998735218000000000
1998719554000000000
1998703802000000000
1998687962000000000
1998672034000000000
1998656018000000000
1998639914000000000
1998623722000000000
1998607442000000000
1998591074000000000
1998574618000000000
1998558074000000000
1998541442000000000
1998524722000000000
1998507914000000000
1998491018000000000
1998474034000000000
1998456962000000000
1998439802000000000
1998422554000000000
1998405218000000000
1998387794000000000
1998370282000000000
1998352682000000000
1998334994000000000
1998317218000000000
1998299354000000000
1998281402000000000
1998263362000000000
1998245234000000000
1998227018000000000
1998208714000000000
1998190322000000000
1998171842000000000
1998153274000000000
1998134618000000000
1998115874000000000
1998097042000000000
1998078122000000000
1998059114000000000
1998040018000000000
1998020834000000000
1998001562000000000
1997982202000000000
1997962754000000000
1997943218000000000
1997923594000000000
1997903882000000000
1997884082000000000
1997864194000000000
1997844218000000000
1997824154000000000
1997804002000000000
1997783762000000000
1997763434000000000
1997743018000000000
1997722514000000000
1997701922000000000
1997681242000000000
1997660474000000000
1997639618000000000
1997618674000000000
1997597642000000000
1997576522000000000
1997555314000000000
1997534018000000000
1997512634000000000
1997491162000000000
1997469602000000000
1997447954000000000
1997426218000000000
1997404394000000000
1997382482000000000
1997360482000000000
1997338394000000000
1997316218000000000
1997293954000000000
1997271602000000000
1997249162000000000
1997226634000000000
1997204018000000000
1997181314000000000
1997158522000000000
1997135642000000000
1997112674000000000
1997089618000000000
1997066474000000000
1997043242000000000
1997019922000000000
1996996514000000000
1996973018000000000
1996949434000000000
1996925762000000000
1996902002000000000
1996878154000000000
1996854218000000000
1996830194000000000
1996806082000000000
1996781882000000000
1996757594000000000
1996733218000000000
1996708754000000000
1996684202000000000
1996659562000000000
1996634834000000000
1996610018000000000
1996585114000000000
1996560122000000000
1996535042000000000
1996509874000000000
1996484618000000000
1996459274000000000
1996433842000000000
1996408322000000000
1996382714000000000
1996357018000000000
1996331234000000000
1996305362000000000
1996279402000000000
1996253354000000000
1996227218000000000
1996200994000000000
1996174682000000000
1996148282000000000
1996121794000000000
1996095220000000000
1996068562000000000
1996041820000000000
1996014994000000000
1995988084000000000
1995961090000000000
1995934012000000000
1995906850000000000
1995879604000000000
1995852274000000000
1995824860000000000
1995797362000000000
1995769780000000000
1995742114000000000
1995714364000000000
1995686530000000000
1995658612000000000
1995630610000000000
1995602524000000000
1995574354000000000
1995546100000000000
1995517762000000000
1995489340000000000
1995460834000000000
1995432244000000000
1995403570000000000
1995374812000000000
1995345970000000000
1995317044000000000
1995288034000000000
1995258940000000000
