1999999911000000000
1999999629000000000
1999999133000000000
1999998431000000000
1999997529000000000
1999996427000000000
1999995125000000000
1999993623000000000
1999991921000000000
1999990019000000000
1999987924000000000
1999985650000000000
1999983204000000000
1999980586000000000
1999977796000000000
1999974834000000000
1999971700000000000
1999968394000000000
1999964916000000000
1999961266000000000
1999957444000000000
1999953450000000000
1999949284000000000
1999944946000000000
1999940436000000000
1999935754000000000
1999930900000000000
1999925874000000000
1999920676000000000
1999915306000000000
1999909764000000000
1999904050000000000
1999898164000000000
1999892108000000000
1999885884000000000
1999879492000000000
1999872932000000000
1999866204000000000
1999859308000000000
1999852244000000000
1999845014000000000
1999837620000000000
1999830062000000000
1999822346000000000
1999814478000000000
1999806458000000000
1999798286000000000
1999789962000000000
1999781486000000000
1999772858000000000
1999764080000000000
1999755156000000000
1999746088000000000
1999736876000000000
1999727520000000000
1999718020000000000
1999708376000000000
1999698588000000000
1999688656000000000
1999678580000000000
1999668360000000000
1999657996000000000
1999647488000000000
1999636836000000000
1999626040000000000
1999615100000000000
1999604016000000000
1999592788000000000
1999581416000000000
1999569900000000000
1999558240000000000
1999546436000000000
1999534488000000000
1999522396000000000
1999510160000000000
1999497780000000000
1999485256000000000
1999472588000000000
1999459776000000000
1999446820000000000
1999433720000000000
1999420476000000000
1999407088000000000
1999393556000000000
1999379880000000000
1999366060000000000
1999352096000000000
1999337988000000000
1999323736000000000
1999309340000000000
1999294800000000000
1999280116000000000
1999265288000000000
1999250316000000000
1999235200000000000
1999219940000000000
1999204536000000000
1999188988000000000
1999173296000000000
1999157460000000000
1999141480000000000
1999125356000000000
1999109088000000000
1999092676000000000
1999076120000000000
1999059420000000000
1999042576000000000
1999025588000000000
1999008456000000000
1998991180000000000
1998973760000000000
1998956196000000000
1998938488000000000
1998920636000000000
1998902640000000000
1998884500000000000
1998866216000000000
1998847788000000000
1998829216000000000
1998810500000000000
1998791640000000000
1998772636000000000
1998753488000000000
1998734196000000000
1998714760000000000
1998695180000000000
1998675456000000000
1998655588000000000
1998635576000000000
1998615420000000000
1998595120000000000
1998574676000000000
1998554088000000000
1998533356000000000
1998512480000000000
1998491460000000000
1998470296000000000
1998448988000000000
1998427536000000000
1998405940000000000
1998384204000000000
1998362332000000000
1998340324000000000
1998318180000000000
1998295900000000000
1998273484000000000
1998250932000000000
1998228244000000000
1998205420000000000
1998182460000000000
1998159364000000000
1998136132000000000
1998112764000000000
1998089260000000000
1998065620000000000
1998041844000000000
1998017932000000000
1997993884000000000
1997969700000000000
1997945380000000000
1997920924000000000
1997896332000000000
1997871606000000000
1997846752000000000
1997821774000000000
1997796672000000000
1997771446000000000
1997746096000000000
1997720622000000000
1997695024000000000
1997669302000000000
1997643456000000000
1997617486000000000
1997591392000000000
1997565174000000000
1997538832000000000
1997512366000000000
1997485776000000000
1997459062000000000
1997432224000000000
1997405262000000000
1997378176000000000
1997350966000000000
1997323632000000000
1997296174000000000
1997268592000000000
1997240886000000000
1997213056000000000
1997185102000000000
1997157024000000000
1997128822000000000
1997100496000000000
1997072046000000000
1997043472000000000
1997014774000000000
1996985952000000000
1996957006000000000
1996927936000000000
1996898742000000000
1996869424000000000
1996839982000000000
1996810416000000000
1996780726000000000
1996750912000000000
1996720974000000000
1996690912000000000
1996660726000000000
1996630416000000000
1996599982000000000
1996569424000000000
1996538742000000000
1996507936000000000
1996477006000000000
1996445952000000000
1996414774000000000
1996383472000000000
1996352046000000000
1996320496000000000
1996288822000000000
1996257024000000000
1996225102000000000
1996193056000000000
1996160886000000000
1996128592000000000
1996096174000000000
1996063632000000000
1996030966000000000
1995998176000000000
1995965262000000000
1995932224000000000
1995899062000000000
1995865776000000000
1995832366000000000
1995798832000000000
1995765174000000000
1995731392000000000
1995697486000000000
1995663456000000000
1995629302000000000
1995595024000000000
1995560622000000000
1995526096000000000
1995491446000000000
1995456672000000000
1995421774000000000
1995386752000000000
1995351606000000000
1995316336000000000
1995280942000000000
1995245424000000000
1995209782000000000
1995174016000000000
1995138126000000000
1995102112000000000
1995065974000000000
1995029712000000000
1994993326000000000
1994956816000000000
1994920182000000000
1994883424000000000
1994846542000000000
1994809536000000000
1994772406000000000
1994735152000000000
1994697774000000000
1994660272000000000
1994622646000000000
1994584896000000000
1994547022000000000
1994509024000000000
1994470902000000000
1994432656000000000
1994394286000000000
1994355792000000000
1994317174000000000
1994278432000000000
1994239566000000000
1994200576000000000
1994161462000000000
1994122224000000000
1994082862000000000
1994043376000000000
1994003766000000000
1993964032000000000
1993924174000000000
1993884192000000000
1993844086000000000
1993803856000000000
1993763502000000000
1993723024000000000
1993682422000000000
1993641696000000000
1993600846000000000
1993559872000000000
1993518774000000000
1993477552000000000
1993436206000000000
1993394736000000000
1993353142000000000
1993311424000000000
