1999999889000000000
1999999500000000000
1999998824000000000
1999997952000000000
1999996920000000000
1999995728000000000
1999994376000000000
1999992864000000000
1999991192000000000
1999989360000000000
1999987368000000000
1999985216000000000
1999982904000000000
1999980432000000000
1999977800000000000
1999975008000000000
1999972056000000000
1999968944000000000
1999965672000000000
1999962245000000000
1999958671000000000
1999954953000000000
1999951091000000000
1999947085000000000
1999942935000000000
1999938641000000000
1999934203000000000
1999929621000000000
1999924895000000000
1999920025000000000
1999915011000000000
1999909853000000000
1999904551000000000
1999899105000000000
1999893515000000000
1999887781000000000
1999881903000000000
1999875881000000000
1999869715000000000
1999863405000000000
1999856951000000000
1999850353000000000
1999843611000000000
1999836725000000000
1999829695000000000
1999822521000000000
1999815203000000000
1999807741000000000
1999800135000000000
1999792385000000000
1999784491000000000
1999776453000000000
1999768271000000000
1999759945000000000
1999751475000000000
1999742861000000000
1999734103000000000
1999725201000000000
1999716155000000000
1999706965000000000
1999697631000000000
1999688153000000000
1999678531000000000
1999668765000000000
1999658855000000000
1999648801000000000
1999638603000000000
1999628261000000000
1999617775000000000
1999607145000000000
1999596371000000000
1999585453000000000
1999574393000000000
1999563193000000000
1999551855000000000
1999540381000000000
1999528771000000000
1999517027000000000
1999505151000000000
1999493143000000000
1999481003000000000
1999468731000000000
1999456327000000000
1999443791000000000
1999431123000000000
1999418323000000000
1999405391000000000
1999392327000000000
1999379131000000000
1999365803000000000
1999352343000000000
1999338751000000000
1999325027000000000
1999311171000000000
1999297183000000000
1999283063000000000
1999268814000000000
1999254444000000000
1999239958000000000
1999225356000000000
1999210638000000000
1999195804000000000
1999180854000000000
1999165788000000000
1999150606000000000
1999135308000000000
1999119894000000000
1999104364000000000
1999088718000000000
1999072956000000000
1999057078000000000
1999041084000000000
1999024974000000000
1999008748000000000
1998992406000000000
1998975948000000000
1998959374000000000
1998942684000000000
1998925878000000000
1998908956000000000
1998891918000000000
1998874764000000000
1998857494000000000
1998840108000000000
1998822606000000000
1998804988000000000
1998787254000000000
1998769404000000000
1998751438000000000
1998733356000000000
1998715158000000000
1998696844000000000
1998678414000000000
1998659868000000000
1998641206000000000
1998622428000000000
1998603534000000000
1998584524000000000
1998565398000000000
1998546156000000000
1998526798000000000
1998507324000000000
1998487734000000000
1998468028000000000
1998448206000000000
1998428268000000000
1998408218000000000
1998388066000000000
1998367818000000000
1998347474000000000
1998327034000000000
1998306498000000000
1998285866000000000
1998265138000000000
1998244314000000000
1998223394000000000
1998202378000000000
1998181266000000000
1998160058000000000
1998138754000000000
1998117354000000000
1998095858000000000
1998074266000000000
1998052578000000000
1998030794000000000
1998008914000000000
1997986938000000000
1997964866000000000
1997942698000000000
1997920434000000000
1997898074000000000
1997875618000000000
1997853066000000000
1997830418000000000
1997807674000000000
1997784834000000000
1997761898000000000
1997738866000000000
1997715738000000000
1997692514000000000
1997669194000000000
1997645778000000000
1997622266000000000
1997598658000000000
1997574954000000000
1997551154000000000
1997527258000000000
1997503266000000000
1997479178000000000
1997454994000000000
1997430714000000000
1997406338000000000
1997381866000000000
1997357298000000000
1997332634000000000
1997307874000000000
1997283018000000000
1997258066000000000
1997233018000000000
1997207874000000000
1997182634000000000
1997157298000000000
1997131866000000000
1997106338000000000
1997080714000000000
1997054994000000000
1997029178000000000
1997003266000000000
1996977258000000000
1996951154000000000
1996924954000000000
1996898658000000000
1996872266000000000
1996845778000000000
1996819194000000000
1996792514000000000
1996765738000000000
1996738866000000000
1996711898000000000
1996684834000000000
1996657674000000000
1996630418000000000
1996603066000000000
1996575618000000000
1996548074000000000
1996520434000000000
1996492698000000000
1996464866000000000
1996436938000000000
1996408914000000000
1996380794000000000
1996352578000000000
1996324266000000000
1996295858000000000
1996267354000000000
1996238754000000000
1996210058000000000
1996181266000000000
1996152378000000000
1996123394000000000
1996094314000000000
1996065138000000000
1996035866000000000
1996006498000000000
1995977034000000000
1995947474000000000
1995917818000000000
1995888066000000000
1995858218000000000
1995828274000000000
1995798234000000000
1995768098000000000
1995737866000000000
1995707538000000000
1995677114000000000
1995646594000000000
1995615978000000000
1995585266000000000
1995554458000000000
1995523554000000000
1995492554000000000
1995461458000000000
1995430266000000000
1995398978000000000
1995367594000000000
1995336114000000000
1995304538000000000
1995272866000000000
1995241098000000000
1995209234000000000
1995177274000000000
1995145218000000000
1995113066000000000
1995080818000000000
1995048474000000000
1995016034000000000
1994983498000000000
1994950866000000000
1994918138000000000
1994885314000000000
1994852394000000000
1994819378000000000
1994786266000000000
1994753058000000000
1994719754000000000
1994686354000000000
1994652858000000000
1994619266000000000
1994585578000000000
1994551794000000000
1994517914000000000
1994483938000000000
1994449866000000000
1994415698000000000
1994381434000000000
1994347074000000000
1994312618000000000
1994278066000000000
1994243418000000000
1994208674000000000
