1999999608000016758
1999999131000046809
1999998305000098847
1999997183000169533
1999995765000258867
1999994051000366849
1999992041000493479
1999989741000638379
1999987163000800793
1999984313000980343
1999981191001177029
1999977797001390851
1999974131001621809
1999970193001869903
1999965983002135133
1999961501002417499
1999956747002717001
1999951721003033639
1999946423003367413
1999940853003718323
1999935011004086369
1999928897004471551
1999922511004873869
1999915853005293323
1999908923005729913
1999901721006183639
1999894247006654501
1999886501007142499
1999878483007647633
1999870193008169903
1999861631008709309
1999852797009265851
1999843691009839529
1999834313010430343
1999824663011038293
1999814741011663379
1999804547012305601
1999794081012964959
1999783343013641453
1999772333014335083
1999761051015045849
1999749497015773751
1999737671016518789
1999725576017280774
1999713216018059454
1999700592018854766
1999687707019666521
1999674567020494341
1999661175021338037
1999647531022197609
1999633635023073057
1999619487023964381
1999605087024871581
1999590435025794657
1999575531026733609
1999560375027688437
1999544967028659141
1999529307029645721
1999513395030648177
1999497231031666509
1999480815032700717
1999464147033750801
1999447227034816761
1999430055035898597
1999412631036996309
1999394955038109897
1999377027039239361
1999358847040384701
1999340415041545917
1999321731042723009
1999302795043915977
1999283607045124821
1999264167046349541
1999244475047590137
1999224531048846609
1999204335050118957
1999183887051407181
1999163187052711281
1999142235054031257
1999121031055367109
1999099575056718837
1999077867058086441
1999055907059469921
1999033695060869277
1999011231062284509
1998988515063715617
1998965547065162601
1998942327066625461
1998918855068104197
1998895131069598809
1998871155071109297
1998846927072635661
1998822447074177901
1998797717075735891
1998772739077309505
1998747513078898743
1998722039080503605
1998696317082124091
1998670347083760201
1998644129085411935
1998617663087079293
1998590949088762275
1998563987090460881
1998536777092175111
1998509319093904965
1998481613095650443
1998453659097411545
1998425457099188271
1998397007100980621
1998368309102788595
1998339363104612193
1998310169106451415
1998280727108306261
1998251037110176731
1998221099112062825
1998190913113964543
1998160479115881885
1998129797117814851
1998098867119763441
1998067689121727655
1998036263123707493
1998004589125702955
1997972667127714041
1997940497129740751
1997908079131783085
1997875413133841043
1997842499135914625
1997809337138003831
1997775927140108661
1997742269142229115
1997708363144365193
1997674209146516895
1997639807148684221
1997605157150867171
1997570259153065745
1997535113155279943
1997499722157509576
1997464092159754266
1997428226162013824
1997392128164287998
1997355804166576410
1997319256168878934
1997282484171195570
1997245488173526318
1997208268175871178
1997170824178230150
1997133156180603234
1997095264182990430
1997057148185391738
1997018808187807158
1996980244190236690
1996941456192680334
1996902444195138090
1996863208197609958
1996823748200095938
1996784064202596030
1996744156205110234
1996704024207638550
1996663668210180978
1996623088212737518
1996582284215308170
1996541256217892934
1996500004220491810
1996458528223104798
1996416828225731898
1996374904228373110
1996332756231028434
1996290384233697870
1996247788236381418
1996204968239079078
1996161924241790850
1996118656244516734
1996075164247256730
1996031448250010838
1995987508252779058
1995943344255561390
1995898956258357834
1995854344261168390
1995809508263993058
1995764448266831838
1995719164269684730
1995673656272551734
1995627924275432850
1995581968278328078
1995535788281237418
1995489384284160870
1995442756287098434
1995395904290050110
1995348828293015898
1995301528295995798
1995254004298989810
1995206256301997934
1995158284305020170
1995110088308056518
1995061668311106978
1995013024314171550
1994964156317250234
1994915064320343030
1994865748323449938
1994816208326570958
1994766444329706090
1994716456332855334
1994666244336018690
1994615808339196158
1994565148342387738
1994514264345593430
1994463156348813234
1994411824352047150
1994360268355295178
1994308488358557318
1994256484361833570
1994204256365123934
1994151804368428410
1994099128371746998
1994046228375079698
1993993104378426510
1993939756381787434
1993886184385162470
1993832388388551618
1993778368391954878
1993724124395372250
1993669656398803734
1993614964402249330
1993560048405709038
1993504908409182858
1993449544412670790
1993393956416172834
1993338144419688990
1993282108423219258
1993225848426763638
1993169364430322130
1993112656433894734
1993055724437481450
1992998568441082278
1992941188444697218
1992883584448326270
1992825756451969434
1992767704455626710
1992709428459298098
1992650928462983598
1992592204466683210
1992533256470396934
1992474084474124770
1992414688477866718
1992355068481622778
1992295224485392950
1992235156489177234
1992174864492975630
1992114348496788138
1992053608500614758
1991992644504455490
1991931456508310334
1991870044512179290
1991808408516062358
1991746548519959538
1991684464523870830
1991622156527796234
1991559624531735750
1991496868535689378
1991433888539657118
1991370684543638970
1991307256547634934
1991243604551645010
1991179728555669198
1991115628559707498
1991051304563759910
1990986756567826434
1990921984571907070
1990856988576001818
1990791768580110678
1990726324584233650
1990660656588370734
1990594764592521930
1990528648596687238
1990462308600866658
1990395744605060190
1990328956609267834
1990261944613489590
1990194708617725458
1990127248621975438
1990059564626239530
1989991656630517734
1989923524634810050
1989855168639116478
1989786588643437018
1989717784647771670
1989648756652120434
1989579504656483310
1989510028660860298
1989440328665251398
1989370404669656610
1989300256674075934
1989229884678509370
1989159288682956918
1989088468687418578
1989017424691894350
1988946156696384234
1988874664700888230
1988802948705406338
1988731008709938558
