1999999908000000000
1999999603000000000
1999999051000000000
1999998257000000000
1999997225000000000
1999995957000000000
1999994453000000000
1999992728000000000
1999990816000000000
1999988740000000000
1999986504000000000
1999984108000000000
1999981552000000000
1999978836000000000
1999975960000000000
1999972924000000000
1999969728000000000
1999966372000000000
1999962856000000000
1999959180000000000
1999955344000000000
1999951348000000000
1999947192000000000
1999942876000000000
1999938400000000000
1999933764000000000
1999928968000000000
1999924012000000000
1999918896000000000
1999913620000000000
1999908184000000000
1999902588000000000
1999896837000000000
1999890939000000000
1999884897000000000
1999878711000000000
1999872381000000000
1999865907000000000
1999859289000000000
1999852527000000000
1999845621000000000
1999838571000000000
1999831377000000000
1999824039000000000
1999816557000000000
1999808931000000000
1999801161000000000
1999793247000000000
1999785189000000000
1999776987000000000
1999768641000000000
1999760151000000000
1999751517000000000
1999742739000000000
1999733817000000000
1999724751000000000
1999715541000000000
1999706187000000000
1999696689000000000
1999687047000000000
1999677261000000000
1999667331000000000
1999657257000000000
1999647039000000000
1999636677000000000
1999626171000000000
1999615521000000000
1999604727000000000
1999593789000000000
1999582707000000000
1999571481000000000
1999560111000000000
1999548597000000000
1999536939000000000
1999525137000000000
1999513191000000000
1999501101000000000
1999488867000000000
1999476489000000000
1999463967000000000
1999451301000000000
1999438491000000000
1999425537000000000
1999412439000000000
1999399197000000000
1999385811000000000
1999372281000000000
1999358607000000000
1999344789000000000
1999330827000000000
1999316721000000000
1999302471000000000
1999288077000000000
1999273539000000000
1999258857000000000
1999244031000000000
1999229061000000000
1999213947000000000
1999198689000000000
1999183287000000000
1999167741000000000
1999152051000000000
1999136217000000000
1999120239000000000
1999104117000000000
1999087851000000000
1999071441000000000
1999054887000000000
1999038189000000000
1999021349000000000
1999004369000000000
1998987249000000000
1998969989000000000
1998952589000000000
1998935049000000000
1998917369000000000
1998899560000000000
1998881644000000000
1998863632000000000
1998845524000000000
1998827320000000000
1998809020000000000
1998790624000000000
1998772132000000000
1998753544000000000
1998734860000000000
1998716080000000000
1998697204000000000
1998678232000000000
1998659164000000000
1998640000000000000
1998620740000000000
1998601384000000000
1998581932000000000
1998562384000000000
1998542740000000000
1998523002000000000
1998503172000000000
1998483250000000000
1998463236000000000
1998443130000000000
1998422932000000000
1998402642000000000
1998382260000000000
1998361786000000000
1998341220000000000
1998320562000000000
1998299812000000000
1998278970000000000
1998258036000000000
1998237010000000000
1998215892000000000
1998194682000000000
1998173380000000000
1998151986000000000
1998130500000000000
1998108922000000000
1998087252000000000
1998065490000000000
1998043636000000000
1998021690000000000
1997999652000000000
1997977522000000000
1997955300000000000
1997932986000000000
1997910580000000000
1997888082000000000
1997865492000000000
1997842816000000000
1997820068000000000
1997797256000000000
1997774380000000000
1997751440000000000
1997728436000000000
1997705368000000000
1997682236000000000
1997659040000000000
1997635780000000000
1997612456000000000
1997589068000000000
1997565616000000000
1997542100000000000
1997518520000000000
1997494876000000000
1997471168000000000
1997447396000000000
1997423560000000000
1997399660000000000
1997375696000000000
1997351668000000000
1997327576000000000
1997303420000000000
1997279200000000000
1997254916000000000
1997230568000000000
1997206156000000000
1997181680000000000
1997157140000000000
1997132536000000000
1997107868000000000
1997083136000000000
1997058340000000000
1997033480000000000
1997008556000000000
1996983568000000000
1996958516000000000
1996933400000000000
1996908220000000000
1996882976000000000
1996857668000000000
1996832296000000000
1996806860000000000
1996781360000000000
1996755796000000000
1996730168000000000
1996704476000000000
1996678720000000000
1996652900000000000
1996627016000000000
1996601068000000000
1996575056000000000
1996548980000000000
1996522840000000000
1996496636000000000
1996470368000000000
1996444036000000000
1996417640000000000
1996391180000000000
1996364656000000000
1996338068000000000
1996311416000000000
1996284700000000000
1996257920000000000
1996231076000000000
1996204168000000000
1996177196000000000
1996150160000000000
1996123060000000000
1996095896000000000
1996068668000000000
1996041376000000000
1996014020000000000
1995986600000000000
1995959116000000000
1995931568000000000
1995903956000000000
1995876280000000000
1995848540000000000
1995820736000000000
1995792868000000000
1995764936000000000
1995736940000000000
1995708880000000000
1995680756000000000
1995652568000000000
1995624316000000000
1995596000000000000
1995567620000000000
1995539176000000000
1995510668000000000
1995482096000000000
1995453460000000000
1995424760000000000
1995395996000000000
1995367168000000000
1995338276000000000
1995309320000000000
1995280300000000000
1995251216000000000
1995222068000000000
1995192856000000000
1995163580000000000
1995134240000000000
1995104836000000000
1995075368000000000
1995045836000000000
1995016240000000000
1994986580000000000
1994956856000000000
1994927068000000000
1994897216000000000
1994867300000000000
1994837320000000000
1994807276000000000
1994777168000000000
1994746996000000000
1994716760000000000
1994686460000000000
1994656096000000000
1994625668000000000
1994595176000000000
1994564620000000000
1994534000000000000
1994503316000000000
1994472568000000000
1994441756000000000
1994410880000000000
1994379940000000000
1994348936000000000
1994317868000000000
