1999999621000015939
1999999170000044352
1999998346000096264
1999997178000169848
1999995666000265104
1999993810000382032
1999991610000520632
1999989066000680904
1999986180000862722
1999983002001062936
1999979630001275372
1999976114001496880
1999972454001727460
1999968650001967112
1999964702002215836
1999960610002473632
1999956374002740500
1999951994003016440
1999947470003301452
1999942802003595536
1999937990003898692
1999933034004210920
1999927936004532094
1999922700004861962
1999917328005200398
1999911820005547402
1999906176005902974
1999900396006267114
1999894480006639822
1999888428007021098
1999882240007410942
1999875916007809354
1999869456008216334
1999862860008631882
1999856128009055998
1999849260009488682
1999842256009929934
1999835116010379754
1999827840010838142
1999820428011305098
1999812880011780622
1999805196012264714
1999797376012757374
1999789420013258602
1999781328013768398
1999773102014286636
1999764744014813190
1999756254015348060
1999747632015891246
1999738878016442748
1999729992017002566
1999720974017570700
1999711824018147150
1999702542018731916
1999693128019324998
1999683582019926396
1999673904020536110
1999664094021154140
1999654152021780486
1999644078022415148
1999633872023058126
1999623534023709420
1999613064024369030
1999602462025036956
1999591728025713198
1999580862026397756
1999569864027090630
1999558736027791694
1999547480028500822
1999536096029218014
1999524584029943270
1999512944030676590
1999501176031417974
1999489280032167422
1999477256032924934
1999465104033690510
1999452824034464150
1999440416035245854
1999427880036035622
1999415216036833454
1999402424037639350
1999389504038453310
1999376456039275334
1999363280040105422
1999349976040943574
1999336544041789790
1999322984042644070
1999309296043506414
1999295480044376822
1999281536045255294
1999267464046141830
1999253264047036430
1999238936047939094
1999224480048849822
1999209896049768614
1999195184050695470
1999180344051630390
1999165376052573374
1999150280053524422
1999135056054483534
1999119704055450710
1999104224056425950
1999088616057409254
1999072880058400622
1999057016059400054
1999041024060407550
1999024904061423110
1999008656062446734
1998992280063478422
1998975776064518174
1998959144065565990
1998942384066621870
1998925497067685751
1998908485068757507
1998891349069837075
1998874089070924455
1998856705072019647
1998839197073122651
1998821565074233467
1998803809075352095
1998785929076478535
1998767925077612787
1998749797078754851
1998731545079904727
1998713169081062415
1998694669082227915
1998676045083401227
1998657297084582351
1998638425085771287
1998619429086968035
1998600309088172595
1998581065089384967
1998561697090605151
1998542205091833147
1998522589093068955
1998502849094312575
1998482985095564007
1998462997096823251
1998442885098090307
1998422649099365175
1998402289100647855
1998381805101938347
1998361197103236651
1998340465104542767
1998319609105856695
1998298629107178435
1998277525108507987
1998256297109845351
1998234945111190527
1998213469112543515
1998191869113904315
1998170145115272927
1998148297116649351
1998126325118033587
1998104229119425635
1998082009120825495
1998059665122233167
1998037197123648651
1998014605125071947
1997991889126503055
1997969049127941975
1997946085129388707
1997922997130843251
1997899785132305607
1997876449133775775
1997852989135253755
1997829405136739547
1997805697138233151
1997781865139734567
1997757909141243795
1997733829142760835
1997709625144285687
1997685297145818351
1997660845147358827
1997636269148907115
1997611569150463215
1997586745152027127
1997561797153598851
1997536725155178387
1997511531156765609
1997486217158360391
1997460783159962733
1997435229161572635
1997409555163190097
1997383761164815119
1997357847166447701
1997331813168087843
1997305659169735545
1997279385171390807
1997252991173053629
1997226477174724011
1997199843176401953
1997173089178087455
1997146215179780517
1997119221181481139
1997092107183189321
1997064873184905063
1997037519186628365
1997010045188359227
1996982451190097649
1996954737191843631
1996926903193597173
1996898949195358275
1996870875197126937
1996842681198903159
1996814367200686941
1996785933202478283
1996757379204277185
1996728705206083647
1996699911207897669
1996670997209719251
1996641963211548393
1996612809213385095
1996583535215229357
1996554141217081179
1996524627218940561
1996494993220807503
1996465239222682005
1996435365224564067
1996405371226453689
1996375257228350871
1996345023230255613
1996314669232167915
1996284195234087777
1996253601236015199
1996222887237950181
1996192053239892723
1996161099241842825
1996130025243800487
1996098831245765709
1996067517247738491
1996036083249718833
1996004529251706735
1995972855253702197
1995941061255705219
1995909147257715801
1995877113259733943
1995844959261759645
1995812685263792907
1995780291265833729
1995747777267882111
1995715143269938053
1995682389272001555
1995649515274072617
1995616521276151239
1995583407278237421
1995550173280331163
1995516819282432465
1995483345284541327
1995449751286657749
1995416037288781731
1995382203290913273
1995348249293052375
1995314175295199037
1995279981297353259
1995245667299515041
1995211233301684383
1995176679303861285
1995142005306045747
1995107211308237769
1995072297310437351
1995037263312644493
1995002109314859195
1994966835317081457
1994931441319311279
1994895927321548661
1994860293323793603
1994824539326046105
1994788665328306167
1994752671330573789
1994716557332848971
1994680323335131713
1994643969337422015
1994607495339719877
1994570901342025299
1994534187344338281
1994497353346658823
1994460399348986925
1994423325351322587
1994386131353665809
1994348817356016591
1994311383358374933
1994273829360740835
1994236155363114297
1994198361365495319
1994160447367883901
1994122413370280043
1994084259372683745
1994045985375095007
1994007591377513829
1993969077379940211
1993930443382374153
1993891691384815529
1993852823387264213
1993813839389720205
1993774739392183505
1993735523394654113
1993696191397132029
1993656743399617253
1993617179402109785
