1999999664000013230
1999999370000031752
1999998822000066276
1999998037000115731
1999997037000178731
1999995834000254520
1999994430000342972
1999992826000444024
1999991022000557676
1999989020000683802
1999986822000822276
1999984428000973098
1999981838001136268
1999979052001311786
1999976071001499589
1999972897001699551
1999969531001911609
1999965973002135763
1999962223002372013
1999958281002620359
1999954147002880801
1999949821003153339
1999945303003437973
1999940595003734577
1999935699004043025
1999930615004363317
1999925343004695453
1999919883005039433
1999914235005395257
1999908399005762925
1999902375006142437
1999896167006533541
1999889779006935985
1999883211007349769
1999876463007774893
1999869535008211357
1999862427008659161
1999855141009118179
1999847681009588159
1999840049010068975
1999832245010560627
1999824269011063115
1999816121011576439
1999807801012100599
1999799309012635595
1999790645013181427
1999781809013738095
1999772801014305599
1999763621014883939
1999754269015473115
1999744745016073127
1999735049016683975
1999725181017305659
1999715141017938179
1999704929018581535
1999694545019235727
1999683989019900755
1999673261020576619
1999662361021263319
1999651289021960855
1999640045022669227
1999628629023388435
1999617041024118479
1999605281024859359
1999593349025611075
1999581246026373564
1999568974027146700
1999556534027930420
1999543926028724724
1999531150029529612
1999518206030345084
1999505094031171140
1999491814032007780
1999478366032855004
1999464750033712812
1999450966034581204
1999437014035460180
1999422894036349740
1999408606037249884
1999394150038160612
1999379526039081924
1999364734040013820
1999349774040956300
1999334646041909364
1999319350042873012
1999303886043847244
1999288254044832060
1999272454045827460
1999256486046833444
1999240350047850012
1999224046048877164
1999207574049914900
1999190934050963220
1999174126052022124
1999157150053091612
1999140006054171684
1999122696055262214
1999105224056362950
1999087592057473766
1999069800058594662
1999051848059725638
1999033736060866694
1999015464062017830
1998997032063179046
1998978440064350342
1998959688065531718
1998940776066723174
1998921704067924710
1998902472069136326
1998883080070358022
1998863528071589798
1998843816072831654
1998823944074083590
1998803912075345606
1998783720076617702
1998763368077899878
1998742856079192134
1998722184080494470
1998701352081806886
1998680360083129382
1998659208084461958
1998637896085804614
1998616424087157350
1998594792088520166
1998573000089893062
1998551048091276038
1998528936092669094
1998506664094072230
1998484232095485446
1998461640096908742
1998438888098342118
1998415976099785574
1998392904101239110
1998369672102702726
1998346280104176422
1998322730105660072
1998299024107153550
1998275162108656856
1998251144110169990
1998226970111692952
1998202640113225742
1998178154114768360
1998153512116320806
1998128714117883080
1998103760119455182
1998078650121037112
1998053384122628870
1998027962124230456
1998002384125841870
1997976650127463112
1997950760129094182
1997924714130735080
1997898512132385806
1997872154134046360
1997845640135716742
1997818970137396952
1997792144139086990
1997765162140786856
1997738024142496550
1997710730144216072
1997683280145945422
1997655692147683466
1997628002149427936
1997600228151177698
1997572370152932752
1997544428154693098
1997516402156458736
1997488292158229666
1997460098160005888
1997431820161787402
1997403458163574208
1997375012165366306
1997346482167163696
1997317868168966378
1997289170170774352
1997260388172587618
1997231522174406176
1997202572176230026
1997173538178059168
1997144420179893602
1997115218181733328
1997085932183578346
1997056562185428656
1997027108187284258
1996997570189145152
1996967948191011338
1996938242192882816
1996908452194759586
1996878578196641648
1996848620198529002
1996818578200421648
1996788452202319586
1996758242204222816
1996727948206131338
1996697570208045152
1996667108209964258
1996636562211888656
1996605932213818346
1996575218215753328
1996544420217693602
1996513538219639168
1996482572221590026
1996451522223546176
1996420388225507618
1996389170227474352
1996357868229446378
1996326482231423696
1996295012233406306
1996263458235394208
1996231820237387402
1996200098239385888
1996168292241389666
1996136402243398736
1996104428245413098
1996072370247432752
1996040228249457698
1996008002251487936
1995975692253523466
1995943298255564288
1995910820257610402
1995878258259661808
1995845612261718506
1995812882263780496
1995780068265847778
1995747170267920352
1995714188269998218
1995681122272081376
1995647972274169826
1995614738276263568
1995581420278362602
1995548018280466928
1995514537282576231
1995480987284689881
1995447373286807563
1995413695288929277
1995379953291055023
1995346147293184801
1995312277295318611
1995278343297456453
1995244345299598327
1995210283301744233
1995176157303894171
1995141967306048141
1995107713308206143
1995073395310368177
1995039013312534243
1995004567314704341
1994970057316878471
1994935483319056633
1994900845321238827
1994866143323425053
1994831377325615311
1994796547327809601
1994761653330007923
1994726695332210277
1994691673334416663
1994656587336627081
1994621437338841531
1994586223341060013
1994550945343282527
1994515603345509073
1994480197347739651
1994444727349974261
1994409193352212903
1994373595354455577
1994337933356702283
1994302207358953021
1994266417361207791
1994230563363466593
1994194645365729427
1994158663367996293
1994122617370267191
1994086507372542121
1994050333374821083
1994014095377104077
1993977793379391103
1993941427381682161
1993904997383977251
1993868503386276373
1993831945388579527
1993795323390886713
1993758637393197931
1993721887395513181
1993685073397832463
1993648195400155777
1993611253402483123
1993574247404814501
1993537177407149911
1993500043409489353
1993462845411832827
1993425583414180333
1993388257416531871
1993350867418887441
1993313413421247043
1993275895423610677
1993238313425978343
1993200667428350041
1993162957430725771
1993125183433105533
1993087345435489327
