967916765364746400
967916507966402400
967916023779247200
967915319759992800
967914395908639200
967913253616528800
967911908884099200
967910392320883200
967908719927318400
967906891703404800
967904907649142400
967902767764531200
967900472049571200
967898020504262400
967895413128604800
967892649922598400
967889730886243200
967886656019539200
967883425322486400
967880038795084800
967876496437334400
967872798249235200
967868944230787200
967864934381990400
967860768702844800
967856447193350400
967851969853507200
967847336683315200
967842547682774400
967837602851884800
967832502190646400
967827245699059200
967821833377123200
967816265224838400
967810541242204800
967804661429222400
967798625785891200
967792434312211200
967786087008182400
967779583873804800
967772924909078400
967766110114003200
967759139488579200
967752013032806400
967744730746684800
967737292630214400
967729698683395200
967721948906227200
967714043298710400
967705981860844800
967697764592630400
967689391494067200
967680862565155200
967672177805894400
967663337216284800
967654340796326400
967645198981087200
967635931249360800
967626546644872800
967617045167623200
967607426817612000
967597691594839200
967587839499304800
967577870531008800
967567784689951200
967557581976132000
967547262389551200
967536825930208800
967526272598104800
967515602393239200
967504815315612000
967493911365223200
967482890542072800
967471752846160800
967460498277487200
967449126836052000
967437638521855200
967426033334896800
967414311275176800
967402472342695200
967390516537452000
967378443859447200
967366254308680800
967353949276495200
967341530154232800
967328996941893600
967316349639477600
967303588246984800
967290712764415200
967277725278782400
967264631355456000
967251434472792000
967238134630790400
967224731829451200
967211226068774400
967197617348760000
967183905669408000
967170091030718400
967156173432691200
967142152875326400
967128029358624000
967113802882584000
967099473447206400
967085041052491200
967070505698438400
967055867385048000
967041126112320000
967026281880254400
967011334688851200
966996284538110400
966981131428032000
966965875358616000
966950516329862400
966935054341771200
966919489394342400
966903821487576000
966888050621472000
966872176796030400
966856200011251200
966840120267134400
966823937563680000
966807651900888000
966791263278758400
966774771697291200
966758177156486400
966741479656344000
966724679196864000
966707775778046400
966690769399891200
966673660062398400
966656447765568000
966639132509400000
966621714293894400
966604193119051200
966586568984870400
966568841891352000
966551011838496000
966533078826302400
966515042854771200
966496903923902400
966478662033696000
966460317184152000
966441869375270400
966423318607051200
966404664879494400
966385908192600000
966367048546368000
966348085940798400
966329020375891200
966309851851646400
966290580368064000
966271205925144000
966251728522886400
966232148161291200
966212464840358400
966192678560088000
966172789320480000
966152797121534400
966132701963251200
966112503845630400
966092202768672000
966071798732376000
966051291736742400
966030681781771200
966009968867462400
965989152993816000
965968234160832000
965947212368510400
965926087616851200
965904859905854400
965883529235520000
965862095605848000
965840559016838400
965818919468491200
965797176960806400
965775331493784000
965753383067424000
965731331681726400
965709177336691200
965686920032318400
965664559768608000
965642096545560000
965619530363174400
965596861221451200
965574089120390400
965551214059992000
965528236040256000
965505155061182400
965481971122771200
965458684225022400
965435294367936000
965411801551512000
965388205775750400
965364507040651200
965340705346214400
965316800692440000
965292793079328000
965268682506878400
965244468975091200
965220152483966400
965195733033504000
965171210623704000
965146585254566400
965121856926091200
965097025638278400
965072091391128000
965047054184640000
965021914018814400
964996670893651200
964971324809150400
964945875765312000
964920323762136000
964894668799622400
964868910877771200
964843049996582400
964817086156056000
964791019356192000
964764849596990400
964738576878451200
964712201200574400
964685722563360000
964659140966808000
964632456410918400
964605668895691200
964578778421126400
964551784987224000
964524688593984000
964497489241406400
964470186929491200
964442781658238400
964415273427648000
964387662237720000
964359948088454400
964332130979851200
964304210911910400
964276187884632000
964248061898016000
964219832952062400
964191501046771200
964163066182142400
964134528358176000
964105887574872000
964077143832230400
964048297130251200
964019347468934400
963990294848280000
963961139268288000
963931880728958400
963902519230291200
963873054772286400
963843487354944000
963813816978264000
963784043642246400
963754167346891200
963724188092198400
963694105878168000
963663920704800000
963633632572094400
963603241480051200
963572747428670400
963542150417952000
963511450447896000
963480647518502400
963449741629771200
963418732781702400
963387620974296000
963356406207552000
963325088481470400
963293667796051200
963262144151294400
963230517547200000
963198787983768000
963166955460998400
963135019978891200
963102981537446400
963070840136664000
963038595776544000
963006248457086400
962973798178291200
962941244940158400
962908588742688000
962875829585880000
962842967469734400
962810002394251200
962776934359430400
962743763365272000
962710489411776000
962677112498942400
962643632626771200
962610049795262400
962576364004416000
962542575254232000
962508683544710400
962474688875851200
962440591247654400
962406390660120000
962372087113248000
962337680607038400
962303171141491200
962268558716606400
