33060626855726400
33060359557864800
33059831647802400
33059043768391200
33057996433912800
33056689901508000
33055124171176800
33053299757200800
33051218202424800
33048880535412000
33046286756162400
33043436864676000
33040330860952800
33036968744992800
33033350516796000
33029476176362400
33025345852262400
33020959801636800
33016318153056000
33011420906520000
33006268062028800
33000859619582400
32995195579180800
32989275940824000
32983100961652800
32976670898808000
32969985752289600
32963045522097600
32955850208232000
32948399810692800
32940694329480000
32932734664586400
32924522615997600
32916059083706400
32907344067712800
32898377568016800
32889159584618400
32879690117517600
32869969166714400
32859996732208800
32849772942571200
32839298054942400
32828572197892800
32817595371422400
32806367575531200
32794888810219200
32783159075486400
32771178371332800
32758946697758400
32746464054763200
32733730442347200
32720745860510400
32707510309252800
32694023788574400
32680286298475200
32666297838955200
32652058410014400
32637568011652800
32622826643870400
32607834306667200
32592591000043200
32577096723998400
32561351478532800
32545355263646400
32529108336480000
32512610954174400
32495863116729600
32478864824145600
32461616076422400
32444116873560000
32426367215558400
32408367102417600
32390116534137600
32371615510718400
32352864032160000
32333862098462400
32314609709625600
32295106865649600
32275353566534400
32255349812280000
32235095602886400
32214590938353600
32193835818681600
32172830243870400
32151574213920000
32130067728830400
32108310788601600
32086303393233600
32064045542726400
32041537237080000
32018778476294400
31995769260369600
31972509589305600
31948999463102400
31925238881760000
31901227845278400
31876966353657600
31852454406897600
31827692004998400
31802679147960000
31777415835782400
31751902068465600
31726137846009600
31700123168414400
31673858292820800
31647343733510400
31620579747624000
31593566335161600
31566303496123200
31538791230508800
31511029538318400
31483018419552000
31454757874209600
31426247902291200
31397488503796800
31368479678726400
31339221427080000
31309713748857600
31279956644059200
31249950112684800
31219694154734400
31189188770208000
31158433959105600
31127429721427200
31096176057172800
31064672966342400
31032920448936000
31000918504953600
30968667134395200
30936166337260800
30903416113550400
30870416463264000
30837167386401600
30803668882963200
30769920952948800
30735923596358400
30701676813192000
30667180603449600
30632434967131200
30597439904236800
30562195414766400
30526701498720000
30490958156097600
30454965386899200
30418723191124800
30382231568774400
30345490519848000
30308500044345600
30271260142267200
30233770813612800
30196032058382400
30158043876576000
30119806268193600
30081319233235200
30042582771700800
30003596883590400
29964361568904000
29924876827641600
29885142659803200
29845159065388800
29804926044398400
29764443596832000
29723711722689600
29682730421971200
29641499694676800
29600019540806400
29558289960360000
29516310953337600
29474082519739200
29431604659564800
29388877372814400
29345900659488000
29302674519585600
29259198953107200
29215473960052800
29171499540422400
29127275694216000
29082802421433600
29038079722075200
28993107596140800
28947886043630400
28902415064544000
28856694658881600
28810724826643200
28764505567828800
28718036882438400
28671318770472000
28624351231929600
28577134266811200
28529667875116800
28481952056846400
28433986812000000
28385772140577600
28337308042579200
28288594518004800
28239631566854400
28190419189128000
28140957384825600
28091246153947200
28041285496492800
27991075412462400
27940615901856000
27889906964673600
27838948600915200
27787740810580800
27736283593670400
27684576950184000
27632620880121600
27580415383483200
27527960460268800
27475256110478400
27422302334112000
27369099131169600
27315646501651200
27261944445556800
27207992962886400
27153792053640000
27099341717817600
27044641955419200
26989692766444800
26934494150894400
26879046108768000
26823348640065600
26767401744787200
26711205808644000
26654761345917600
26598068485178400
26541127226426400
26483937569661600
26426499514884000
26368813062093600
26310878211290400
26252694962474400
26194263315645600
26135583270804000
26076654827949600
26017477987082400
25958052748202400
25898379111309600
25838457076404000
25778286643485600
25717867812554400
25657200583610400
25596284956653600
25535120931684000
25473708508701600
25412047687706400
25350138468698400
25287980851677600
25225574836644000
25162920423597600
25100017612538400
25036866403466400
24973466796381600
24909818791284000
24845922388173600
24781777587050400
24717384387914400
24652742790765600
24587852795604000
24522714402429600
24457327611242400
24391692422042400
24325808834829600
24259676849604000
24193296466365600
24126667685114400
24059790505850400
23992664928573600
23925290953284000
23857668579981600
23789797808666400
23721678896479200
23653312100560800
23584697420911200
23515834857530400
23446724410418400
23377366079575200
23307759865000800
23237905766695200
23167803784658400
23097453918890400
23026856169391200
22956010536160800
22884917019199200
22813575618506400
22741986334082400
22670149165927200
22598064114040800
22525731178423200
22453150359074400
22380321655994400
22307245069183200
22233920598640800
22160348244367200
22086528006362400
22012459884626400
21938143879159200
21863579989960800
21788768217031200
