1858011860914070400
1858010991521731200
1858009343338915200
1858006916365622400
1858003710601852800
1857999726047606400
1857994962702883200
1857989420567683200
1857983106388953600
1857976033660588800
1857968209129536000
1857959632795795200
1857950304659366400
1857940224720249600
1857929397797692800
1857917835457891200
1857905544447792000
1857892524767395200
1857878776416700800
1857864299395708800
1857849093704419200
1857833159342832000
1857816496310947200
1857799104608764800
1857780984236284800
1857762135193507200
1857742557480432000
1857722251097059200
1857701216043388800
1857679452319420800
1857656959925155200
1857633738860592000
1857609789125731200
1857585110720572800
1857559703645116800
1857533567899363200
1857506703483312000
1857479110396963200
1857450788640316800
1857421738213372800
1857391959116131200
1857361451348592000
1857330214910755200
1857298249802620800
1857265556024188800
1857232133575459200
1857197982456432000
1857163102667107200
1857127494207484800
1857091157077564800
1857054091277347200
1857016296806832000
1856977773666019200
1856938521854908800
1856898541373500800
1856857832221795200
1856816450303068800
1856774505496176000
1856732051776694400
1856689089144624000
1856645617599964800
1856601637142716800
1856557147772880000
1856512149490454400
1856466642295440000
1856420626187836800
1856374101167644800
1856327067234864000
1856279524389494400
1856231472631536000
1856182911960988800
1856133842377852800
1856084263882128000
1856034176473814400
1855983580152912000
1855932474919420800
1855880860773340800
1855828737714672000
1855776105743414400
1855722964859568000
1855669315063132800
1855615156354108800
1855560488732496000
1855505312198294400
1855449626751504000
1855393549017926400
1855337310321465600
1855281025360224000
1855224694134201600
1855168316643398400
1855111892887814400
1855055422867449600
1854998906582304000
1854942344032377600
1854885735217670400
1854829080138182400
1854772378793913600
1854715631184864000
1854658837311033600
1854601997172422400
1854545110769030400
1854488178100857600
1854431199167904000
1854374173970169600
1854317102507654400
1854259984780358400
1854202820788281600
1854145610531424000
1854088354009785600
1854031051223366400
1853973702172166400
1853916306856185600
1853858865275424000
1853801377429881600
1853743843319558400
1853686262944454400
1853628636304569600
1853570963399904000
1853513244230457600
1853455478796230400
1853397667097222400
1853339809133433600
1853281904904864000
1853223954411513600
1853165957653382400
1853107914630470400
1853049825342777600
1852991689790304000
1852933507973049600
1852875279891014400
1852817005544198400
1852758684932601600
1852700318056224000
1852641904915065600
1852583445509126400
1852524939838406400
1852466387902905600
1852407789702624000
1852349145237561600
1852290454507718400
1852231717513094400
1852172934253689600
1852114104729504000
1852055228940537600
1851996306886790400
1851937338568262400
1851878323984953600
1851819263136864000
1851760156023993600
1851701002646342400
1851641803003910400
1851582557096697600
1851523264924704000
1851463926487929600
1851404541786374400
1851345110820038400
1851285633588921600
1851226110093024000
1851166540332345600
1851106924306886400
1851047262016646400
1850987553461625600
1850927798641824000
1850867997557241600
1850808150207878400
1850748256593734400
1850688316714809600
1850628330571104000
1850568298162617600
1850508219489350400
1850448094551302400
1850387923348473600
1850327705880864000
1850267442148473600
1850207132151302400
1850146775889350400
1850086373362617600
1850025924571104000
1849965429514809600
1849904888193734400
1849844300607878400
1849783666757241600
1849722986641824000
1849662260261625600
1849601487616646400
1849540668706886400
1849479803532345600
1849418892093024000
1849357934388921600
1849296930420038400
1849235880186374400
1849174783687929600
1849113640924704000
1849052451896697600
1848991216603910400
1848929935046342400
1848868607223993600
1848807233136864000
1848745812784953600
1848684346168262400
1848622833286790400
1848561274140537600
1848499668729504000
1848438017053689600
1848376319113094400
1848314574907718400
1848252784437561600
1848190947702624000
1848129064702905600
1848067135438406400
1848005159909126400
1847943138115065600
1847881070056224000
1847818955732601600
1847756795144198400
1847694588291014400
1847632335173049600
1847570035790304000
1847507690142777600
1847445298230470400
1847382860053382400
1847320375611513600
1847257844904864000
1847195267933433600
1847132644697222400
1847069975196230400
1847007259430457600
1846944497399904000
1846881689104569600
1846818834544454400
1846755933719558400
1846692986629881600
1846629993275424000
1846566953656185600
1846503867772166400
1846440735623366400
1846377557209785600
1846314332531424000
1846251061588281600
1846187744380358400
1846124380907654400
1846060971170169600
1845997515167904000
1845934012900857600
1845870464369030400
1845806869572422400
1845743228511033600
1845679541184864000
1845615807593913600
1845552027738182400
1845488201617670400
1845424329232377600
1845360410582304000
1845296445667449600
1845232434487814400
1845168377043398400
1845104273334201600
1845040123360224000
1844975927121465600
1844911684617926400
1844847395849606400
1844783060816505600
1844718679518624000
1844654251955961600
1844589778128518400
1844525258036294400
1844460691679289600
1844396079057504000
1844331420170937600
1844266715019590400
1844201963603462400
1844137165922553600
1844072321976864000
1844007431766393600
1843942495291142400
1843877512551110400
1843812483546297600
1843747408276704000
1843682286742329600
1843617118943174400
1843551904879238400
1843486644550521600
1843421337957024000
1843355985098745600
1843290585975686400
1843225140587846400
1843159648935225600
1843094111017824000
1843028526835641600
1842962896388678400
1842897219676934400
1842831496700409600
1842765727459104000
1842699911953017600
1842634050182150400
1842568142146502400
1842502187846073600
1842436187280864000
1842370140450873600
1842304047356102400
