350746524486540000
341266798035072000
331787046709440000
322307302129344000
312827564294784000
303347833205760000
293868108862272000
284388391264320000
274908680411904000
265428976305024000
255949278943680000
246469588327872000
236989904457600000
227510227332864000
218030556953664000
208550893320000000
199071236431872000
189591586289280000
180111942892224000
170632306240704000
161152676334720000
151673053174272000
142193436759360000
132713827089984000
123234224166144000
113754627987840000
104275038555072000
94795455867840000
85315879926144000
75836310729984000
66356748279360000
56877192574272000
47397643614720000
37918101400704000
28438565932224000
18959037209280000
9479515231872000
0
0
0
0
0
0
0
0
0
0
0
0
0
0
0
0
0
0
0
0
0
0
0
0
0
0
0
0
0
0
0
0
0
0
0
0
0
0
0
0
0
0
0
0
0
0
0
0
0
0
0
0
0
0
0
0
0
0
0
0
0
0
0
0
0
0
0
0
0
0
0
0
0
0
0
0
0
0
0
0
0
0
0
0
0
0
0
0
0
0
0
0
0
0
0
0
0
0
0
0
0
0
0
0
0
0
0
0
0
0
0
0
0
0
0
0
0
0
0
0
0
0
0
0
0
0
0
0
0
0
0
0
0
0
0
0
0
0
0
0
0
0
0
0
0
0
0
0
0
0
0
0
0
0
0
0
0
0
0
0
0
0
0
0
0
0
0
0
0
0
0
0
0
0
0
0
0
0
0
0
0
0
0
0
0
0
0
0
0
0
0
0
0
0
0
0
0
0
0
0
0
0
0
0
0
0
0
0
0
0
0
0
0
0
0
0
0
0
0
0
0
0
0
0
0
0
0
0
0
0
0
0
0
0
0
0
0
0
0
0
0
0
0
0
0
0
0
0
0
0
0
0
0
0
0
0
0
0
0
0
0
0
0
