1999999815000000000
1999999109000000000
1999997847000000000
1999996275000000000
1999994515000000000
1999992567000000000
1999990433000000000
1999988115000000000
1999985615000000000
1999982935000000000
1999980075000000000
1999977035000000000
1999973815000000000
1999970415000000000
1999966836000000000
1999963080000000000
1999959148000000000
1999955040000000000
1999950756000000000
1999946296000000000
1999941660000000000
1999936848000000000
1999931862000000000
1999926704000000000
1999921374000000000
1999915872000000000
1999910198000000000
1999904352000000000
1999898334000000000
1999892144000000000
1999885782000000000
1999879248000000000
1999872542000000000
1999865664000000000
1999858614000000000
1999851392000000000
1999844001000000000
1999836449000000000
1999828741000000000
1999820877000000000
1999812857000000000
1999804681000000000
1999796349000000000
1999787861000000000
1999779217000000000
1999770417000000000
1999761461000000000
1999752349000000000
1999743081000000000
1999733657000000000
1999724077000000000
1999714341000000000
1999704449000000000
1999694401000000000
1999684197000000000
1999673837000000000
1999663321000000000
1999652649000000000
1999641821000000000
1999630837000000000
1999619697000000000
1999608401000000000
1999596949000000000
1999585341000000000
1999573577000000000
1999561657000000000
1999549581000000000
1999537349000000000
1999524961000000000
1999512417000000000
1999499717000000000
1999486861000000000
1999473849000000000
1999460681000000000
1999447357000000000
1999433877000000000
1999420241000000000
1999406449000000000
1999392501000000000
1999378397000000000
1999364137000000000
1999349721000000000
1999335149000000000
1999320421000000000
1999305537000000000
1999290497000000000
1999275301000000000
1999259949000000000
1999244441000000000
1999228777000000000
1999212957000000000
1999196981000000000
1999180849000000000
1999164561000000000
1999148117000000000
1999131517000000000
1999114761000000000
1999097849000000000
1999080781000000000
1999063557000000000
1999046177000000000
1999028641000000000
1999010949000000000
1998993101000000000
1998975097000000000
1998956937000000000
1998938621000000000
1998920149000000000
1998901521000000000
1998882737000000000
1998863797000000000
1998844701000000000
1998825449000000000
1998806041000000000
1998786477000000000
1998766757000000000
1998746881000000000
1998726849000000000
1998706661000000000
1998686317000000000
1998665817000000000
1998645161000000000
1998624349000000000
1998603381000000000
1998582257000000000
1998560977000000000
1998539541000000000
1998517949000000000
1998496201000000000
1998474297000000000
1998452237000000000
1998430021000000000
1998407649000000000
1998385121000000000
1998362437000000000
1998339597000000000
1998316601000000000
1998293449000000000
1998270141000000000
1998246677000000000
1998223057000000000
1998199281000000000
1998175349000000000
1998151261000000000
1998127017000000000
1998102617000000000
1998078061000000000
1998053349000000000
1998028481000000000
1998003457000000000
1997978277000000000
1997952941000000000
1997927449000000000
1997901801000000000
1997875997000000000
1997850037000000000
1997823921000000000
1997797649000000000
1997771221000000000
1997744637000000000
1997717897000000000
1997691001000000000
1997663949000000000
1997636741000000000
1997609377000000000
1997581857000000000
1997554194000000000
1997526412000000000
1997498522000000000
1997470524000000000
1997442418000000000
1997414204000000000
1997385882000000000
1997357452000000000
1997328914000000000
1997300268000000000
1997271514000000000
1997242652000000000
1997213682000000000
1997184604000000000
1997155418000000000
1997126124000000000
1997096722000000000
1997067212000000000
1997037594000000000
1997007868000000000
1996978034000000000
1996948092000000000
1996918042000000000
1996887884000000000
1996857618000000000
1996827244000000000
1996796762000000000
1996766172000000000
1996735474000000000
1996704668000000000
1996673754000000000
1996642732000000000
1996611602000000000
1996580364000000000
1996549018000000000
1996517564000000000
1996486002000000000
1996454332000000000
1996422554000000000
1996390668000000000
1996358674000000000
1996326572000000000
1996294362000000000
1996262044000000000
1996229618000000000
1996197084000000000
1996164442000000000
1996131692000000000
1996098834000000000
1996065868000000000
1996032794000000000
1995999612000000000
1995966322000000000
1995932924000000000
1995899418000000000
1995865804000000000
1995832082000000000
1995798252000000000
1995764314000000000
1995730268000000000
1995696114000000000
1995661852000000000
1995627482000000000
1995593004000000000
1995558418000000000
1995523724000000000
1995488922000000000
1995454012000000000
1995418994000000000
1995383868000000000
1995348634000000000
1995313292000000000
1995277842000000000
1995242287000000000
1995206631000000000
1995170875000000000
1995135019000000000
1995099063000000000
1995063007000000000
1995026851000000000
1994990595000000000
1994954239000000000
1994917783000000000
1994881227000000000
1994844571000000000
1994807815000000000
1994770959000000000
1994734003000000000
1994696947000000000
1994659791000000000
1994622535000000000
1994585179000000000
1994547723000000000
1994510167000000000
1994472511000000000
1994434755000000000
1994396899000000000
1994358943000000000
1994320887000000000
1994282731000000000
1994244475000000000
1994206119000000000
1994167663000000000
1994129107000000000
1994090451000000000
1994051695000000000
1994012839000000000
1993973883000000000
1993934827000000000
1993895671000000000
1993856415000000000
1993817059000000000
1993777603000000000
1993738047000000000
1993698391000000000
1993658635000000000
1993618779000000000
1993578823000000000
1993538767000000000
1993498611000000000
1993458355000000000
1993417999000000000
1993377543000000000
1993336987000000000
1993296331000000000
1993255575000000000
1993214719000000000
1993173763000000000
1993132707000000000
1993091551000000000
1993050295000000000
1993008939000000000
1992967483000000000
1992925927000000000
