1153673716155969986
1153673382736434469
1153672826024544870
1153672068045737476
1153671164243351906
1153670160187256340
1153669055877450778
1153667851313935220
1153666546496709666
1153665141425774116
1153663636101128570
1153662030522773028
1153660324690707490
1153658518604931956
1153656612265446426
1153654605672250900
1153652498825345378
1153650291724729860
1153647984370404346
1153645576762368836
1153643068900623330
1153640460785167828
1153637752416002330
1153634943793126836
1153632034916541346
1153629025786245860
1153625916402240378
1153622708283520506
1153619402949081850
1153616001158422213
1153612504430537201
1153608913524924617
1153605228441584461
1153601449180516733
1153597575741721433
1153593608125198561
1153589546330948117
1153585390358970101
1153581140209264513
1153576795881831353
1153572357376670621
1153567824693782317
1153563197833166441
1153558476794822993
1153553661578751973
1153548752184953381
1153543748613427217
1153538650864173481
1153533458937192173
1153528172832483293
1153522792550046841
1153517318089882817
1153511749451991221
1153506086636372053
1153500329643025313
1153494478471951001
1153488536161140329
1153482505748584509
1153476387234283541
1153470180618237425
1153463885900446161
1153457503080909749
1153451032159628189
1153444473136601481
1153437826011829625
1153431090785312621
1153424267457050469
1153417356027043169
1153410356495290721
1153403268861793125
1153396093126550381
1153388829289562489
1153381477350829449
1153374037310351261
1153366509168127925
1153358892924159441
1153351188578445809
1153343396130987029
1153335515581783101
1153327546930834025
1153319490178139801
1153311345323700429
1153303112367515909
1153294791309586241
1153286382149911425
1153277884888491461
1153269299525326349
1153260626060416089
1153251864493760681
1153243014825360125
1153234077055214421
1153225051183323569
1153215937209687569
1153206735134306421
1153197444957180125
1153188066678308681
1153178600297692089
1153169045815330349
1153159403231223461
1153149672545371425
1153139853757774241
1153129946868431909
1153119951877344429
1153109868784511801
1153099697589934025
1153089438293611101
1153079090895543029
1153068655395729809
1153058131794171441
1153047520090867925
1153036820285819261
1153026032379025449
1153015156370486489
1153004192260202381
1152993140048173125
1152981999734398721
1152970771318879169
1152959454801614469
1152948050182604621
1152936557461849625
1152924976639349481
1152913309993597598
1152901562081580794
1152889735181792478
1152877829294232650
1152865844418901310
1152853780555798458
1152841637704924094
1152829415866278218
1152817115039860830
1152804735225671930
1152792276423711518
1152779738633979594
1152767121856476158
1152754426091201210
1152741651338154750
1152728797597336778
1152715864868747294
1152702853152386298
1152689762448253790
1152676592756349770
1152663345595669844
1152650024004205224
1152636629500951516
1152623162085908720
1152609621759076836
1152596008520455864
1152582322370045804
1152568563307846656
1152554731333858420
1152540826448081096
1152526848650514684
1152512797941159184
1152498674320014596
1152484477787080920
1152470208342358156
1152455865985846304
1152441450717545364
1152426962537455336
1152412401445576220
1152397767441908016
1152383060526450724
1152368280699204344
1152353427960168876
1152338502309344320
1152323503746730676
1152308432272327944
1152293287886136124
1152278070588155216
1152262780378385220
1152247417256826136
1152231981223477964
1152216472278340704
1152200890421414356
1152185235652698920
1152169507972194396
1152153707379900784
1152137833875818084
1152121887459946296
1152105868132285420
1152089775892835456
1152073610741596404
1152057372678568264
1152041061703751036
1152024677817144720
1152008221018749316
1151991691308564824
1151975088686591244
1151958413152828576
1151941664707276820
1151924843349935976
1151907949080806044
1151890981899887024
1151873941807178916
1151856828802681720
1151839642886395436
1151822384058320064
1151805052318455604
1151787647666802056
1151770170103359420
1151752619628127696
1151734996241106884
1151717299942296984
1151699530731697996
1151681688609309920
1151663773575132756
1151645785629166504
1151627724771411164
1151609591001866736
1151591384320533220
1151573104727410616
1151554752222498924
1151536326805798144
1151517828477308276
1151499257237029320
1151480613084961276
1151461896021104144
1151443106045457924
1151424243158022616
1151405307358798220
1151386298647784736
1151367217024982164
1151348062490390504
1151328835044009756
1151309534685839920
1151290161415880996
1151270715234132984
1151251196140595884
1151231604135269696
1151211939218154420
1151192201389250056
1151172390648556604
1151152506996074064
1151132550431802436
1151112520955741720
1151092418567891916
1151072243268253024
1151051995056825044
1151031673933607976
1151011279898601820
1150990812951806576
1150970273093222244
1150949660322848824
1150928974640686316
1150908216046734720
1150887384540994036
1150866480123464264
1150845502794145404
1150824452553037456
1150803329400140420
1150782133335454296
1150760864358979084
1150739522470714784
1150718107670661396
1150696619958818920
1150675059335187356
1150653425799766704
1150631719352556964
1150609939993558136
1150588087722770220
1150566162540193216
1150544164445827124
1150522093439671944
1150499949521727676
1150477732691994320
1150455442950471876
1150433080297160344
1150410644732059724
1150388136255170016
1150365554866491220
1150342900566023336
1150320173353766364
1150297373229720304
1150274500193885156
1150251554246260920
1150228535386847596
1150205443615645184
1150182278932653684
1150159041337873096
1150135730831303420
1150112347412944656
1150088891082796804
1150065361840859864
1150041759687133836
1150018084621618720
1149994336644314516
1149970515755221224
1149946621954338844
1149922655241667376
1149898615617206820
1149874503080957176
1149850317632918444
1149826059273090624
1149801728001473716
1149777323818067720
1149752846722872636
1149728296715888464
1149703673797115204
1149678977966552856
1149654209224201420
