100817415615914
100815740033142
100812843262926
100808867303806
100803812155782
100797677818854
100790464293022
100782256777410
100773225670266
100763456170714
100752948278754
100741701994386
100729717317610
100716994248426
100703546986688
100689425231885
100674714183141
100659463539945
100643673302297
100627343470197
100610474043645
100593065022641
100575116407185
100556628197277
100537600392917
100518032994105
100497926000841
100477279413125
100456093230957
100434367454337
100412102083265
100389297117741
100365952557765
100342068403337
100317644654457
100292681311125
100267178373341
100241135841105
100214553714417
100187431993277
100159770677685
100131569767641
100102829263145
100073549164197
100043729470797
100013370182945
99982471300641
99951032823885
99919054752677
99886537087017
99853479826905
99819882972341
99785746523325
99751070479857
99715854841937
99680099609565
99643804782741
99606970361465
99569596345737
99531682735557
99493229530925
99454236731841
99414704338305
99374632350317
99334020767877
99292869590985
99251178819641
99208948453845
99166178493597
99122868938897
99079019789745
99034631046141
98989702708085
98944234775577
98898227248617
98851680127205
98804593411341
98756967101025
98708801196257
98660095697037
98610850603365
98561065915241
98510741632665
98459877755637
98408474284157
98356616417349
98304474553461
98252133891617
98199594431817
98146856174061
98093919118349
98040783264681
97987448613057
97933915163477
97880182915941
97826251870449
97772122027001
97717793385597
97663265946237
97608539708921
97553614673649
97498490840421
97443168209237
97387646780097
97331940752855
97276064327365
97220017503627
97163800281641
97107412661407
97050854642925
96994126226195
96937227411217
96880158197991
96822918586517
96765508576795
96707928168825
96650177362607
96592256158141
96534164555427
96475916754319
96417526954671
96358995156483
96300321359755
96241505564487
96182547770679
96123447978331
96064206187443
96004822398015
95945296610047
95885628823539
95825819038491
95765867254903
95705773472775
95645537692107
95585159912899
95524640135151
95463978358863
95403174584035
95342228810667
95281141038759
95219911268311
95158539499323
95097025731795
95035369965727
94973572201119
94911632437971
94849550676283
94787326916055
94724961157287
94662453399979
94599803644131
94537011889743
94474078136815
94411002385347
94347784635339
94284424886791
94220923139703
94157279394075
94093493649907
94029565907199
93965496165951
93901284426163
93836930687835
93772434950967
93707797215559
93643017481611
93578095749123
93513032018095
93447826288527
93382478560419
93316988833771
93251357108583
93185583384855
93119667662587
93053609941779
92987410222431
92921068504543
92854584788115
92787959073147
92721191359639
92654281647591
92587229937003
92520036227875
92452700520207
92385222813999
92317603109251
92249841405963
92181937704135
92113892003767
92045704304859
91977374607411
91908902911423
91840289216895
91771533523827
91702635832219
91633596142071
91564414453383
91495090766155
91425625080387
91356017396079
91286267713231
91216376031843
91146342351915
91076166673447
91005848996439
90935389320891
90864787646803
90794043974175
90723158303007
90652130633299
90580960965051
90509649298263
90438195632935
90366599969067
90294862306659
90222982645711
90150960986223
90078797328195
90006491671627
89934044016519
89861454362871
89788722710683
89715849059955
89642847610541
89569746762149
89496560714633
89423289467993
89349933022229
89276491377341
89202964533329
89129352490193
89055655247933
88981872806549
88908005166041
88834052326409
88760014287653
88685891049773
88611682612769
88537388976641
88463010141389
88388546107013
88313996873513
88239362440889
88164642809141
88089837978269
88014947948273
87939972719153
87864912290909
87789766663541
87714535837049
87639219811433
87563818586693
87488332162829
87412760539841
87337103717729
87261361696493
87185534476133
87109622056649
87033624438041
86957541620309
86881373603453
86805120387473
86728781972369
86652358358141
86575849544789
86499255532313
86422576320713
86345811909989
86268962300141
86192027491169
86115007483073
86037902275853
85960711869509
85883436264041
85806075459449
85728629455733
85651098252893
85573481850929
85495780249841
85417993449629
85340121450293
85262164251833
85184121854249
85105994257541
85027781461709
84949483466753
84871100272673
84792631879469
84714078287141
84635439495689
84556715505113
84477906315413
84399011926589
84320032338641
84240967551569
84161817565373
84082582380053
84003261995609
83923856412041
83844365629349
