3445163870
3440514414
3432377866
3421086330
3407137962
3391363022
3374259666
3355952433
3336607375
3316266005
3294928323
3272594329
3249264023
3224937405
3199614475
3173295233
3145979679
3117667813
3088442661
3058387249
3027501577
2995785645
2963239453
2929863001
2895656289
2860660830
2825042676
2788926366
2752311900
2715199278
2677588500
2639479566
2600872476
2561767230
2522163828
2482062270
2441462556
2400364686
2358768660
2316799017
2274621809
2232278549
2189769237
2147093873
2104252457
2061244989
2018071469
1974731897
1931226273
1887554597
1843716869
1799713089
1755543257
1711207373
1666705437
1622037449
1577203409
1532203317
1487037173
1441704977
1396206729
1350542429
1304712077
1258715673
1212553217
1166224709
1119730149
1073069537
1026450438
980204956
934457630
889208460
844457446
800204588
756449886
713193340
670434950
628174716
586412638
545148716
504382950
464115340
424428912
385406692
347048680
309354876
272325280
235959892
200258712
165221740
130848976
97140420
64096072
31715932
0
0
0
0
0
0
0
0
0
0
0
0
0
0
0
0
0
0
0
0
0
0
0
0
0
0
0
0
0
0
0
0
0
0
0
0
0
0
0
0
0
0
0
0
0
0
0
0
0
0
0
0
0
0
0
0
0
0
0
0
0
0
0
0
0
0
0
0
0
0
0
0
0
0
0
0
0
0
0
0
0
0
0
0
0
0
0
0
0
0
0
0
0
0
0
0
0
0
0
0
0
0
0
0
0
0
0
0
0
0
0
0
0
0
0
0
0
0
0
0
0
0
0
0
0
0
0
0
0
0
0
0
0
0
0
0
0
0
0
0
0
0
0
0
0
0
0
0
0
0
0
0
0
0
0
0
0
0
0
0
0
0
0
0
0
0
0
0
0
0
0
0
0
0
0
0
0
0
0
0
0
0
0
0
0
0
0
0
0
0
0
0
0
0
0
0
0
0
0
0
0
0
0
0
0
0
