8540525975
8532683135
8519219593
8500658205
8477652541
8450725457
8419876953
8385107029
8346415685
8303933635
8257922307
8209165985
8158841095
8107470493
8055054179
8001592153
7947084415
7891530965
7834931803
7777286929
7718596343
7658860045
7598339463
7537296025
7475729731
7413640581
7351028575
7287893713
7224235995
7160055421
7095351991
7030125705
6964376563
6898104565
6831309711
6763992001
6696151435
6627788013
6558901735
6489492601
6419560611
6349105765
6278128063
6206627505
6134604091
6062057821
5988988695
5915396713
5841281875
5766644181
5691483631
5615800225
5539593963
5462995559
5386397155
5310060179
5233984631
5158170511
5082617819
5007326555
4932296719
4857528311
4783021331
4708775779
4634791655
4561068959
4487607691
4414407851
4341469439
4268792455
4196376899
4124222771
4052330071
3980698799
3909328955
3838220539
3767373551
3696787991
3626463859
3556401155
3486599879
3417060031
3347781611
3278764619
3210009055
3141514919
3073282211
3005310931
2937601079
2870152655
2802965659
2736040091
2669375951
2602973239
2536831955
2470952099
2405333671
2339976671
2274881099
2210046955
2145474239
2081162951
2017243805
1953847515
1890974081
1828623503
1766795781
1705490915
1644708905
1584449751
1524713453
1465500011
1406809425
1348707052
1291454320
1235247300
1180085992
1125970396
1072900512
1020876340
969897880
919965132
871078096
823236772
776441160
730691260
685987072
642328596
599715832
558148780
517627440
478151812
439721896
402337692
365999200
330706420
296459352
263257996
231102352
199992420
169928200
140909692
112936896
86009812
60128440
35292780
11502832
0
0
0
0
0
0
0
0
0
0
0
0
0
0
0
0
0
0
0
0
0
0
0
0
0
0
0
0
0
0
0
0
0
0
0
0
0
0
0
0
0
0
0
0
0
0
0
0
0
0
0
0
0
0
0
0
0
0
0
0
0
0
0
0
0
0
0
0
0
0
0
0
0
0
0
0
0
0
0
0
0
0
0
0
0
0
0
0
0
0
0
0
0
0
0
0
0
0
0
0
0
0
0
0
0
0
0
0
0
0
0
0
0
0
0
0
0
0
0
0
0
0
0
0
0
0
0
0
0
0
0
0
0
0
0
0
0
0
0
0
0
0
0
0
0
0
0
0
0
0
0
0
0
