1368895730269801617
1368895340605059750
1368894611741710313
1368893561880654200
1368892208395478628
1368890557077379336
1368888607926356324
1368886360942409592
1368883816125539140
1368880973475744968
1368877832993027076
1368874396332012818
1368870665147329548
1368866683286602147
1368862538445080377
1368858274470389119
1368853891362528373
1368849389121498139
1368844767747298417
1368840027239929207
1368835167599390509
1368830188825682323
1368825090918804649
1368819873878757487
1368814537705540837
1368809085708409407
1368803521196617905
1368797844170166331
1368792054629054685
1368786152573282967
1368780138002851177
1368774010917759315
1368767771318007381
1368761419203595375
1368754954574523297
1368748377430791147
1368741687772398925
1368734885599346631
1368727970911634265
1368720943709261827
1368713803992229317
1368706551760536735
1368699187014184081
1368691709753171355
1368684119977498557
1368676417687165687
1368668602882172745
1368660675562519731
1368652635728206645
1368644483379233487
1368636218515600257
1368627841137306955
1368619351244353581
1368610749664053812
1368602038051035002
1368593217232610828
1368584287208781290
1368575247979546388
1368566099544906122
1368556841904860492
1368547475059409498
1368537999008553140
1368528413752291418
1368518719290624332
1368508915623551882
1368499002751074068
1368488980673190890
1368478849389902348
1368468608901208442
1368458259207109172
1368447800307604538
1368437232202694540
1368426554892379178
1368415768376658452
1368404872655532362
1368393867729000908
1368382753597064090
1368371530259721908
1368360199371601716
1368348762587330868
1368337219906909364
1368325571330337204
1368313816857614388
1368301956488740916
1368289990223716788
1368277918062542004
1368265740005216564
1368253456051740468
1368241066202113716
1368228570456336308
1368215968814408244
1368203261276329524
1368190447842100148
1368177528511720116
1368164503285189428
1368151372162508084
1368138135143676084
1368124792228693428
1368111343417560116
1368097788710276148
1368084128106841524
1368070361607256244
1368056489211520308
1368042510919633716
1368028426731596468
1368014236647408564
1367999940667070004
1367985538790580788
1367971031017940916
1367956417349150388
1367941697784209204
1367926872323117364
1367911940965874868
1367896903712481716
1367881760562937908
1367866511517243444
1367851156575398324
1367835695737402548
1367820129003256116
1367804456372959028
1367788677846511284
1367772793423912884
1367756803105163828
1367740706890264116
1367724504779213748
1367708196772012724
1367691782868661044
1367675263069158708
1367658637373505716
1367641905781702068
1367625068293747764
1367608135664720605
1367591131059403547
1367574066887501745
1367556943149015199
1367539759843943909
1367522516972287875
1367505214534047097
1367487852529221575
1367470430957811309
1367452949819816299
1367435409115236545
1367417808844072047
1367400149006322805
1367382429601988819
1367364650631070089
1367346812093566615
1367328913989478397
1367310956318805435
1367292939081547729
1367274862277705279
1367256725907278085
1367238529970266147
1367220274466669465
1367201959396488039
1367183584759721869
1367165150556370955
1367146656786435297
1367128103449914895
1367109490546809749
1367090818077119859
1367072086040845225
1367053294437985847
1367034443268541725
1367015532532512859
1366996562229899249
1366977532360700895
1366958442924917797
1366939293922549955
1366920085353597369
1366900817218060039
1366881489515937965
1366862102247231147
1366842655411939585
1366823149010063279
1366803583041602229
1366783957506556435
1366764272404925897
1366744527736710615
1366724723501910589
1366704859700525819
1366684936332556305
1366664953398002047
1366644910896863045
1366624808829139299
1366604647194830809
1366584425993937575
1366564145226459597
1366543804892396875
1366523404991749409
1366502945524517199
1366482426490700245
1366461847890298547
1366441209723312105
1366420511989740919
1366399754689584989
1366378937822844315
1366358061389518897
1366337125389608735
1366316129823113829
1366295074690034179
1366273959990369785
1366252785724120647
1366231551891286765
1366210258491868139
1366188905525864769
1366167492993276655
1366146020894103797
1366124489228346195
1366102897996003849
1366081247197076759
1366059536831564925
1366037766899468347
1366015937400787025
1365994048335520959
1365972099703670149
1365950091505234595
1365928023740214297
1365905896408609255
1365883709510419469
1365861463045644939
1365839157014285665
1365816791416341647
1365794366251812885
1365771881520699379
1365749337223001129
1365726733358718135
1365704069927850397
1365681346930397915
1365658564366360689
1365635722235738719
1365612820538532005
1365589859274740547
1365566838444364345
1365543758047403399
1365520618083857709
1365497418553727275
1365474159457012097
1365450840793712175
1365427462563827509
1365404024767358099
1365380527404303945
1365356970474665047
1365333353978441405
1365309677915633019
1365285942286239889
1365262147090262015
1365238292327699397
1365214377998552035
1365190404102819929
1365166370640503079
1365142277611601485
1365118125016115147
1365093912854044065
1365069641125388239
1365045309830147669
1365020918968322355
1364996468539912297
1364971958544917495
1364947388983337949
1364922759855173659
1364898071160424625
1364873322899090847
1364848515071172325
1364823647676669059
1364798720715581049
1364773734187908295
1364748688093650797
1364723582432808555
1364698417205381569
1364673192411369839
1364647908050773365
1364622564123592147
1364597160629826185
1364571697569475479
1364546174942540029
1364520592749019835
1364494950988914897
1364469249662225215
1364443488768950789
1364417668309091619
1364391788282647705
1364365848689619047
1364339849530005645
1364313790803807499
1364287672511024609
1364261494651656975
1364235257225704597
1364208960233167475
1364182603674045609
1364156187548338999
1364129711856047645
1364103176597171547
1364076581771710705
1364049927379665119
1364023213421034789
1363996439895819715
1363969606804019897
1363942714145635335
1363915761920666029
