1560843049334112745
1560841763082179961
1560839223264661586
1560835438715705510
1560830693894873791
1560825555954460967
1560820308470614307
1560814953210163389
1560809493706767369
1560803931727255825
1560798267271628757
1560792500339886165
1560786630932028049
1560780659048054409
1560774584687965245
1560768407851760557
1560762128539440345
1560755746751004609
1560749262486453349
1560742677512616143
1560735993596322569
1560729210737572627
1560722328936366317
1560715348192703639
1560708268506584593
1560701089878009179
1560693822907954865
1560686488798376587
1560679098150251813
1560671650963580543
1560664147238362777
1560656586974598515
1560648970172287757
1560641296831430503
1560633566952026753
1560625780534076507
1560617937577579765
1560610038082536527
1560602082048946793
1560594069476810563
1560586000366127837
1560577874716898615
1560569692529122897
1560561453802800683
1560553158537931973
1560544806734516767
1560536398392555065
1560527933512046867
1560519412092992173
1560510834135390983
1560502199639243297
1560493508604549115
1560484761031308437
1560475956919521263
1560467096269187593
1560458179080307427
1560449205352880765
1560440175086907607
1560431088282387953
1560421944939321803
1560412745057709157
1560403488637550015
1560394175678844377
1560384806181592243
1560375380145793613
1560365897571448487
1560356358458556865
1560346762807118747
1560337110617134133
1560327401888603023
1560317636621525417
1560307814815901315
1560297936471730717
1560288001589013623
1560278010167750033
1560267962207939947
1560257857709583365
1560247696672680287
1560237479097230713
1560227204983234643
1560216874330692077
1560206487139603015
1560196043409967457
1560185543141785403
1560174986335056853
1560164372989781807
1560153703105960265
1560142976683592227
1560132193722677693
1560121354223216663
1560110458185209137
1560099505608655115
1560088496493554597
1560077430839907583
1560066308647714073
1560055129916974067
1560043894647687565
1560032602839854567
1560021254493475073
1560009849608549083
1559998388185076597
1559986870223057615
1559975295722492137
1559963664683380163
1559951977105721693
1559940232989516727
1559928432334765265
1559916575141467307
1559904661409622853
1559892691139231903
1559880664330294457
1559868580982810515
1559856441096780077
1559844244672203143
1559831991709079713
1559819682207409787
1559807316167193365
1559794893588430447
1559782414471121033
1559769878815265123
1559757286620862717
1559744637887913815
1559731932616418417
1559719170806376523
1559706352457788133
1559693477570653247
1559680546144971865
1559667558180743987
1559654513677969613
1559641412636648743
1559628255056781377
1559615040938367515
1559601770281407157
1559588443085900303
1559575059351846953
1559561619079247107
1559548122268100765
1559534568918407927
1559520959030168593
1559507292603382763
1559493569638050437
1559479790134171615
1559465954091746297
1559452061510774483
1559438112391256173
1559424106733191367
1559410044536580065
1559395925801422267
1559381750527717973
1559367518715467183
1559353230364669897
1559338885475326115
1559324484047435837
1559310026080999063
1559295511576015793
1559280940532486027
1559266312950409765
1559251628829787007
1559236888170617753
1559222090972902003
1559207237236639757
1559192326961831015
1559177360148475777
1559162336796574043
1559147256906125813
1559132120477131087
1559116927509589865
1559101678003502147
1559086371958867933
1559071009375687223
1559055590253960017
1559040114593686315
1559024582394866117
1559008993657499423
1558993348381586233
1558977646567126547
1558961888214120365
1558946073322567687
1558930201892468513
1558914273923822843
1558898289416630677
1558882248370892015
1558866150786606857
1558849996663775203
1558833786002397053
1558817518802472407
1558801195064001265
1558784814786983627
1558768377971419493
1558751884617308863
1558735334724651737
1558718728293448115
1558702065323697997
1558685345815401383
1558668569768558273
1558651737183168667
1558634848059232565
1558617902396749967
1558600900195720873
1558583841456145283
1558566726178023197
1558549554361354615
1558532326006139537
1558515041112377963
1558497699680069893
1558480301709215327
1558462847199814265
1558445336151866707
1558427768565372653
1558410144440332103
1558392463776745057
1558374726574611515
1558356932833931477
1558339082554704943
1558321175736931913
1558303212380612387
1558285192485746365
1558267116052333847
1558248983080374833
1558230793569869323
1558212547520817317
1558194244933218815
1558175885807073817
1558157470142382323
1558138997939144333
1558120469197359847
1558101883917028865
1558083242098151387
1558064543740727413
1558045788844756943
1558026977410239977
1558008109437176515
1557989184925566557
1557970203875410103
1557951166286707153
1557932072159457707
1557912921493661765
1557893714289319327
1557874450546430393
1557855130264994963
1557835753445013037
1557816320086484615
1557796830189409697
1557777283753788283
1557757680779620373
1557738021266905967
1557718305215645065
1557698532625837667
1557678703497483773
1557658817830583383
1557638875625136497
1557618876881143115
1557598821598603237
1557578709777516863
1557558541417883993
1557538316519704627
1557518035082978765
1557497697107706407
1557477302593887553
1557456851541522203
1557436343950610357
1557415779821152015
1557395159153147177
1557374481946595843
1557353748201498013
1557332957917853687
1557312111095662865
1557291207734925547
1557270247835641733
1557249231397811423
1557228158421434617
1557207028906511315
1557185842853041517
1557164600261025223
1557143301130462433
1557121945461353147
1557100533253697365
1557079064507495087
1557057539222746313
1557035957399451043
1557014319037609277
1556992624137221015
1556970872698286257
1556949064720805003
1556927200204777253
1556905279150203007
1556883301557082265
1556861267425415027
1556839176755201293
1556817029546441063
1556794825799134337
1556772565513281115
1556750248688881397
1556727875325935183
1556705445424442473
1556682958984403267
1556660416005817565
1556637816488685367
1556615160433006673
1556592447838781483
