17399145160
17385525842
17361178979
17326664269
17282634693
17229463383
17167523471
17097188089
17018643803
16931890613
16837954632
16739074652
16636743201
16531333411
16422938565
16311558663
16197193705
16079843691
15959508621
15836188495
15709883313
15580593075
15448317781
15313057431
15174812025
15033581563
14889366045
14742165471
14591979841
14439182287
14284145941
14126870803
13967356873
13805604151
13641612637
13475382331
13306913233
13136205343
12963258661
12788073187
12610648921
12430985863
12249084013
12064943371
11878563937
11689945711
11499088693
11305992883
11110658281
10913084887
10713272701
10511221723
10306931953
10100403391
9891636037
9680629891
9467384953
9251901223
9034178701
8814217387
8592017281
8367578383
8140900693
7911984211
7680828937
7447434871
7211802013
6973930363
6733819921
6491470687
6247722208
6004440144
5762650608
5522353600
5283549120
5046237168
4810417744
4576090848
4343256480
4111914640
3882065328
3653708544
3426844288
3201472560
2977593360
2755206688
2534312544
2314910928
2097001840
1880585280
1665661248
1452229744
1240290768
1029844320
820890400
613429008
407460144
202983808
0
0
0
0
0
0
0
0
0
0
0
0
0
0
0
0
0
0
0
0
0
0
0
0
0
0
0
0
0
0
0
0
0
0
0
0
0
0
0
0
0
0
0
0
0
0
0
0
0
0
0
0
0
0
0
0
0
0
0
0
0
0
0
0
0
0
0
0
0
0
0
0
0
0
0
0
0
0
0
0
0
0
0
0
0
0
0
0
0
0
0
0
0
0
0
0
0
0
0
0
0
0
0
0
0
0
0
0
0
0
0
0
0
0
0
0
0
0
0
0
0
0
0
0
0
0
0
0
0
0
0
0
0
0
0
0
0
0
0
0
0
0
0
0
0
0
0
0
0
0
0
0
0
0
0
0
0
0
0
0
0
0
0
0
0
0
0
0
0
0
0
0
0
0
0
0
0
0
0
0
0
0
0
0
0
0
0
0
0
0
0
0
0
0
0
0
0
0
0
0
0
0
