2044672774
2038242583
2029093157
2018920019
2007723169
1995502607
1982258333
1967990347
1952698649
1936383239
1919044117
1900681283
1881294737
1860884479
1839610464
1817792602
1795590848
1773005202
1750035664
1726682234
1702944912
1678823698
1654318592
1629429594
1604156704
1578499922
1552459248
1526034682
1499226224
1472033874
1444457632
1416497498
1388153472
1359425554
1330313744
1300818042
1270938448
1240674962
1210027584
1179060296
1147901062
1116613864
1085198702
1053655576
1021984486
990185432
958258414
926203432
894020486
861709576
829270702
796703864
764009062
731186296
698235566
665156872
631950214
598615592
565153006
531562456
497843942
463997464
430023022
395920616
361690246
327331912
292845614
258231352
223489126
188618936
153620782
118686610
84136330
50097906
16571338
0
0
0
0
0
0
0
0
0
0
0
0
0
0
0
0
0
0
0
0
0
0
0
0
0
0
0
0
0
0
0
0
0
0
0
0
0
0
0
0
0
0
0
0
0
0
0
0
0
0
0
0
0
0
0
0
0
0
0
0
0
0
0
0
0
0
0
0
0
0
0
0
0
0
0
0
0
0
0
0
0
0
0
0
0
0
0
0
0
0
0
0
0
0
0
0
0
0
0
0
0
0
0
0
0
0
0
0
0
0
0
0
0
0
0
0
0
0
0
0
0
0
0
0
0
0
0
0
0
0
0
0
0
0
0
0
0
0
0
0
0
0
0
0
0
0
0
0
0
0
0
0
0
0
0
0
0
0
0
0
0
0
0
0
0
0
0
0
0
0
0
0
0
0
0
0
0
0
0
0
0
0
0
0
0
0
0
0
0
0
0
0
0
0
0
0
0
0
0
0
0
0
0
0
0
0
0
0
0
0
0
0
0
0
0
0
0
0
0
0
0
0
0
0
0
