1748030457
1744836573
1739750017
1733125665
1724963517
1715322719
1704321563
1692019195
1678474761
1663747407
1647896279
1630980523
1613118431
1594428295
1574910115
1554563891
1533389623
1511505603
1489148415
1466436351
1443369411
1419947595
1396170903
1372039335
1347552891
1322711571
1297515375
1271964303
1246058355
1219945396
1193921156
1168133500
1142582428
1117267940
1092190036
1067348716
1042743980
1018375828
994244260
970349276
946690876
923269060
900083828
877135180
854423116
831947636
809708740
787706428
765940700
744411556
723118996
702063020
681243628
660660820
640314596
620204956
600331900
580695428
561295540
542132236
523205516
504515380
486061828
467844860
449864476
432120676
414613460
397342828
380308780
363511316
346950436
330626140
314538428
298687300
283072756
267694796
252553420
237707774
223217004
209081110
195300092
181873950
168802684
156086294
143724780
131718142
120066380
108769494
97827484
87240350
77008092
67130710
57608204
48440574
39686966
31406526
23599254
16265150
9404214
3016446
0
0
0
0
0
0
0
0
0
0
0
0
0
0
0
0
0
0
0
0
0
0
0
0
0
0
0
0
0
0
0
0
0
0
0
0
0
0
0
0
0
0
0
0
0
0
0
0
0
0
0
0
0
0
0
0
0
0
0
0
0
0
0
0
0
0
0
0
0
0
0
0
0
0
0
0
0
0
0
0
0
0
0
0
0
0
0
0
0
0
0
0
0
0
0
0
0
0
0
0
0
0
0
0
0
0
0
0
0
0
0
0
0
0
0
0
0
0
0
0
0
0
0
0
0
0
0
0
0
0
0
0
0
0
0
0
0
0
0
0
0
0
0
0
0
0
0
0
0
0
0
0
0
0
0
0
0
0
0
0
0
0
0
0
0
0
0
0
0
0
0
0
0
0
0
0
0
0
0
0
0
0
0
0
0
0
0
0
0
0
0
0
0
0
0
0
0
0
0
0
