2065059178
2061009160
2054194844
2045130518
2034073326
2021473270
2007587494
1992415998
1975958782
1958215846
1939187190
1918872814
1897369147
1874869047
1851468943
1827168835
1801968723
1775868607
1748868487
1720968363
1692168235
1662468103
1631867967
1600367827
1567967683
1534667535
1500467383
1465367227
1429367067
1392466903
1354666735
1316223707
1277652107
1239209079
1200894623
1162708739
1124651427
1086819116
1049404664
1012504500
976118624
940247036
904889736
870046724
835718000
801903564
768603416
735817556
703545984
671788700
640545704
609816996
579602576
549902444
520716600
492045044
463887776
436244796
409116104
382501700
356401584
330815756
305744216
281186964
257144000
233615324
210600936
188100836
166115024
144643500
123686264
103243316
83314656
63900284
45000200
26614404
8742896
0
0
0
0
0
0
0
0
0
0
0
0
0
0
0
0
0
0
0
0
0
0
0
0
0
0
0
0
0
0
0
0
0
0
0
0
0
0
0
0
0
0
0
0
0
0
0
0
0
0
0
0
0
0
0
0
0
0
0
0
0
0
0
0
0
0
0
0
0
0
0
0
0
0
0
0
0
0
0
0
0
0
0
0
0
0
0
0
0
0
0
0
0
0
0
0
0
0
0
0
0
0
0
0
0
0
0
0
0
0
0
0
0
0
0
0
0
0
0
0
0
0
0
0
0
0
0
0
0
0
0
0
0
0
0
0
0
0
0
0
0
0
0
0
0
0
0
0
0
0
0
0
0
0
0
0
0
0
0
0
0
0
0
0
0
0
0
0
0
0
0
0
0
0
0
0
0
0
0
0
0
0
0
0
0
0
0
0
0
0
0
0
0
0
0
0
0
0
0
0
0
0
0
0
0
0
0
0
0
0
0
0
0
0
0
0
0
0
0
0
0
0
0
