117189951143308
117184309560867
117175598406433
117165050101679
117152664646605
117138442041211
117122382285497
117104500689049
117085103443587
117064772313379
117043798180559
117022181045127
116999920907083
116977017766427
116953471623159
116929282477279
116904450328787
116878975177683
116852857023967
116826095867639
116798691708699
116770644547147
116741954382983
116712621216207
116682645046819
116652025874819
116620763700207
116588858522983
116556310343147
116523119160699
116489284975639
116454807787967
116419687597683
116383924404787
116347518209279
116310469011159
116272776810427
116234441607083
116195463401127
116155842192559
116115577981379
116074670767587
116033120551183
115990927332167
115948091110539
115904611886299
115860489659447
115815724429983
115770316197907
115724264963219
115677570725919
115630233486007
115582253243483
115533629998347
115484363750599
115434454500239
115383902247267
115332706991683
115280868733487
115228387472679
115175263209259
115121495943227
115067085674583
115012032403327
114956336129459
114899996852979
114843014573887
114785389292183
114727121007867
114668209720939
114608655431399
114548458139247
114487617844483
114426134547107
114364008247119
114301238944519
114237826639307
114173771331483
114109073021047
114043731707999
113977747392339
113911120074067
113843849753183
113775936429687
113707380103579
113638180774859
113568338443527
113497853109583
113426724773027
113354953433859
113282539092079
113209481747687
113135781400683
113061438051067
112986451698839
112910822343999
112834549986547
112757634626483
112680076263807
112601874898519
112523030530619
112443543160107
112363412786983
112282639411247
112201223032899
112119163651939
112036461268367
111953115882183
111869127493387
111784496101979
111699221707959
111613304311327
111526743912083
111439540510227
111351694105759
111263204698679
111174072288987
111084296876683
110993878461767
110902817044239
110811112624099
110718765201347
110625774775983
110532141348007
110437864917419
110342945484219
110247383048407
110151177609983
110054329168947
109956837725299
109858703279039
109759925830167
109660505378683
109560441924587
109459735467879
109358386008559
109256393546627
109153758082083
109050479614927
108946558145159
108841993672779
108736786197787
108630935720183
108524442239967
108417305757139
108309526271699
108201103783647
108092038292983
107982329799707
107871978303819
107760983805319
107649346304207
107537065800483
107424142294147
107310575785199
107196450476362
107081934773082
106967112878082
106851984791362
106736550512922
106620810042762
106504763380882
106388410527282
106271751481962
106154786244922
106037514816162
105919937195682
105802053383482
105683863379562
105565367183922
105446564796562
105327456217482
105208041446682
105088320484162
104968293329922
104847959983962
104727320446282
104606374716882
104485122795762
104363564682922
104241700378362
104119529882082
103997053194082
103874270314362
103751181242922
103627785979762
103504084524882
103380076878282
103255763039962
103131143009922
103006216788162
102880984374682
102755445769482
102629600972562
102503449983922
102376992803562
102250229431482
102123159867682
101995784112162
101868102164922
101740114025962
101611819695282
101483219172882
101354312458762
101225099552922
101095580455362
100965755166082
100835623685082
100705186012362
100574442147922
100443392091762
100312035843882
100180373404282
100048404772962
99916129949922
99783548935162
99650661728682
99517468330482
99383968740562
99250162958922
99116050985562
98981632820482
98846908463682
98711877915162
98576541174922
98440898242962
98304949119282
98168693803882
98032132296762
97895264597922
97758090707362
97620610625082
97482824351082
97344731885362
97206333227922
97067628378762
96928617337882
96789300105282
96649676680962
96509747064922
96369511257162
96228969257682
96088121066482
95946966683562
95805506108922
95663739342562
95521666384482
95379287234682
95236601893162
95093610359922
94950312634962
94806708718282
94662798609882
94518582309762
94374059817922
94229231134362
94084096259082
93938655192082
93792907933362
93646854482922
93500494840762
93353829006882
93206856981282
93059578763962
92911994354922
92764103754162
92615906961682
92467403977482
92318594801562
92169479433922
92020057874562
91870330123482
91720296180682
91569956046162
91419309719922
91268357201962
91117098492282
90965533590882
90813662497762
90661485212922
90509001736362
90356212068082
90203116208082
90049714156362
89896005912922
89741991477762
89587670850882
89433044032282
89278111021962
89122871819922
88967326426162
88811474840682
88655317063482
88498853094562
88342082933922
88185006581562
88027624037482
87869935301682
87711940374162
87553639254922
