15493025031521500
15492998011131707
15492954532068001
15492898378945239
15492829551763421
15492748050522547
15492653875222617
15492547113877930
15492427942517084
15492296625182976
15492153337904204
15491998080680768
15491830853512668
15491651656399904
15491460489342476
15491257352340384
15491042421422226
15490816224673796
15490579114152290
15490331089857708
15490072151790050
15489802299949316
15489521534335506
15489229854948620
15488927261788658
15488613754855620
15488289334149506
15487953999670316
15487607751418050
15487250589392708
15486882513594290
15486503524022796
15486113620678226
15485712803560580
15485301072669858
15484878428006060
15484444869569186
15484000573387834
15483546243576396
15483083112335058
15482611883778212
15482132557905858
15481645134717996
15481149614214626
15480645996395748
15480134281261362
15479614468811468
15479086559046066
15478550551965156
15478006447568738
15477454245856812
15476893946829378
15476325550486436
15475749056827986
15475164465854028
15474571777564562
15473970991959588
15473362285067704
15472745832917508
15472121635509000
15471489692842180
15470850004917048
15470202571733604
15469547393291848
15468884469591780
15468213800633400
15467535386416708
15466849226941704
15466155322208388
15465453672216760
15464744276966820
15464027136458568
15463302250692004
15462570675838716
15461833468070292
15461090627386732
15460342153788036
15459588047274204
15458828307845236
15458062935501132
15457291930241892
15456515292067516
15455733020978004
15454945116973356
15454151580053572
15453352410218652
15452547607468596
15451737171803404
15450921103223076
15450099401727612
15449272067317012
15448439099991276
15447600499750404
15446756266594396
15445906400523252
15445050901536972
15444189769635556
15443323004819004
15442450607087316
15441572576440492
15440688912878532
15439799616401436
15438904687009204
15438004124701836
15437097929479332
15436186101341692
15435268640288916
15434345546321004
15433416819437956
15432482459639772
15431542466926452
15430596841297996
15429645582754404
15428688691295676
15427726166921812
15426758009632812
15425784219428676
15424804796309404
15423819740274996
15422829051325452
15421832729460772
15420830774680956
15419823186986004
15418809966375916
15417791112850692
15416766626410332
15415736507054836
15414700754784204
15413659369598436
15412612351497532
15411559700481492
15410501416550316
15409437499704004
15408367949942556
15407292767265972
15406211951674252
15405125503167396
15404033421745404
15402935707408276
15401832360156012
15400723379988612
15399608766906076
15398488520908404
15397362641995596
15396231130167652
15395093985424572
15393951207766356
15392802797193004
15391648753704516
15390489077300892
15389323767982132
15388152825748236
15386976250599204
15385794042535036
15384606201555732
15383412727661292
15382213620851716
15381008881127004
15379798508487156
15378582502932172
15377360864462052
15376133593076796
15374900688776404
15373662151560876
15372417981430212
15371168178384412
15369912742423476
15368651673547404
15367384971756196
15366112637049852
15364834669428372
15363551068891756
15362261835440004
15360966969073116
15359666469791092
15358360337593932
15357048572481636
15355731174454204
15354408143511636
15353079479653932
15351745182881092
15350405253193116
15349059690590004
15347708495071756
15346351666638372
15344989205289852
15343621111026196
15342247383847404
15340868023753476
15339483030744412
15338092404820212
15336696145980876
15335294254226404
15333886729556796
15332473571972052
15331054781472172
15329630358057156
15328200301727004
15326764612481716
15325323290321292
15323876335245732
15322423747255036
15320965526349204
15319501672528236
15318032185792132
15316557066140892
15315076313574516
15313589928093004
15312097909696356
15310600258384572
15309096974157652
15307588057015596
15306073506958404
15304553323986076
15303027508098612
15301496059296012
15299958977578276
15298416262945404
15296867915397396
15295313934934252
15293754321555972
15292189075262556
15290618196054004
15289041683930316
15287459538891492
15285871760937532
15284278350068436
15282679306284204
15281074629584836
15279464319970332
15277848377440692
15276226801995916
15274599593636004
15272966752360956
15271328278170772
15269684171065452
15268034431044996
15266379058109404
15264718052258676
15263051413492812
15261379141811812
15259701237215676
15258017699704404
15256328529277996
15254633725936452
15252933289679772
15251227220507956
15249515518421004
15247798183418916
15246075215501692
15244346614669332
15242612380921836
15240872514259204
15239127014681436
15237375882188532
15235619116780492
15233856718457316
15232088687219004
15230315023065556
15228535725996972
15226750796013252
15224960233114396
15223164037300404
15221362208571276
15219554746927012
15217741652367612
15215922924893076
15214098564503404
15212268571198596
15210432944978652
15208591685843572
15206744793793356
15204892268828004
15203034110947516
15201170320151892
15199300896441132
15197425839815236
15195545150274204
15193658827818036
15191766872446732
15189869284160292
15187966062958716
15186057208842004
15184142721810156
15182222601863172
15180296849001052
15178365463223796
15176428444531404
15174485792923876
15172537508401212
15170583590963412
15168624040610476
15166658857342404
15164688041159196
15162711592060852
15160729510047372
15158741795118756
15156748447275004
15154749466516116
15152744852842092
