379271738109430
379266697973572
379258710873032
379248658143042
379236567325328
379222700066287
379207579658713
379191467749003
379174364337157
379156269423175
379137183007057
379117105088803
379096035668413
379073974745887
379050922321225
379026878394427
379001842965493
378975816034423
378948797601217
378920787665875
378891786228397
378861793288783
378830808847033
378798832903147
378765865457125
378731906508967
378696956058673
378661014106243
378624080651677
378586155694975
378547239236137
378507331275163
378466431812053
378424540846807
378381658379425
378337784409907
378292918938253
378247061964463
378200213488537
378152373510475
378103542030277
378053719047943
378002904563473
377951098576867
377898301088125
377844512097247
377789731604233
377733959609083
377677196111797
377619441112375
377560694610817
377500956607123
377440227101293
377378506093327
377315793583225
377252089570987
377187394056613
377121707040103
377055028521457
376987386042401
376918889769839
376849732495853
376780024387347
376709765444321
376638955666775
376567595054709
376495683608123
376423221327017
376350208211391
376276644261245
376202529476579
376127863857393
376052647403687
375976880115461
375900561992715
375823693035449
375746273243663
375668302617357
375589781156531
375510708861185
375431085731319
375350911766933
375270186968027
375188911334601
375107084866655
375024707564189
374941779427203
374858300455697
374774270649671
374689690009125
374604558534059
374518876224473
374432643080367
374345859101741
374258524288595
374170638640929
374082202158743
373993214842037
373903731774263
373813808038873
373723443635867
373632638565245
373541392827007
373449706421153
373357579347683
373265011606597
373172003197895
373078554121577
372984664377643
372890333966093
372795562886927
372700351140145
372604698725747
372508605643733
372412071894103
372315097476857
372217682391995
372119826639517
372021530219423
371922793131713
371823615376387
371723996953445
371623937862887
371523438104713
371422497678923
371321116585517
371219294824495
371117032395857
371014329299603
370911185535733
370807601104247
370703576005145
370599110238427
370494203804093
370388856702143
370283068932577
370176840495395
370070171390597
369963061618183
369855511178153
369747520070507
369639088295245
369530215852367
369420902741873
369311148963763
369200954518037
369090319404695
368979243623737
368867727175163
368755770058973
368643372275167
368530533823745
368417254704707
368303534918053
368189374463783
368074773341897
367959731552395
367844249095277
367728325970543
367611962178193
367495157718227
367377912590645
367260226795447
367142100332633
367023533202203
366904525404157
366785076938495
366665187805217
366544858004323
366424087535813
366302876399687
366181224595945
366059132124587
365936598985613
365813625179023
365690210704817
365566355562995
365442059753557
365317323276503
365192146131833
365066528319547
364940469839645
364813970692127
364687030876993
364559650394243
364431829243877
364303567425895
364174864940297
364045721787083
363916137966253
363786113477807
363655648321745
363524742498067
363393396006773
363261608847863
363129381021337
362996712527195
362863603365437
362730053536063
362596063039073
362461631874467
362326773813108
362191516396722
362055873396172
361919844811458
361783430642580
361646630889538
361509445552332
361371874630962
361233918125428
361095576035730
360956848361868
360817735103842
360678236261652
360538351835298
360398081824780
360257426230098
360116385051252
359974958288242
359833145941068
359690948009730
359548364494228
359405395394562
359262040710732
359118300442738
358974174590580
358829663154258
358684766133772
358539483529122
358393815340308
358247761567330
358101322210188
357954497268882
357807286743412
357659690633778
357511708939980
357363341662018
357214588799892
357065450353602
356915926323148
356766016708530
356615721509748
356465040726802
356313974359692
356162522408418
356010684872980
355858461753378
355705853049612
355552858761682
355399478889588
355245713433330
355091562392908
354937025768322
354782103559572
354626795766658
354471102389580
354315023428338
354158558882932
354001708753362
353844473039628
353686851741730
353528844859668
353370452393442
353211674343052
353052510708498
352892961489780
352733026686898
352572706299852
352412000328642
352250908773268
352089431633730
351927568910028
351765320602162
351602686710132
351439667233938
351276262173580
351112471529058
350948295300372
350783733487522
350618786090508
350453453109330
350287734543988
350121630394482
349955140660812
349788265342978
349621004440980
349453357954818
349285325884492
349116908230002
348948104991348
348778916168530
348609341761548
348439381770402
348269036195092
348098305035618
347927188291980
347755685964178
347583798052212
347411524556082
347238975642692
