988964286073490477
988964054019381707
988963658824202529
988963111739061247
988962416983123475
988961578775554827
988960597116355303
988959472005524903
988958203443063627
988956791428971475
988955235963248447
988953537045894543
988951694676909763
988949709559488376
988947585912795996
988945327252803968
988942933579512292
988940406299309506
988937746818584148
988934955137336218
988932031255565716
988928975173272642
988925786890456996
988922466407118778
988919013723257988
988915428838874626
988911711753968692
988907862468540186
988903880982589108
988899778547223762
988895583290214908
988891317713779154
988886987443470652
988882592479289402
988878132821235404
988873608469308658
988869019423509164
988864365683836922
988859647250291932
988854864122874194
988850016301583708
988845103786420474
988840126577384492
988835084674475762
988829978077694284
988824806787040058
988819570802513084
988814270124113362
988808904751840892
988803474685695674
988797979925677708
988792420471786994
988786796324023532
988781107482387322
988775353946878364
988769535717496658
988763652794242204
988757705177115002
988751692866115052
988745615861242354
988739474162496908
988733267769878714
988726996683387772
988720660903024082
988714260428787644
988707795260678458
988701265398696524
988694670842841842
988688011593114412
988681287649514234
988674499012041308
988667645680695634
988660727655477212
988653744936386042
988646697523422124
988639585416585458
988632408615876044
988625167121293882
988617860932838972
988610490050511314
988603054474310908
988595554204237754
988587989240291852
988580359582473202
988572665230781804
988564906185217658
988557082445780764
988549194012471122
988541240885288732
988533223064233594
988525140549305708
988516993340505074
988508781437831692
988500504841285562
988492163550866684
988483757566575058
988475286888410684
988466751516373562
988458151450463692
988449486690681074
988440757237025708
988431963089497594
988423104248096732
988414180712823122
988405192483676764
988396139560657658
988387021943765804
988377839633001202
988368592628363852
988359280929853754
988349904537470908
988340463451215314
988330957671086972
988321387197085882
988311752029212044
988302052167465458
988292287611846124
988282458362354042
988272564418989212
988262605781751634
988252582450641308
988242494425658234
988232341706802412
988222124294073842
988211842187472524
988201495386998458
988191083892651644
988180607704432082
988170066822339772
988159461246374714
988148790976536908
988138056012826354
988127256355243052
988116392003787002
988105462958458204
988094469219256658
988083410786182364
988072287659235322
988061099838415532
988049847323722994
988038530115157708
988027148212719674
988015701616408892
988004190326225362
987992614342169084
987980973664240058
987969268292438284
987957498226763762
987945663467216492
987933764013796474
987921799866503708
987909771025338194
987897677490299932
987885519261388922
987873296338605164
987861008721948658
987848656411419404
987836239407017402
987823757708742652
987811211316595154
987798600230574908
987785924450681914
987773183976916172
987760378809277682
987747508947766444
987734574392382458
987721575143125724
987708511199996242
987695382562994012
987682189232119034
987668931207371308
987655608488750834
987642221076257612
987628768969891642
987615252169652924
987601670675541458
987588024487557244
987574313605700282
987560538029970572
987546697760368114
987532792796892908
987518823139544954
987504788788324252
987490689743230802
987476526004264604
987462297571425658
987448004444713964
987433646624129522
987419224109672332
987404736901342394
987390184999139708
987375568403064274
987360887113116092
987346141129295162
987331330451601484
987316455080035058
987301515014595884
987286510255283962
987271440802099292
987256306655041874
987241107814111708
987225844279308794
987210516050633132
987195123128084722
987179665511663564
987164143201369658
987148556197203004
987132904499163602
987117188107251452
987101407021466554
987085561241808908
987069650768278514
987053675600875372
987037635739599482
987021531184450844
987005361935429458
986989127992535324
986972829355768442
986956466025128812
986940038000616434
986923545282231308
986906987869973434
986890365763842812
986873678963839442
986856927469963324
986840111282214458
986823230400592844
986806284825098482
986789274555731372
986772199592491514
986755059935378908
986737855584393554
986720586539535452
986703252800804602
986685854368201004
986668391241724658
986650863421375564
986633270907153722
986615613699059132
986597891797091794
986580105201251708
986562253911538874
986544337927953292
986526357250494962
986508311879163884
986490201813960058
986472027054883484
986453787601934162
986435483455112092
986417114614417274
986398681079849708
986380182851409394
986361619929096332
986342992312910522
986324300002851964
986305542998920658
986286721301116604
986267836315828340
986248889449444404
986229880701964796
986210810073389516
986191677563718564
986172483172951940
986153226901089644
986133908748131676
986114528714078036
986095086798928724
986075583002683740
986056017325343084
986036389766906756
986016700327374756
985996949006747084
985977135805023740
985957260722204724
985937323758290036
985917324913279676
985897264187173644
985877141579971940
985856957091674564
985836710722281516
985816402471792796
985796032340208404
985775600327528340
985755106433752604
985734550658881196
985713933002914116
985693253465851364
985672512750887209
985651712264410189
985630852709614573
985609934086500361
985588956395067553
985567919635316149
985546823807246149
985525668910857553
985504454946150361
985483181913124573
985461849811780189
985440458642117209
985419008404135633
