18331050250
18315730250
18289686250
18253301250
18207341250
18153529750
18093015750
18025990750
17952454750
17872407750
17785849750
17692780750
17593200750
17487109750
17374507750
17256735250
17135132750
17009700250
16880437750
16747345250
16610422750
16469670250
16325087750
16176675250
16024432750
15868360250
15708457750
15544725250
15377162750
15205961750
15031313750
14853218750
14671676750
14487645250
14303230750
14119582250
13936699750
13754583250
13573232750
13392648250
13212829750
13033777250
12855490750
12677970250
12501215750
12325227250
12150004750
11975548250
11801857750
11628933250
11456774750
11285382250
11114755750
10944895250
10775800750
10607472250
10439909750
10273113250
10107082750
9941818250
9777319750
9613587250
9450620750
9288420250
9126985750
8966317250
8806414750
8647278250
8488907750
8331303250
8174464750
8018392250
7863085750
7708545250
7554770750
7401762250
7249519750
7098043250
6947332750
6797388250
6648209750
6499797250
6352150750
6205270250
6059155750
5913807250
5769224750
5625408250
5482357750
5340073250
5198554750
5057802250
4917815750
4778595250
4640140750
4502452250
4365529750
4229373250
4093982750
3959358250
3825499750
3692407250
3560080750
3428520250
3297725750
3167697250
3038434750
2909938250
2782207750
2655243250
2529140500
2404282500
2280956500
2159162500
2038900500
1920170500
1802972500
1687306500
1573172500
1460570500
1349500500
1239962500
1131956500
1025482500
920540500
817130500
715252500
614906500
516092500
418810500
323060500
228842500
136156500
45002500
0
0
0
0
0
0
0
0
0
0
0
0
0
0
0
0
0
0
0
0
0
0
0
0
0
0
0
0
0
0
0
0
0
0
0
0
0
0
0
0
0
0
0
0
0
0
0
0
0
0
0
0
0
0
0
0
0
0
0
0
0
0
0
0
0
0
0
0
0
0
0
0
0
0
0
0
0
0
0
0
0
0
0
0
0
0
0
0
0
0
0
0
0
0
0
0
0
0
0
0
0
0
0
0
0
0
0
0
0
0
0
0
0
0
0
0
0
0
0
0
0
0
0
0
0
0
0
0
0
0
0
0
0
0
0
0
0
0
0
0
0
0
0
0
0
0
0
0
0
0
0
0
0
0
0
0
0
0
0
0
0
0
0
0
0
0
