1617023391871788318
1617022653650888320
1617021216772693196
1617019092926449840
1617016282112158252
1617012807708312220
1617008716471899320
1617004031781413340
1616998786906249286
1616993048385197170
1616986849487651998
1616980190213613770
1616973070563082486
1616965490536058146
1616957450132540750
1616948949352530298
1616939988196026790
1616930566663030226
1616920684753540606
1616910342467557930
1616899539805082198
1616888276766113410
1616876553350651566
1616864369558696666
1616851725390248710
1616838620845307698
1616825055923873630
1616811030625946506
1616796544951526326
1616781598900613090
1616766192473206798
1616750325669307450
1616733998488915046
1616717210932029586
1616699962998651070
1616682254688779498
1616664086002414870
1616645456939557186
1616626367500206446
1616606817684362650
1616586807492025798
1616566336923195890
1616545405977872926
1616524014656056906
1616502162957747830
1616479850882945698
1616457078431650510
1616433845603862266
1616410152399580966
1616385998818806610
1616361384861539198
1616336310527778730
1616310775817525206
1616284780730778626
1616258325267538990
1616231409427806298
1616204033211580550
1616176196618861746
1616147899649649886
1616119142303944970
1616089924581746998
1616060246483055970
1616030108007871886
1615999509156194746
1615968449928024550
1615936930323361298
1615904950342204990
1615872509984555626
1615839609250413206
1615806248139777730
1615772426652649198
1615738144789027610
1615703402548912966
1615668199932305266
1615632536939204510
1615596413569610698
1615559829823523830
1615522785700943906
1615485281201870926
1615447316326304890
1615408891074245798
1615370005445693650
1615330659440648446
1615290853059110186
1615250586301078870
1615209859166554498
1615168671655537070
1615127023768026586
1615084915504023046
1615042346863526450
1614999317846536798
1614955828453054090
1614911878683078326
1614867468536609506
1614822598013647630
1614777267114192698
1614731475838244710
1614685224185803666
1614638512156869566
1614591339751442410
1614543706969522198
1614495613811108930
1614447060276202606
1614398046364803226
1614348572076910790
1614298637412525298
1614248242371646750
1614197386954275146
1614146071160410486
1614094294990052770
1614042058443201998
1613989361519858170
1613936204220021286
1613882586543691346
1613828508490868350
1613773970061552298
1613718971255743190
1613663512073441026
1613607592514645806
1613551212579357530
1613494372267576198
1613437071579301810
1613379310514534366
1613321089073273866
1613262407255520310
1613203265061273698
1613143662490534030
1613083599543301306
1613023076219575526
1612962092519356690
1612900648442644798
1612838751182822554
1612776413328309690
1612713640274143234
1612650432020323186
1612586788566849546
1612522709913722314
1612458196060941490
1612393247008507074
1612327862756419066
1612262043304677466
1612195788653282274
1612129098802233490
1612061973751531114
1611994413501175146
1611926418051165586
1611857987401502434
1611789121552185690
1611719820503215354
1611650084254591426
1611579912806313906
1611509306158382794
1611438264310798090
1611366787263559794
1611294875016667906
1611222527570122426
1611149744923923354
1611076527078070690
1611002874032564434
1610928785787404586
1610854262342591146
1610779303698124114
1610703909854003490
1610628080810229274
1610551816566801466
1610475117123720066
1610397982480985074
1610320412638596490
1610242407596554314
1610163967354858546
1610085091913509186
1610005781272506234
1609926035431849690
1609845854391539554
1609765238151575826
1609684186711958506
1609602700072687594
1609520778233763090
1609438421195184994
1609355628956953306
1609272401519068026
1609188738881529154
1609104641044336690
1609020108007490634
1608935139770990986
1608849736334837746
1608763897699030914
1608677623863570490
1608590914828456474
1608503770593688866
1608416191159267666
1608328176525192874
1608239726691464490
1608150841658082514
1608061521425046946
1607971765992357786
1607881575360015034
1607790949528018690
1607699888496368754
1607608392265065226
1607516460834108106
1607424094203497394
1607331292373233090
1607238055343315194
1607144383113743706
1607050275684518626
1606955733055639954
1606860755227107690
1606765342198921834
1606669493971082386
1606573210543589346
1606476491916442714
1606379338089642490
1606281749063188674
1606183724837081266
1606085265411320266
1605986370785905674
1605887040960837490
1605787275936115714
1605687075711740346
1605586440287711386
1605485369664028834
1605383863840692690
1605281922817702954
1605179546595059626
1605076735172762706
1604973488550812194
1604869806729208090
1604765689707950394
1604661137487039106
1604556150066474226
1604450727446255754
1604344869626383690
1604238576606858034
1604131848387678786
1604024684968845946
1603917086350359514
1603809052532219490
1603700583514425874
1603591679296978666
1603482339879877866
1603372565263123474
1603262355446715490
1603151710430653914
1603040630214938746
1602929114799569986
1602817164184547634
1602704778369871690
1602591957355542154
1602478701141559026
1602365009727922306
1602250883114631994
1602136321301688090
1602021324289090594
1601905892076839506
1601790024664934826
1601673722053376554
1601556984242164690
1601439811231299234
1601322203020780186
1601204159610607546
1601085681000781314
1600966767191301490
1600847418182168074
1600727633973381066
1600607414564940466
1600486759956846274
1600365670149098490
1600244145141697114
1600122184934642146
1599999789527933586
1599876958921571434
1599753693115555690
1599629992109886354
1599505855904563426
1599381284499586906
1599256277894956794
1599130836090673090
1599004959086735794
1598878646883144906
1598751899479900426
1598624716877002354
1598497099074450690
1598369046072245434
1598240557870386586
1598111634468874146
1597982275867708114
1597852482066888490
1597722253066415274
1597591588866288466
1597460489466508066
1597328954867074074
1597196985067986490
1597064580069245314
1596931739870850546
1596798464472802186
1596664753875100234
1596530608077744690
1596396028879081230
1596261018077455530
