1591360168358566593
1591359915028000085
1591359460103391215
1591358814288848427
1591357979368389795
1591356956234024356
1591355760049905739
1591354418468314091
1591352946653403041
1591351346389190663
1591349617675676957
1591347760512861923
1591345774900745561
1591343669759418241
1591341462929060703
1591339163329763317
1591336770961526083
1591334285824349001
1591331707918232071
1591329037243175293
1591326273799178667
1591323417586242193
1591320468604365871
1591317426853549701
1591314292333793683
1591311065045097817
1591307744987462103
1591304332160886541
1591300826565371131
1591297228200915873
1591293537067520767
1591289753165185813
1591285876493911011
1591281907053696361
1591277844844541863
1591273689866447517
1591269442119413323
1591265101603439281
1591260668318525391
1591256142264671653
1591251523441878067
1591246811850144633
1591242007489471351
1591237110359858221
1591232120461305243
1591227037793812417
1591221862357379743
1591216594152007221
1591211233177694851
1591205779434442633
1591200232922250567
1591194593641118653
1591188861591046891
1591183036772035281
1591177119184083823
1591171108827192517
1591165005701361363
1591158809806590361
1591152521142879511
1591146139710228813
1591139665508638267
1591133098538107873
1591126438798637631
1591119686290227541
1591112841012877603
1591105902966587817
1591098872151358183
1591091748567188701
1591084532214079371
1591077223092030193
1591069821201041167
1591062326541112293
1591054739112243571
1591047058914435001
1591039285947686583
1591031420211998317
1591023461707370203
1591015410433802241
1591007266391294431
1590999029579846773
1590990699999459267
1590982277650131913
1590973762531864711
1590965154644657661
1590956453988510763
1590947660563424017
1590938774369397423
1590929795406430981
1590920723674524691
1590911559173678553
1590902301903892567
1590892954541193844
1590883520653618532
1590874001133175668
1590864395979865252
1590854705193687284
1590844928774641764
1590835066722728692
1590825119037948068
1590815085720299892
1590804966769784164
1590794762186400884
1590784471970150052
1590774096121031668
1590763634639045732
1590753087524192244
1590742454776471204
1590731736395882612
1590720932382426468
1590710042736102772
1590699067456911524
1590688006544852724
1590676859999926372
1590665627822132468
1590654310011471012
1590642906567942004
1590631417491545444
1590619842782281332
1590608182440149668
1590596436465150452
1590584604857283684
1590572687616549364
1590560684742947492
1590548596236478068
1590536422097141092
1590524162324936564
1590511816919864484
1590499385881924852
1590486869211117668
1590474266907442932
1590461578970900644
1590448805401490804
1590435946199213412
1590423001364068468
1590409970896055972
1590396854795175924
1590383653061428324
1590370365694813172
1590356994479348542
1590343541199052508
1590330005853925070
1590316388443966228
1590302688969175982
1590288907429554332
1590275043825101278
1590261098155816820
1590247070421700958
1590232960622753692
1590218768758975022
1590204494830364948
1590190138836923470
1590175705238695773
1590161202955772227
1590146636448198017
1590132005715973143
1590117310759097605
1590102551577571403
1590087728171394537
1590072840540567007
1590057888685088813
1590042872604959955
1590027792300180433
1590012647770750247
1589997439016669397
1589982166037937883
1589966828834555705
1589951427406522863
1589935961753839357
1589920431876505187
1589904837774520353
1589889179447884855
1589873456896598693
1589857670120661867
1589841819120074377
1589825903894836223
1589809924444947405
1589793880770407923
1589777772871217777
1589761600747376967
1589745364398885493
1589729063825743355
1589712699027950553
1589696270005507087
1589679776758412957
1589663219286668163
1589646597590272705
1589629911669226583
1589613161523529797
1589596356073272717
1589579504238545713
1589562606019348785
1589545661415681933
1589528670427545157
1589511633054938457
1589494549297861833
1589477419156315285
1589460242630298813
1589443019719812417
1589425750424856097
1589408434745429853
1589391072681533685
1589373664233167593
1589356209400331577
1589338708183025637
1589321160581249773
1589303566595003985
1589285926224288273
1589268239469102637
1589250506329447077
1589232726805321593
1589214900896726185
1589197028603660853
1589179109926125597
1589161144864120417
1589143133417645313
1589125075586700285
1589106971371285333
1589088820771400457
1589070623787045657
1589052380418220933
1589034090664926285
1589015754527161713
1588997372004927217
1588978943098222797
1588960467807048453
1588941946131404185
1588923378071289993
1588904763626705877
1588886102797651837
1588867395584127873
1588848641986133985
1588829842003670173
1588810995636736437
1588792102885332777
1588773163749459193
1588754178229115685
1588735146324302253
1588716068035018897
1588696943361265617
1588677772303042413
1588658554860349285
1588639291033186233
1588619980821553257
1588600624225450357
1588581221244877533
1588561771879834785
1588542276130322113
1588522733996339517
1588503145477886997
1588483510574964553
1588463829287572185
1588444101615709893
1588424327559377677
1588404507118575537
1588384640293303473
1588364727083561485
1588344767489349573
1588324761510667737
1588304709147515977
1588284610399894293
1588264465267802685
1588244273751241153
1588224035850209697
1588203751564708317
1588183420894737013
1588163043840295785
1588142620401384633
1588122150578003557
1588101634370152557
1588081071777831633
1588060462801040785
1588039807439780013
1588019105694049317
1587998357563848697
1587977563049178153
1587956722150037685
1587935834866427293
1587914901198346977
1587893921145796737
1587872894708776573
1587851821887286485
1587830702681326473
1587809537090896537
1587788325115996677
1587767066756626893
1587745762012787185
1587724410884477553
1587703013371697997
1587681569474448517
1587660079192729113
1587638542526539785
1587616959475880533
1587595330040751357
1587573654221152257
1587551932017083233
1587530163428544285
1587508348455535413
1587486487098056617
1587464579356107897
1587442625229689253
