1943781696317
1942683360271
1941194592381
1939651597846
1938058320422
1936417717926
1934729790358
1932997495535
1931226749091
1929420508843
1927578774791
1925701546935
1923788825275
1921840609811
1919856900543
1917837697471
1915783000595
1913692809915
1911567125431
1909405947143
1907209275051
1904977109155
1902709449455
1900406295951
1898067648643
1895697451287
1893299647639
1890874237699
1888421221467
1885940598943
1883432370127
1880896535019
1878333093619
1875742045927
1873123391943
1870477131667
1867803265099
1865101792239
1862372713087
1859616027643
1856831735907
1854019837879
1851180333559
1848313222947
1845418506043
1842496182847
1839546253359
1836568717579
1833563575507
1830530827143
1827470472487
1824382511539
1821266944299
1818123770767
1814952990943
1811754604827
1808528612419
1805276985597
1802005639995
1798718519369
1795415623719
1792096953045
1788762507347
1785412286625
1782046290879
1778664520109
1775266974315
1771853653497
1768424557655
1764979686789
1761519040899
1758042619985
1754550424047
1751042453085
1747518707099
1743979186089
1740423890055
1736852818997
1733265972915
1729663351809
1726044955679
1722410784525
1718760838347
1715095117145
1711413620919
1707716349669
1704003303395
1700274482097
1696529885775
1692769514429
1688993368059
1685201446665
1681393750247
1677570278805
1673731032339
1669876010849
1666005214335
1662118642797
1658216296235
1654298174649
1650364278039
1646414606405
1642449159747
1638467938065
1634470941359
1630458169629
1626429622875
1622385301097
1618325204295
1614249332469
1610157685619
1606050263745
1601927066847
1597788094925
1593633347979
1589462826009
1585276529015
1581074456997
1576856609955
1572622987889
1568373590799
1564108418685
1559827471547
1555530749385
1551218252199
1546889979989
1542545932755
1538186110497
1533810513215
1529419140909
1525011993579
1520589071225
1516150373847
1511695901445
1507225654019
1502739631569
1498237834095
1493720261597
1489186914075
1484637791529
1480072893959
1475492221365
1470895773747
1466283551105
1461655553439
1457011780749
1452352233035
1447676910297
1442985812535
1438278939749
1433556291939
1428817869105
1424063671247
1419293698365
1414507950459
1409706427529
1404889129575
1400056056597
1395207208595
1390342585569
1385462187519
1380566014445
1375654066347
1370726343225
1365782845079
1360823571909
1355848523715
1350857700497
1345851102255
1340828728989
1335790580699
1330736657385
1325666959047
1320581485685
1315480237299
1310363213889
1305230415455
1300081841997
1294917493515
1289737370009
1284541471479
1279329797925
1274102349347
1268859125745
1263600127119
1258325353469
1253034804795
1247728481097
1242406382375
1237068508629
1231714859859
1226345436065
1220960237247
1215559263405
1210142514539
1204709990649
1199264649552
1193810435004
1188348332944
1182878343372
1177400466288
1171914701692
1166421049584
1160919509964
1155410082832
1149892768188
1144367566032
1138834476364
1133293499184
1127744634492
1122187882288
1116623242572
1111050715344
1105470300604
1099881998352
1094285808588
1088681731312
1083069766524
1077449914224
1071822174412
1066186547088
1060543032252
1054891629904
1049232340044
1043565162672
1037890097788
1032207145392
1026516305484
1020817578064
1015110963132
1009396460688
1003674070732
997943793264
992205628284
986459575792
980705635788
974943808272
969174093244
963396490704
957611000652
951817623088
946016358012
940207205424
934390165324
928565237712
922732422588
916891719952
911043129804
905186652144
899322286972
893450034288
887569894092
881681866384
875785951164
869882148432
863970458188
858050880432
852123415164
846188062384
840244822092
834293694288
828334678972
822367776144
816392985804
810410307952
804419742588
798421289712
792414949324
786400721424
780378606012
774348603088
768310712652
762264934704
756211269244
750149716272
744080275788
738002947792
731917732284
725824629264
719723638732
713614760688
707497995132
701373342064
695240801484
689100373392
682952057788
676795854672
670631764044
664459785904
658279920252
652092167088
645896526412
639692998224
633481582524
627262279312
621035088588
614800010352
608557044604
602306191344
596047450572
