4663466571936048
4663450926608496
4663422726388464
4663383130189104
4663332620890896
4663271391646032
4663199539030608
4663117063044624
4663023963688080
4662920385825120
4662806619184032
4662682808628960
4662548954159904
4662405055776864
4662251113479840
4662087127268832
4661913097143840
4661729023104864
4661534905151904
4661331033013248
4661117696417184
4660894895363712
4660662629852832
4660420899884544
4660169705458848
4659909046575744
4659638923235232
4659359335437312
4659070283181984
4658771766469248
4658463785299104
4658146339671552
4657819526162688
4657483441348608
4657138085229312
4656783457804800
4656419559075072
4656046389040128
4655663947699968
4655272235054592
4654871251104000
4654461140712336
4654042290183984
4653614940959184
4653179093037936
4652734746420240
4652281901106096
4651820557095504
4651350714388464
4650872372984976
4650385532885040
4649890194088656
4649386356595824
4648874020406544
4648353185520816
4647823851938640
4647286019660016
4646739688684944
4646184859013424
4645621627221552
4645050186461520
4644470633309424
4643882967765264
4643287189829040
4642683299500752
4642071296780400
4641451181667984
4640822954163504
4640186614266960
4639542161978352
4638889597297680
4638228920224944
4637560130760144
4636883228903280
4636198214654352
4635505088013360
4634803848980304
4634094497555184
4633377033738000
4632651457528752
4631917768927440
4631175967934064
4630426054548624
4629668028771120
4628901890601552
4628127640039920
4627345277086224
4626554801740464
4625756214002640
4624949513872752
4624134701350800
4623311776436784
4622480739130704
4621641589432560
4620794327342352
4619938952860080
4619075465985744
4618203866719344
4617324155060880
4616436331010352
4615540394567760
4614636345733104
4613724184506384
4612803910887600
4611875524876752
4610939026473840
4609994415678864
4609041692491824
4608080856912720
4607111908941552
4606134848578320
4605149675823024
4604156390675664
4603154993136240
4602145483204752
4601127860881200
4600102126165584
4599068279057904
4598026319558160
4596976247666352
4595918063382480
4594851766706544
4593777357638544
4592694836178480
4591604202326352
4590505456082160
4589398597445904
4588283626417584
4587160542997200
4586029347184752
4584890038980240
4583742618383664
4582587085395024
4581423440014320
4580251682241552
4579071812076720
4577883829519824
4576688700331824
4575487390273680
4574279899345392
4573066227546960
4571846374878384
4570620341339664
4569388126930800
4568149731651792
4566905155502640
4565654398483344
4564397460593904
4563134341834320
4561865042204592
4560589561704720
4559307900334704
4558020058094544
4556726034984240
4555425831003792
4554119446153200
4552806880432464
4551488133841584
4550163206380560
4548832098049392
4547494808848080
4546151338776624
4544801687835024
4543445856023280
4542083843341392
4540715649789360
4539341275367184
4537960720074864
4536573983912400
4535181066879792
4533781968977040
4532376690204144
4530965230561104
4529547590047920
4528123768664592
4526693766411120
4525257583287504
4523815219293744
4522366674429840
4520911948695792
4519451042091600
4517983954617264
4516510686272784
4515031237058160
4513545606973392
4512053796018480
4510555804193424
4509051631498224
4507541277932880
4506024743497392
4504502028191760
4502973132015984
4501438054970064
4499896797054000
4498349358267792
4496795738611440
4495237531590528
4493677827640128
4492118123689728
4490558419739328
4488998715788928
4487439011838528
4485879307888128
4484319603937728
4482759899987328
4481200196036928
4479640492086528
4478080788136128
4476521084185728
4474961380235328
4473401676284928
4471841972334528
4470282268384128
4468722564433728
4467162860483328
4465603156532928
4464043452582528
4462483748632128
4460924044681728
4459364340731328
4457804636780928
4456244932830528
4454685228880128
4453125524929728
4451565820979328
4450006117028928
4448446413078528
4446886709128128
4445327005177728
4443767301227328
4442207597276928
4440647893326528
4439088189376128
4437528485425728
4435968781475328
4434409077524928
4432849373574528
4431289669624128
4429729965673728
4428170261723328
4426610557772928
4425050853822528
4423491149872128
4421931445921728
4420371741971328
4418812038020928
4417252334070528
4415692630120128
4414132926169728
4412573222219328
4411013518268928
4409453814318528
4407894110368128
4406334406417728
4404774702467328
4403214998516928
4401655294566528
4400095590616128
4398535886665728
4396976182715328
4395416478764928
4393856774814528
4392297070864128
4390737366913728
4389177662963328
4387617959012928
4386058255062528
4384498551112128
4382938847161728
4381379143211328
4379819439260928
4378259735310528
4376700031360128
4375140327409728
4373580623459328
4372020919508928
4370461215558528
4368901511608128
4367341807657728
4365782103707328
4364222399756928
4362662695806528
4361102991856128
4359543287905728
4357983583955328
4356423880004928
4354864176054528
4353304472104128
4351744768153728
4350185064203328
4348625360252928
4347065656302528
4345505952352128
4343946248401728
4342386544451328
4340826840500928
4339267136550528
4337707432600128
4336147728649728
4334588024699328
