13760250857899312
13760232111981498
13760199431045132
13760153810448682
13760095250192148
13760023916168608
13759940057217679
13759843839232439
13759735345159427
13759614740891721
13759482524108555
13759339524275319
13759186239071247
13759022668496339
13758848812550595
13758664671234015
13758470244546599
13758266030167581
13758053023455429
13757831722089377
13757602126069425
13757364235395573
13757118050067821
13756863570086169
13756600795450617
13756329726161165
13756050362217813
13755762703620561
13755466750369409
13755162502464357
13754849959905405
13754529122692553
13754199990825801
13753862564305149
13753516843130597
13753162827302145
13752800516819793
13752429911683541
13752051011893389
13751663817449337
13751268328351385
13750864544599533
13750452466193781
13750032093134129
13749603425420577
13749166463053125
13748721206031773
13748267654356521
13747805808027369
13747335998830473
13746858558551989
13746373487191917
13745880784750257
13745380451227009
13744872486622173
13744356890935749
13743833664167737
13743302806318137
13742764317386949
13742218197374173
13741664446279809
13741103064103857
13740534050846317
13739957406507189
13739373131086473
13738781224584169
13738181687000277
13737574518334797
13736959718587729
13736337287759073
13735707225848829
13735069532856997
13734424208783577
13733771253628569
13733110667391973
13732442450073789
13731766601674017
13731083122192657
13730392011629709
13729693269985173
13728986897259049
13728272893451337
13727551258562037
13726821992591149
13726085095538673
13725340567404609
13724588408188957
13723828617891717
13723061196512889
13722286144052473
13721503460510469
13720713145886877
13719915200181697
13719109623394929
13718296415526573
13717475576576629
13716647106545097
13715811005431977
13714967273237269
13714115909960973
13713256915603089
13712390290163617
13711516033642557
13710634146039909
13709744627355673
13708847477589849
13707942696742437
13707030284813437
13706110905375161
13705186051465311
13704256552549277
13703322408627059
13702383619698657
13701440351657149
13700492770395613
13699540875914049
13698584668212457
13697624147290837
13696659313149189
13695690165787513
13694716705205809
13693738931404077
13692756844382317
13691770444140529
13690779730678713
13689784703996869
13688785364094997
13687781710973097
13686773744631169
13685761465069213
13684744955233768
13683724381017912
13682699825368184
13681671288284584
13680638769767112
13679602269815768
13678561788430552
13677517325611464
13676468881358504
13675416455671672
13674360048550968
13673299659996392
13672235290007944
13671166938585624
13670094605729432
13669018291439368
13667937995715432
13666853718557624
13665765459965944
13664673219940392
13663576998480968
13662476795587672
13661372611260504
13660264445499464
13659152298304552
13658036169675768
13656916059613112
13655791968116584
13654663895186184
13653531840821912
13652395805023768
13651255787791752
13650111789125864
13648963809026104
13647811847492472
13646655904524968
13645495980123592
13644332074288344
13643164187019224
13641992318316232
13640816468179368
13639636636608632
13638452823604024
13637265029165544
13636073253293192
13634877495986968
13633677757246872
13632474037072904
13631266335465064
13630054652423352
13628838987947768
13627619342038312
13626395714694984
13625168105917784
13623936515706712
13622700944061768
13621461390982952
13620217856470264
13618970340523704
13617718843143272
13616463364328968
13615203904080792
13613940462398744
13612673039282824
13611401634733032
13610126248749368
13608846881331832
13607563532480424
13606276202195144
13604984890475992
13603689597322968
13602390322736072
13601087066715304
13599779829260664
13598468610372152
13597153410049768
13595834228293512
13594511065103384
13593183920479384
13591852794421512
13590517686929768
13589178598004152
13587835527644664
13586488475851304
13585137442624072
13583782427962968
13582423431867992
13581060454339144
13579693495376424
13578322554979832
13576947633149368
13575568729885032
13574185845186824
13572798979054744
13571408131488792
13570013302488968
13568614492055272
13567211700187704
13565804926886264
13564394172150952
13562979435981768
13561560718378712
13560138019341784
13558711338870984
13557280676966312
13555846033627768
13554407408855352
13552964802649064
13551518215008904
13550067645934872
13548613095426968
13547154563485192
13545692050109544
13544225887086180
13542756406201256
13541283607454772
13539807490846728
13538328056377124
13536845304045960
13535359233853236
13533869845798952
13532377139883108
13530881116105704
13529381774466740
13527879114966216
13526373137604132
13524863842380488
13523351229295284
13521835298348520
13520316049540196
13518793482870312
13517267598338868
13515738395945864
13514205875691300
13512670037575176
13511130881597492
13509588407758248
13508042616057444
13506493506495080
13504941079071156
13503385333785672
13501826270638628
13500263889630024
13498698190759860
13497129174028136
13495556839434852
13493981186980008
13492402216663604
13490819928485640
13489234322446116
13487645398545032
13486053156782388
13484457597158184
13482858719672420
13481256524325096
13479651011116212
13478042180045768
13476430031113764
13474814564320200
13473195779665076
13471573677148392
13469948256770148
13468319518530344
13466687462428980
13465052088466056
13463413396641572
13461771386955528
13460126059407924
13458477413998760
13456825450728036
