99110718471563
99108022311274
99102918613599
99095555209781
99086009535233
99074295669121
99060413611445
99044363362205
99026159000567
99005814605697
98983330177595
98958712755844
98931990498776
98903184525140
98872294834936
98839335507330
98804320621488
98767278335742
98728236808424
98687196039534
98644156029072
98599116777038
98552078283432
98503040548254
98452003571504
98398967353182
98343931893288
98286897191822
98227863248784
98166830064174
98103818756741
98038871563983
97972009604649
97903232878739
97832541386253
97759935127191
97685414101553
97608978309339
97530627750549
97450362425183
97368182333241
97284087474723
97198077849629
97110153457959
97020314299713
96928560374891
96834891683493
96739308225519
96641810000969
96542432207758
96441245241716
96338284300758
96233549384884
96127040494094
96018757628388
95908700787766
95796869972228
95683265181774
95567886416404
95450733676118
95331806960916
95211106270798
95088631605764
94964382965814
94838360350948
94710563761166
94580993196468
94449648656854
94316530142324
94181637652878
94044971188516
93906530749238
93766316335044
93624327945934
93480565581908
93335029242966
93187718929108
93038634640334
92887776376644
92735144138038
92580737924516
92424557736078
92266603572724
92106875434454
91945373321268
91782097233166
91617047170148
91450223132214
91281625119364
91111253131598
90939107168916
90765187231318
90589493318804
90412025431374
90232783569028
90051767731766
89868977919588
89684414132494
89498076370484
89309964633558
89120078921716
88928869768270
88737224160678
88545578553086
88353932945494
88162287337902
87970641730310
87778996122718
87587350515126
87395704907534
87204059299942
87012413692350
86820768084758
86629122477166
86437476869574
86245831261982
86054185654390
85862540046798
85670894439206
85479248831614
85287603224022
85095957616430
84904312008838
84712666401246
84521020793654
84329375186062
84137729578470
83946083970878
83754438363286
83562792755694
83371147148102
83179501540510
82987855932918
82796210325326
82604564717734
82412919110142
82221273502550
82029627894958
81837982287366
81646336679774
81454691072182
81263045464590
81071399856998
80879754249406
80688108641814
80496463034222
80304817426630
80113171819038
79921526211446
79729880603854
79538234996262
79346589388670
79154943781078
78963298173486
78771652565894
78580006958302
78388361350710
78196715743118
78005070135526
77813424527934
77621778920342
77430133312750
77238487705158
77046842097566
76855196489974
76663550882382
76471905274790
76280259667198
76088614059606
75896968452014
75705322844422
75513677236830
75322031629238
75130386021646
74938740414054
74747094806462
74555449198870
74363803591278
74172157983686
73980512376094
73788866768502
73597221160910
73405575553318
73213929945726
73022284338134
72830638730542
72638993122950
72447347515358
72255701907766
72064056300174
71872410692582
71680765084990
71489119477398
71297473869806
71105828262214
70914182654622
70722537047030
70530891439438
70339245831846
70147600224254
69955954616662
69764309009070
69572663401478
69381017793886
69189372186294
68997726578702
68806080971110
68614435363518
68422789755926
68231144148334
68039498540742
67847852933150
67656207325558
67464561717966
67272916110374
67081270502782
66889624895190
66697979287598
66506333680006
66314688072414
66123042464822
65931396857230
65739751249638
65548105642046
65356460034454
65164814426862
64973168819270
64781523211678
64589877604086
64398231996494
64206586388902
64014940781310
63823295173718
63631649566126
63440003958534
63248358350942
63056712743350
62865067135758
62673421528166
62481775920574
62290130312982
62098484705390
61906839097798
61715193490206
61523547882614
61331902275022
61140256667430
60948611059838
60756965452246
60565319844654
60373674237062
60182028629470
59990383021878
59798737414286
59607091806694
59415446199102
59223800591510
59032154983918
58840509376326
58648863768734
58457218161142
58265572553550
58073983262622
57882506605022
57691142580750
57499891189806
57308752432190
57117726307902
56926812816942
56736011959310
56545323735006
56354748144030
56164285186382
55973934862062
55783697171070
55593572113406
55403559689070
55213659898062
55023872740382
54834198216030
54644636325006
54455187067310
54265850442942
54076626451902
53887515094190
53698516369806
53509630278750
53320856821022
53132195996622
52943647805550
52755212247806
52566889323390
52378679032302
52190581374542
52002596350110
51814723959006
51626964201230
51439317076782
51251782585662
51064360727870
