831402752321691918
831402576305187345
831402271983611673
831401852896696023
831401320978687698
831400677519084900
831399923162636730
831399063067335996
831398102391175506
831397041134155260
831395879296275258
831394616877535500
831393253877935986
831391790297476716
831390226136157690
831388561393978908
831386796070940370
831384930167042076
831382964971782228
831380901774659028
831378741865170678
831376486532815380
831374135777593134
831371689599503940
831369147998547798
831366510974724708
831363778528034670
831360950658477684
831358027366053750
831355008650762868
831351894512605038
831348684951580260
831345380612437635
831341984074173567
831338497271035359
831334920203023011
831331252870136523
831327496561874097
831323652567733935
831319720887716037
831315701521820403
831311594470047033
831307399732395927
831303117308867085
831298747199460507
831294289404176193
831289743923014143
831285110755974357
831280389903056835
831275581364261577
831270685139588583
831265701229037853
831260629632609387
831255470350303185
831250223382119247
831244888728057573
831239467677616365
831233961520293825
831228370256089953
831222693885004749
831216932407038213
831211085822190345
831205154130461145
831199137331850613
831193035426358749
831186848413985553
831180576294731025
831174219068595165
831167776735577973
831161249295679449
831154636748899593
831147943608482112
831141177611416218
831134341981447416
831127436718575706
831120461822801088
831113417294123562
831106303132543128
831099119338059786
831091865910673536
831084542850384378
831077150157192312
831069687831097338
831062155872099456
831054554280198666
831046883055394968
831039142197688362
831031331707078848
831023451583566426
831015501827151096
831007482437832858
830999393415611712
830991234760487658
830983007761958898
830974714999021836
830966357761174674
830957936048417412
830949449860750050
830940899198172588
830932284060685026
830923604448287364
830914860360979602
830906051798761740
830897178761633778
830888241249595716
830879239262647554
830870172800789292
830861041864020930
830851846452342468
830842586565753906
830833262204255244
830823873367846482
830814420056527620
830804902270298658
830795320009159596
830785673273110434
830775962062151172
830766186376281810
830756346215502348
830746441579812786
830736472469213124
830726438883703362
830716340823283500
830706178287953538
830695951277713476
830685659792563314
830675303832503052
830664883397532690
830654398487652228
830643849102861666
830633235243161004
830622556908550242
830611814099029380
830601006814598418
830590135055257356
830579198821006194
830568198111844932
830557132927773570
830546003268792108
830534809134900546
830523550526098884
830512227442387122
830500839883765260
830489387850233298
830477871341791236
830466290358439074
830454644900176812
830442934967004450
830431160558921988
830419321675929426
830407418318026764
830395450485214002
830383418177491140
830371321394858178
830359160137315116
830346934404861954
830334644197498692
830322289515225330
830309870358041868
830297386725948306
830284838618944644
830272226037030882
830259548980207020
830246807448473058
830234001441828996
830221130960274834
830208196003810572
830195196572436210
830182132666151748
830169004284957186
830155811428852524
830142554097837762
830129232291912900
830115846011077938
830102395255332876
830088880024677714
830075300319112452
830061656138637090
830047947483251628
830034174352956066
830020336747750404
830006434667634642
829992468112608780
829978437082672818
829964341577826756
829950181598070594
829935957143404332
829921668213827970
829907314809341508
829892896929944946
829878414575638284
829863867746421522
829849256442294660
829834580663257698
829819840409310636
829805035680453474
829790166476686212
829775232798008850
829760234644421388
829745172015923826
829730044912516164
829714853334198402
829699597280970540
829684276752832578
829668891749784516
829653442271826354
829637928318958092
829622349891179730
829606706988491268
829590999610892706
829575227758384044
829559391430965282
829543490628636420
829527525351397458
829511495599248396
829495401372189234
829479242670219972
829463019493340610
829446731841551148
829430379714851586
829413963113241924
829397482036722162
829380936485292300
829364326458952338
829347651957702276
829330912981542114
829314109530471852
829297241604491490
829280309203601028
829263312327800466
829246250977089804
829229125151469042
829211934850938180
829194680075497218
829177360825146156
829159977099884994
829142528899713732
829125016224632370
829107439074640908
829089797449739346
829072091349927684
829054320775205922
829036488304570464
829018596517017714
829000645412547672
828982634991160338
828964565252855712
828946436197633794
828928247825494584
828910000136438082
828891693130464288
828873326807573202
828854901167764824
828836416211039154
828817871937396192
828799268346835938
828780605439358392
828761883214963554
828743101673651424
828724260815422002
828705360640275288
828686401148211282
828667382339229984
828648304213331394
828629166770515512
828609970010782338
828590713934131872
828571398540564114
828552023830079064
828532589802676722
828513096458357088
828493543797120162
828473931818965944
828454260523894434
828434529911905632
828414739982999538
828394890737176152
828374982174435474
828355014294777504
828334987098202242
828314900584709688
828294754754299842
828274549606972704
828254285142728274
828233961361566552
828213578263487538
828193135848491232
828172634116577634
828152073067746744
828131452701998562
828110773019333088
828090034019750322
828069235703250264
828048378069832914
828027461119498272
828006484852246338
827985449268077112
827964354366990594
827943200148986784
827921986614065682
