235683496
234325121
232390795
230119592
227554980
224729560
221643332
218318030
214797122
211102342
207233690
203191166
198974770
194584502
190020362
185282350
180370466
175284710
170068550
164765454
159375422
153898454
148356284
142803247
137304545
131892779
126567949
121330055
116179097
111115075
106137989
101247839
96444625
91728347
87099005
82556599
78101129
73732595
69450997
65256335
61148609
57127819
53193965
49357914
45641400
42055290
38599584
35274282
32079384
29014890
26080800
23277114
20603832
18060954
15648480
13366410
11214744
9193482
7302624
5542170
3912120
2434208
1130168
0
0
0
0
0
0
0
0
0
0
0
0
0
0
0
0
0
0
0
0
0
0
0
0
0
0
0
0
0
0
0
0
0
0
0
0
0
0
0
0
0
0
0
0
0
0
0
0
0
0
0
0
0
0
0
0
0
0
0
0
0
0
0
0
0
0
0
0
0
0
0
0
0
0
0
0
0
0
0
0
0
0
0
0
0
0
0
0
0
0
0
0
0
0
0
0
0
0
0
0
0
0
0
0
0
0
0
0
0
0
0
0
0
0
0
0
0
0
0
0
0
0
0
0
0
0
0
0
0
0
0
0
0
0
0
0
0
0
0
0
0
0
0
0
0
0
0
0
0
0
0
0
0
0
0
0
0
0
0
0
0
0
0
0
0
0
0
0
0
0
0
0
0
0
0
0
0
0
0
0
0
0
0
0
0
0
0
0
0
0
0
0
0
0
0
0
0
0
0
0
0
0
0
0
0
0
0
0
0
0
0
0
0
0
0
0
0
0
0
0
0
0
0
0
0
0
0
0
0
0
0
0
0
0
0
0
0
