15750018713
15739457344
15721529642
15696856864
15665616512
15628341092
15586095616
15540122598
15490954544
15438591454
15383033328
15324280166
15262331968
15197188734
15129027966
15058027166
14984186334
14907505470
14827984574
14745712397
14661043943
14574245465
14485316963
14394258437
14301069887
14205751313
14108302715
14008724093
13907015447
13803176777
13697208083
13589109365
13478880623
13366521857
13252033067
13135414253
13016665415
12895786553
12772777667
12647638757
12520369823
12391325869
12260861899
12128977913
11995673911
11860949893
11724805859
11587241809
11448257743
11307853661
11166029563
11022785449
10878387572
10733368438
10587994300
10442265158
10296181012
10149741862
10002947708
9855798550
9708294388
9560435222
9412221052
9263651878
9114727700
8965448518
8815814332
8665825142
8515480948
8364781750
8213727548
8062318342
7910554132
7758434918
7605960700
7453131478
7299947252
7146408022
6992513788
6838264550
6683660308
6528701062
6373386812
6217717558
6061693300
5905314038
5748579772
5591490502
5434401232
5278199472
5123417728
4970056000
4818114288
4667592592
4518490912
4370809248
4224547600
4079705968
3936284352
3794282752
3653701168
3514539600
3376798048
3240476512
3105574992
2972093488
2840032000
2709390528
2580169072
2452367632
2325986208
2201024800
2077483408
1955362032
1834660672
1715379328
1597518000
1481076688
1366055392
1252454112
1140272848
1029511600
920170368
812249152
705747952
600666768
497005600
394764448
293943312
194542192
96561088
0
0
0
0
0
0
0
0
0
0
0
0
0
0
0
0
0
0
0
0
0
0
0
0
0
0
0
0
0
0
0
0
0
0
0
0
0
0
0
0
0
0
0
0
0
0
0
0
0
0
0
0
0
0
0
0
0
0
0
0
0
0
0
0
0
0
0
0
0
0
0
0
0
0
0
0
0
0
0
0
0
0
0
0
0
0
0
0
0
0
0
0
0
0
0
0
0
0
0
0
0
0
0
0
0
0
0
0
0
0
0
0
0
0
0
0
0
0
0
0
0
0
0
0
0
0
0
0
0
0
0
0
0
0
0
0
0
0
0
0
0
0
0
0
0
0
0
0
0
0
0
0
0
0
0
0
0
0
0
0
0
0
0
0
0
0
0
0
0
