423595690000
423351757500
422918662250
422385692750
421797493250
421155904750
420462768250
419718083750
418921851250
418074070750
417174742250
416223865750
415221901500
414170690500
413071613500
411924670500
410729861500
409487186500
408196645500
406858238500
405471965500
404037826500
402555821500
401025950500
399448213500
397822610500
396149141500
394427806500
392658605500
390853965250
389038739250
387225354250
385413810250
383604107250
381796245250
379990224250
378186044250
376383705250
374583207250
372784550250
370987734250
369192759250
367399625250
365608332250
363818880250
362031269250
360245499250
358461570250
356679482250
354899235250
353120829250
351344264250
349569540250
347796657250
346025615250
344256414250
342489054250
340723535250
338959857250
337198020250
335438024250
333679869250
331923555250
330169082250
328416450250
326665659250
324916709250
323169600250
321424332250
319680905250
317939319250
316199574250
314461670250
312725607250
310991385250
309259004250
307528464250
305799765250
304072907250
302347890250
300624714250
298903379250
297183885250
295466232250
293750420250
292036449250
290324319250
288614030250
286905582250
285198975250
283494209250
281791284250
280090200250
278390957250
276693555250
274997994250
273304274250
271612395250
269922357250
268234160250
266547804250
264863289250
263180615250
261499782250
259820790250
258143639250
256468329250
254794860250
253123232250
251453445250
249785499250
248119394250
246455130250
244792707250
243132125250
241473384250
239816484250
238161425250
236508207250
234856830250
233207294250
231559599250
229913745250
228269732250
226627560250
224987229250
223348739250
221712090250
220077282250
218444315250
216813189250
215183904250
213556460250
211930857250
210307095250
208685174250
207065094250
205446855250
203830457250
202215900250
200603184250
198992309250
197383275250
195776082250
194170730250
192567219250
190965549250
189365720250
187767732250
186171585250
184577279250
182984814250
181394190250
179805407250
178218465250
176633364250
175050104250
173468685250
171889107250
170311370250
168735474250
167161419250
165589205250
164018832250
162450300250
160883609250
159318759250
157755750250
156194582250
154635255250
153077769250
151522124250
149968320250
148416357250
146866235250
145317954250
143771514250
142226915250
140684157250
139143240250
137604164250
136066929250
134531535250
132997982250
131466270250
129936399250
128408369250
126882180250
125357832250
123835325250
122316040000
120802738000
119296800000
117798226000
116307016000
114823170000
113346688000
111877570000
110415816000
108961426000
107514400000
106074738000
104642440000
103217506000
101799936000
100389730000
98986888000
97591410000
96203296000
94822546000
93449160000
92083138000
90724480000
89373186000
88029256000
86692690000
85363488000
84041650000
82727176000
81420066000
80120320000
78827938000
77542920000
76265266000
74994976000
73732050000
72476488000
71228290000
69987456000
68753986000
67527880000
66309138000
65097760000
63893746000
62697096000
61507810000
60325888000
59151330000
57984136000
56824306000
55671840000
54526738000
53389000000
52258626000
51135616000
50019970000
48911688000
47810770000
46717216000
45631026000
44552200000
43480738000
42416640000
41359906000
40310536000
39268530000
38233888000
37206610000
36186696000
35174146000
34168960000
33171138000
32180680000
31197586000
30221856000
29253490000
28292488000
27338850000
26392576000
25453666000
24522120000
23597938000
22681120000
21771666000
20869576000
19974850000
19087488000
18207490000
17334856000
16469586000
15611680000
14761138000
13917960000
13082146000
12253696000
11432610000
10618888000
9812530000
9013536000
8221906000
7437640000
6660738000
5891200000
5129026000
4374216000
3626770000
2886688000
2153970000
1428616000
710626000
