10104447760
10085891182
10051906338
10003275306
9943268594
9878285022
9811595098
9743198822
9673664978
9603562350
9532890938
9461650742
9389841762
9317463998
9244517450
9171002118
9096918002
9022265102
8947043418
8871252950
8794893698
8717965662
8640468842
8562403238
8483768850
8404565678
8324793722
8244452982
8163543458
8082065150
8000018058
7917402182
7834217522
7750535176
7666497340
7582175112
7497568492
7412677480
7327502076
7242042280
7156298092
7070553904
6985094108
6899918704
6815027692
6730421072
6646098844
6562061008
6478307564
6394838512
6311653852
6228753584
6146137708
6063806224
5981759132
5899996432
5818518124
5737324208
5656414684
5575789552
5495448812
5415392464
5335620508
5256132944
5176929772
5098010992
5019376604
4941026608
4862961004
4785179792
4707682972
4630470544
4553542508
4476898864
4400539612
4324464752
4248674284
4173168208
4097946524
4023009232
3948356332
3873987824
3799903708
3726103984
3652588652
3579357712
3506411164
3433749008
3361371244
3289277872
3217468892
3145944304
3074704108
3003748304
2933076892
2862689872
2792587244
2722769008
2653235164
2583985712
2515020652
2446339984
2377943708
2309831824
2242004332
2174461232
2107202524
2040228208
1973538284
1907132752
1841011612
1775174864
1709622508
1644354544
1579370972
1514813988
1451110180
1388543940
1327115268
1266824164
1207670628
1149654660
1092776260
1037035428
982432164
928966468
876638340
825447780
775394788
726479364
678701508
632061220
586558500
542193348
498965764
456875748
415923300
376108420
337431108
299891364
263489188
228224580
194097540
161108068
129256164
98541828
68965060
40525860
13224228
0
0
0
0
0
0
0
0
0
0
0
0
0
0
0
0
0
0
0
0
0
0
0
0
0
0
0
0
0
0
0
0
0
0
0
0
0
0
0
0
0
0
0
0
0
0
0
0
0
0
0
0
0
0
0
0
0
0
0
0
0
0
0
0
0
0
0
0
0
0
0
0
0
0
0
0
0
0
0
0
0
0
0
0
0
0
0
0
0
0
0
0
0
0
0
0
0
0
0
0
0
0
0
0
0
0
0
0
0
0
0
0
0
0
0
0
0
0
0
0
0
0
0
0
0
0
0
0
0
0
0
0
0
0
0
0
0
0
0
0
0
0
0
0
0
0
0
0
0
0
0
