1246751008
1238204086
1223834261
1207440165
1190746177
1173752297
1156458525
1138864861
1120971305
1102777857
1084284517
1065491285
1046398161
1027055127
1007562147
988069167
968676151
949383099
930190011
911096887
892103727
873210531
854417299
835724031
817130727
798637387
780244011
761950599
743757151
725663667
707670147
689776591
671982999
654289371
636695707
619202007
601808271
584514499
567320691
550226847
533232967
516339051
499545099
482851111
466257087
449763027
433368931
417074799
400880631
384786427
368792187
352897911
337103599
321409251
305814867
290395420
275300856
260606148
246311296
232416300
218921160
205825876
193130448
180834876
168939160
157443300
146347296
135651148
125354856
115458420
105961840
96865116
88168248
79871236
71974080
64476780
57379336
50681748
44384016
38486140
32988120
27889956
23191648
18893196
14994600
11495860
8396976
5697948
3398776
1499460
0
0
0
0
0
0
0
0
0
0
0
0
0
0
0
0
0
0
0
0
0
0
0
0
0
0
0
0
0
0
0
0
0
0
0
0
0
0
0
0
0
0
0
0
0
0
0
0
0
0
0
0
0
0
0
0
0
0
0
0
0
0
0
0
0
0
0
0
0
0
0
0
0
0
0
0
0
0
0
0
0
0
0
0
0
0
0
0
0
0
0
0
0
0
0
0
0
0
0
0
0
0
0
0
0
0
0
0
0
0
0
0
0
0
0
0
0
0
0
0
0
0
0
0
0
0
0
0
0
0
0
0
0
0
0
0
0
0
0
0
0
0
0
0
0
0
0
0
0
0
0
0
0
0
0
0
0
0
0
0
0
0
0
0
0
0
0
0
0
0
0
0
0
0
0
0
0
0
0
0
0
0
0
0
0
0
0
0
0
0
0
0
0
0
0
0
0
0
0
0
0
0
0
0
0
0
0
0
0
0
