4489870731
4483757292
4472952144
4458213543
4440773655
4421248563
4399638267
4376179722
4351441620
4325755698
4299121956
4271540394
4243011012
4213533810
4183108788
4151735946
4119415284
4086146802
4051930500
4016766378
3980654436
3943594674
3905587092
3866631690
3826728468
3785877426
3744078564
3701331882
3657637380
3612995058
3567404916
3520866954
3473381172
3424947570
3375660930
3325616034
3274812882
3223298865
3171168765
3118469973
3065202489
3011366313
2956961445
2901987885
2846445633
2790334689
2733892008
2677591500
2621670120
2566127868
2510964744
2456180748
2401775880
2347750140
2294103528
2240836044
2187947688
2135438460
2083308360
2031557388
1980185544
1929192828
1878579240
1828344780
1778489448
1729013244
1679916168
1631198220
1582859400
1534899708
1487319144
1440212490
1393674528
1347705258
1302304680
1257472794
1213209600
1169515098
1126389288
1083832170
1041843744
1000424010
959572968
919290618
879576960
840431994
801855720
763848138
726409248
689539050
653237544
617504730
582340608
547745178
513718440
480260394
447371040
415050378
383298408
352115130
321500544
291454650
261977448
233068938
204729120
176957994
149755560
123121818
97056768
71655192
47011872
23126808
0
0
0
0
0
0
0
0
0
0
0
0
0
0
0
0
0
0
0
0
0
0
0
0
0
0
0
0
0
0
0
0
0
0
0
0
0
0
0
0
0
0
0
0
0
0
0
0
0
0
0
0
0
0
0
0
0
0
0
0
0
0
0
0
0
0
0
0
0
0
0
0
0
0
0
0
0
0
0
0
0
0
0
0
0
0
0
0
0
0
0
0
0
0
0
0
0
0
0
0
0
0
0
0
0
0
0
0
0
0
0
0
0
0
0
0
0
0
0
0
0
0
0
0
0
0
0
0
0
0
0
0
0
0
0
0
0
0
0
0
0
0
0
0
0
0
0
0
0
0
0
0
0
0
0
0
0
0
0
0
0
0
0
0
0
0
0
0
0
0
0
0
0
0
0
0
0
0
0
0
0
0
0
0
0
0
0
0
