27713978958962
5141277745788
7619314375882
40420127260777
27551162162434
1028528101675
35331768784660
2417849442208
9788903731816
37043063895503
25307130733839
7595698505
48636639998713
6121095725733
33702630125760
796229419573
26754280571768
19556648549356
13953252899838
3689298772900
30277657696234
3249099844713
2657084429271
42196971191740
242745519635
21999855356618
26049155846158
21235553448598
2492460453389
7692606094422
1364287806669
23976412788712
41997291082364
18789076545775
37163473768971
6583262823939
16033639807509
11298688286297
22050298204043
6302356558242
46845158885659
42967383094690
40652539637288
369611817816
26062113663166
34678535150740
25192243233087
5192860907410
28002344190060
35934851920829
11237679715834
3937742602791
46643111456462
9739171039954
408754392239
15525040643473
3613798753532
1115094989724
48770176197020
5523235143388
7592984366126
40543280555574
39778324451297
11096293522
7908783667772
6187480141159
2627358750985
51303440073900
10352096297933
3312158920946
1308592825224
6538341430854
38710150228117
22005210818524
1956391453464
43216735047182
1130181278845
34928376744463
18325442822289
1388183952421
5819238044728
71008282213
2453861352067
5559445229671
3075486675062
4825245003696
2866967863083
20109603115543
18736163362059
5230357630299
44412769997278
6854996937529
739633561867
586516871831
552661050899
6686389204737
5409817214336
37943957024803
66577887786
1935950762435
