674
1096
1276
1220
798
760
730
1044
898
758
1100
614
732
1096
752
664
1008
674
676
1066
990
1178
770
968
918
1144
954
614
736
568
1148
844
882
1078
1136
770
1026
1074
748
974
882
986
700
674
950
982
1056
1000
918
666
894
728
914
706
1192
662
858
788
806
1106
684
736
586
942
770
942
866
678
1196
972
980
635
874
700
704
778
958
648
812
808
1082
702
988
692
1072
616
924
1082
734
1048
968
1008
910
1040
798
868
690
596
980
962
1048
780
896
934
804
1088
1182
910
626
568
858
688
866
1082
868
1042
1060
1030
1018
1292
718
1218
824
1078
646
1258
1008
696
920
946
1042
958
814
824
642
892
702
1048
964
646
870
748
854
958
1098
1092
744
912
946
904
1116
920
988
672
800
526
906
1102
766
812
780
680
810
880
856
728
902
924
866
932
1098
790
728
978
700
682
1182
596
1126
1202
1034
780
1210
670
826
1186
1110
654
658
816
904
784
814
628
1122
928
862
1000
704
936
1184
1212
1046
672
1196
908
698
692
964
1114
634
1210
1052
934
748
800
1178
1136
1040
760
1196
812
760
962
618
906
996
1052
750
1232
1020
1096
1098
818
854
728
832
1120
1128
828
1061
762
772
854
1126
710
638
568
728
992
1020
1120
930
876
654
736
818
1064
860
828
914
900
1082
874
764
1016
732
650
1098
832
658
1152
1062
1042
1044
1170
974
1144
902
634
932
806
1228
1016
1254
1206
718
868
894
616
772
776
1030
1158
814
1000
868
774
882
872
592
898
704
986
1174
710
788
1054
886
790
1242
688
634
1030
578
828
896
1000
986
784
790
792
1164
984
930
724
710
952
1024
1172
1122
782
774
1112
852
1084
878
1074
1208
630
1144
1028
864
750
740
920
772
770
962
1108
700
700
774
584
818
1124
752
592
760
986
972
830
1108
838
1148
944
854
1212
716
782
780
986
834
700
838
1066
1076
1094
714
650
1022
638
652
1196
756
1178
636
728
1296
1142
1176
910
702
1006
656
844
1174
1124
782
800
946
844
760
1004
900
822
962
754
1000
762
864
620
1148
1034
784
892
742
1008
918
642
820
958
1186
1098
1012
754
754
636
934
712
1126
1176
1214
902
756
760
698
1090
844
1206
590
884
782
606
846
850
768
946
704
906
1014
686
922
1096
772
892
1202
898
728
1044
856
762
1196
978
1186
590
1092
1210
1070
848
914
884
728
1010
870
944
946
832
630
992
814
754
1096
1090
998
1030
738
726
1048
1200
1182
918
994
812
1248
780
1098
694
612
1006
618
964
1010
624
772
954
934
918
1076
898
930
1008
1074
1024
690
714
824
1004
730
830
780
814
924
826
1134
906
954
1182
1222
620
1212
1052
858
1170
1178
874
840
1006
620
760
896
592
566
1100
822
714
780
830
934
666
1042
922
934
1026
950
878
1188
836
906
1108
644
1088
576
1030
1130
1022
952
1056
778
580
750
970
672
1068
692
1058
1024
794
1002
1102
1004
756
936
820
942
1104
668
946
664
888
792
942
1094
1164
880
672
710
608
942
1238
856
1124
1002
926
694
1028
796
754
880
672
676
1210
796
676
696
696
804
820
594
644
1170
896
654
800
1104
974
924
698
794
710
802
844
1062
874
1076
710
1094
1174
994
982
754
710
620
852
1010
898
572
912
1202
590
590
1192
740
742
950
1266
900
598
924
736
868
656
636
1112
930
594
912
1038
1102
996
