790
848
1136
1024
750
708
976
1198
1122
860
860
806
1186
712
698
918
1272
882
902
1148
850
784
1080
832
888
830
724
1216
854
1098
1228
798
656
1224
690
1216
686
1208
692
912
926
1228
742
1192
1274
640
822
782
862
916
1184
656
1016
1294
676
1230
816
902
1088
1111
1158
1260
908
914
1018
1022
904
1048
974
767
640
1184
674
1074
1254
742
1124
634
952
1112
832
1130
803
1074
902
894
762
718
924
884
1014
952
1246
1126
726
1222
1293
626
804
908
1052
748
616
878
926
1194
728
1170
802
1254
646
732
1000
668
654
880
960
710
1152
1220
894
718
1150
928
1072
1138
840
1040
880
678
1098
1124
1194
768
724
1148
1114
656
1126
1238
1136
1056
1234
842
1196
682
964
926
628
1176
958
1142
836
1114
1102
1144
914
1228
1114
1190
774
626
660
972
816
992
958
616
1064
724
800
736
736
1098
1018
1184
1004
822
834
678
962
784
758
710
742
800
940
782
1066
776
1000
692
918
1274
936
664
1068
886
800
1172
1018
870
1030
636
1110
948
1092
812
892
888
686
1160
796
1090
658
672
1054
1172
786
1204
650
950
1084
808
718
1010
958
1020
1128
650
702
792
680
716
854
912
1116
1212
726
1150
950
1174
748
1216
736
1178
978
1156
1044
776
1166
665
922
624
1034
1178
714
1228
660
778
712
914
990
852
1076
906
1152
766
1160
846
934
1092
1046
816
930
1046
978
1126
724
714
1076
876
1146
1088
594
1052
957
790
782
932
834
842
884
800
1170
704
1106
754
734
700
1054
651
726
612
1080
702
1202
702
730
1254
732
1090
822
1130
682
676
1226
948
658
1062
980
1070
1092
830
626
690
878
870
904
754
1028
720
990
1070
886
998
1142
1204
986
992
1176
1336
820
778
850
1218
1196
728
658
884
826
1212
690
878
786
1140
900
1180
884
810
1138
966
928
1084
1074
952
782
768
752
1140
1154
718
1180
692
710
752
930
750
728
948
1028
706
1214
1012
1226
1020
1060
764
970
710
1170
1184
1126
770
1074
912
640
852
1130
1114
890
868
1006
1040
826
904
1168
846
928
674
1142
946
690
856
1048
1128
1018
726
796
782
868
808
1126
782
954
834
962
614
670
896
844
958
786
966
1074
1176
1110
938
866
1174
814
1172
924
990
844
770
1036
1166
818
684
790
838
644
1186
894
690
1128
1088
716
1234
1120
1042
698
1136
1202
1100
794
834
1178
1184
802
1044
1046
1167
612
1206
1002
1112
706
920
934
1100
904
652
1127
1138
848
1166
1042
1024
752
1156
1198
1148
858
868
804
1098
660
1102
1002
1232
986
1224
884
934
1130
736
912
1038
1076
1046
1272
1022
966
1038
630
1128
914
1188
724
816
1182
1100
632
944
968
898
1170
660
650
876
898
812
1008
1044
1258
1094
1020
1134
764
824
588
900
1042
786
892
1143
944
1034
1160
708
626
1024
994
1112
1290
830
1146
818
702
1222
1038
648
752
1210
910
1178
1038
1094
764
748
998
1276
1166
830
812
652
636
1188
816
962
692
744
758
928
768
898
1222
656
892
674
1046
946
1026
820
1086
1114
1134
868
968
782
1020
1004
726
878
916
1296
976
716
1174
1224
894
860
1108
736
974
824
1236
942
846
668
818
752
848
934
874
1036
754
1118
1112
958
1094
1088
1164
1075
916
1150
864
1238
1331
650
1240
812
994
1274
736
1122
1172
1152
908
978
1116
1176
1114
792
998
688
912
1152
824
