3592 63
-998757900 -255147215 450599305 -137493435 302791149 -426880264 970128633 8041716 -634001170 -857501040 276969323 -869474494 -15956049 -268690504 -364748288 -644396964 734218354 -220026459 -178577081 -9410943 -366108814 269786660 -239595876 600185269 305272359 209084007 -92685948 -652698983 418236264 -738834773 684509525 502261591 310878718 -377214726 307217169 651854688 -555973685 -818932541 459190099 612126493 -732145465 258425554 119159002 746091449 328770845 242284557 -803287894 -704000900 996927158 -930758786 178766594 -797106742 -535163511 631972442 592826545 -887108648 -353148114 977348760 -237456718 -359785871 -983689816 338956704 638260581 649603157 852004603 153212599 -400122819 -983073590 -443991613 937240589 176837116 -891148046 -738375887 -135326561 -124294959 -193126345 -72519242 -308277935 695871437 630394796 -339547265 -798429398 -696841892 895961062 586255775 614482675 337507124 -813285343 -421066678 -887557575 -588673980 232717992 -69789251 -920427591 946829473 -561317457 -510504644 -931803153 496747183 92003168 -64980555 707006334 283765876 -513636020 206019697 269434915 4000552 -949350246 108088143 297640671 180526319 372173070 888982630 50005917 -555465099 -7769734 178162258 -327074701 431073803 -619520223 -596111769 -801535930 280878396 -313719438 506669979 -170878457 939458183 381711620 690194701 -653845150 13789566 -484219788 -110191674 563071614 521321606 769599041 262694227 -228325789 159448866 332008524 -318381579 -299791897 344908516 669974239 -42854382 240189543 -716133944 -193647628 -768207922 -582208729 982337430 814506214 763078106 552372870 -343457249 359340177 375440416 -446455993 572274766 -655361879 941722846 933810903 73726396 -725362449 492861114 493971132 -327978254 -889706173 -95261008 948681506 154616780 453700875 -87249788 658728672 -310412698 110943234 -669978586 -476350799 131524991 -238269892 -959846336 -543264667 -376129926 142912296 -980939958 -45097756 918692362 100735427 883621232 668072407 -445058330 486991698 838956510 303040634 -228851899 370306195 579097770 583659382 -626222023 -134663839 -643953316 933080647 -774622237 604851024 -755362 -305573121 -337565044 398213392 -209976242 468686277 -867797513 -484234118 -726803514 -849610488 -199475184 -870936715 -512470852 766904389 -132564838 -388737722 -529026101 -637231470 915189835 589765792 -980644528 -436622385 -85710566 186211406 618909463 -202999071 -495805894 613633888 -916170090 -174315271 -222220217 -720275114 610834874 192464679 865637204 120962163 -272581893 622969213 469140133 -864351131 97015588 -247104385 394357226 -179853882 249748938 971475078 827660086 -106264604 -311130546 -766711497 143388240 884264797 -397823480 385159657 -100343131 893579689 42787084 820331829 -132926244 102808284 -279400337 979990559 899252026 -775621744 -362067405 -698048206 480750074 179799510 306595029 -326652304 -349322117 -192649845 450852555 -436603971 -644977332 -979432216 -439952614 -464042126 -253104842 674508829 673771480 171687467 -847035089 611958673 832703297 823029433 -148916206 409843873 -465747458 -456864376 -21120535 960226259 -850564014 846560358 -819968324 382938133 -180801010 -300209142 795372109 -325952531 241027125 135878001 526923349 496772641 746193412 -889128100 468683192 704933273 -683877042 681473494 536041188 613622205 839852977 -625360780 -262025571 -896471537 498310330 -790045835 -829095614 932130675 675466961 11547263 223144809 -826083669 -615719951 900368574 734959966 795781576 -728550493 -125583297 512115148 -204181139 639761431 905319195 -738656151 559410688 -175403160 391425252 -206806942 291060417 337410240 517271810 927617433 -119496847 -612632390 -726147812 -829882596 937023610 -387797876 736726140 -527303077 -973585860 -498751713 947752336 -829078475 -487273833 -87290473 -939415288 -534046959 536987745 -602450953 199970161 591597769 -286240029 -295085357 -140635358 -155726072 455433143 34688548 17734689 447246421 -446968667 911490071 339612877 607591012 975174092 142510070 258977639 -927509967 134582954 898628055 860014324 47040749 179342447 -446555108 715640091 163989031 543093724 -757607854 433903906 576791722 -558282208 598158282 602475690 646956314 -252197832 -874475593 148602485 -901354630 -797592742 81543632 -685425116 -585794352 -137004753 897626638 17066356 -123785999 -652092930 493021543 -814470031 -70232374 -381823702 -872477221 435302040 534188018 -542375508 -399363601 -708796914 -125740414 -949476866 -704931613 -363255405 -630730600 -673917688 -819220380 -922793584 -169872368 698176541 709676892 619859631 -530919182 -802326584 -689431188 28604411 -801110562 -766438054 -258133213 781286260 -613757800 -556209918 646378108 729758577 -349668115 -238149748 499305724 829056335 180157003 304312523 909832167 416408981 631705624 -820502370 784021287 14255182 -692547959 708861125 -321374032 -855790184 63839553 388574104 813761165 74035150 -110053378 77289898 561836850 -928099629 39232447 6817931 363645899 937786887 -873187594 478091544 -211768418 -376271263 441889252 857639837 -807225540 27259885 562909466 -759937386 726346267 -870197593 -870930305 759891112 721541169 -663710357 957996311 746632753 728010130 -97322922 -105305060 339916561 908706745 885604457 -399561949 -165669779 -397704082 -757480002 310656123 -621363444 681726087 -216124679 281768842 53613174 136712943 878797857 -786647655 944460775 -759440535 -451196800 967137190 430959055 -262746713 454541223 551529619 -40380844 -826486834 -99357076 -442351278 83114812 -795447120 47369250 -590214568 -479568148 904529393 -248168048 760825919 -282552383 -392153835 272852459 158512660 -861229059 179732618 -590172259 -518419269 728681794 -472575331 413262697 379874388 69719782 -626222163 -853552796 -578423888 498777279 -880300551 361764282 503447852 355954460 -168029479 548177137 975957159 17459498 -43763840 -678200755 -679520671 -800336491 322981850 -607626246 230895749 -555881197 -104727211 57078471 836645145 890177429 -487735525 11122423 -211248699 617008792 594122834 -191782735 -919367442 -732399657 -157779863 -44272503 -307091378 820920782 979723318 -891950862 137178219 967949466 -841837211 918323056 -114149414 458740403 422591005 -843068919 172842364 555095236 -110603922 580909689 -632954549 314825087 -817825677 857585484 -878314364 181268403 -509114148 207837865 994615951 176815421 594602223 170434277 -527300316 -975749892 134011889 668372666 -432065131 496752609 436667108 -456808268 -203552319 -427292646 -521321100 -826351408 -855205238 458682392 848740014 409256376 -901936029 -933383198 -469831410 327251046 2344233 -806382258 -359569221 -607190792 -361751937 -527454392 141425957 453503357 -84000246 -602072737 -306595633 286881779 110050887 -463024217 -329759711 614752041 343356319 256131631 -550297604 -194437213 582878046 373286358 -292175309 738325184 -679067610 518391662 -804053698 758926987 -749724864 -295255332 -506549032 413847194 369811948 -614250986 545309419 966695153 -612686582 -476309219 917299438 -651161944 497731180 -58734280 479651148 733930209 -717858610 -340615493 335644058 144837765 -468930854 -867899792 251626080 -833349373 498369945 982242369 -737059061 678455773 644620384 987900992 -217745297 -769347504 27772174 -627511701 -373152427 831177313 137404698 940991727 412588880 -482121819 60156237 -365565650 -33003471 782681932 -539357958 -872822124 -232291937 531763414 -492746371 -318546370 -953186948 902288665 70829363 230116240 198222531 35891573 925501388 -124853778 -406137601 -574417551 499278426 932628290 169858553 613647181 -467968971 672623196 459620379 756850443 -106889354 -317573694 -640758695 931932804 250028071 740696447 -655484147 -940377766 -629065454 -417342621 973802266 -982220641 145796891 232517196 -488469945 -797392755 437570039 436901512 982645116 438498000 -931943017 30751587 345107647 -875706500 461485155 599110189 498383898 413141067 553380208 -929053382 875696216 -269136346 753160476 800121042 590041489 -624899320 -889814254 635720994 -683681136 831525005 496464184 184666058 -84483229 531682789 -750926606 -456885013 928333729 150624395 -779064113 67426595 663905847 -981865551 570514707 -287242116 -406625037 -485209907 -630637045 -228632628 554286221 -499796662 -645872004 806735799 -896960037 725199986 562757849 340315044 994765711 681939752 977284356 -447238882 525056312 961135859 -638617392 -235935629 9381997 -91272365 352256335 -932735567 507686724 -497798034 254426072 -297540188 398971297 375209518 -642340479 -449516150 -520848915 -979322983 -300669880 300839931 796014010 -741323848 306980839 -911176067 -486439692 -405497956 36491731 669668760 407560029 795499514 26626543 -277391820 146513697 157836338 -656335777 313735667 505153442 -21358455 226828016 -313377591 -635060335 -887763204 -864647885 -67116048 706934053 -346636049 906210248 96634522 412928037 -188376918 178791387 916465115 486364184 -742017628 657240747 998557678 -428724319 311306975 952843860 -970305660 -707741495 -219727540 103635478 131670966 -868737340 -278214873 885349331 515072730 -701018480 102121238 -471711908 538275881 514705674 -242726869 313761661 613688111 -569234350 -28630033 -222453350 -340423568 680194404 400218061 -517748466 -188811056 -303510484 347801396 323149527 -270443180 792149737 -939107859 -677203311 -616967185 -6490151 -97292770 456291796 391521877 -487617744 741949923 512349009 -551204590 -672586518 -670282044 -179942906 922232 -748522732 684526321 81953130 535091159 -147343829 956108847 258049623 -790026822 -483860876 447583402 -685782888 -365033269 -228698102 -624490897 -629836306 -553751756 285544195 -658903428 353637575 770486196 913511271 269641600 681406295 -944770929 184215705 -337057309 866388361 -235451003 437907079 -622760228 666009112 203421192 -18249394 86946912 580853051 958662926 837220100 806334318 -503138197 -616248321 982234936 170020636 -731353078 385591014 -112072970 72070128 108679048 469207585 -848748241 -361628945 363832685 455026364 -713876806 -479912650 -715610003 -44995329 458770717 243624321 -560773687 -438924695 -647448206 682217743 471766004 -37325896 804084338 -355018274 957903303 559394700 -323908932 189294602 680026282 70302504 -718112541 334689715 301084614 761459601 227678699 502541064 483639579 -308478828 252612763 -472543848 263157765 -981979116 656278518 -705340540 439997569 531222416 -109119130 608104122 -921856343 -840116893 98023014 880571383 639613772 517719255 43622654 200943559 437426859 459981260 264467846 -704189974 -949374192 -820251405 -7843826 385856576 311176669 77478517 674294595 455024835 -889742013 -627263468 31019144 -398222350 -880913765 -842904568 982441512 -735997263 -975196211 -187858241 -137720043 919395655 436294741 719793423 -951198413 233015477 -707953102 -16444018 -591744646 -117960973 165936096 404446413 343570307 946720477 -397717218 -838654615 380675940 63804598 221345616 -90154858 -292927488 -983431326 908807689 -299973984 -697706122 -230514280 367913854 194699563 374022756 -596126080 -520454966 324426184 -502871508 -676080711 -85586620 -541908283 959060394 780292648 403816462 -80479230 55156993 198931376 -455487101 601658279 146919517 808126547 -284967116 -817286863 481079631 398410054 409373437 -388807582 -484706975 -799771770 -752145678 278071143 115864552 771254857 592754418 786266195 940217088 -178571730 702095565 -917154857 628805117 -129479306 -182774642 -779164603 325010866 564531995 -392364868 -62324871 391268094 546914295 -659760874 -463304138 -256337863 315096433 392526034 -28546938 -687108749 -762606780 910495122 -264581710 -958535001 152301958 247313073 -501907588 713153276 915868674 -477720904 266130941 523609637 -698257560 754276095 -607707273 531401606 517504351 880604546 -782189273 607967161 -993704075 -421641517 -852557986 765863903 -336766370 898010533 936966514 51896705 -385207901 61563206 699884150 -279224927 887876394 991798133 -1629056 -829922165 -493130419 360734362 -709159420 -144912721 79219921 -889643976 431566471 -757319555 851485111 -880848622 629441895 -250716575 -986628788 -632650466 403235373 802451982 802955438 880950753 403991162 -144769756 241469629 480747831 -638396206 -289048380 -51894134 258627457 181868533 -976997466 -728962329 570188220 626813710 902313929 -479980994 -734253062 88365793 -352411731 719603251 -657785503 857495478 280918358 978336189 926108405 -175783235 422404676 631731266 140384464 153248338 528573403 697502356 -593865015 -514086621 -670829841 640960177 -686854313 319225089 794613778 -453470972 -666891048 912850282 -397263639 666629804 10149717 -494025768 -465578771 793554694 -553495451 -520182305 399842267 -320230713 -730598485 -823818829 251659870 -959361318 -672761016 -774596951 -833585557 41089045 983146751 479612795 172291343 361719408 -392043846 903505668 60188787 844657096 -623492711 414633220 -865271115 -884745113 22303468 -135890825 157199946 -369360452 -324179012 -913700057 698996318 -498682230 680639929 -137655270 -43784916 166177357 368179872 707805575 -103529892 -411321811 -249038950 615676503 -655007653 -82492349 971914361 889340901 576107769 755949027 -129877100 287033396 -565239959 -965681526 -386009562 -132082995 947836474 682610467 123898727 170407996 676621344 262226499 759058318 -52031463 551295676 704221635 250860291 754381371 653415097 565910963 -288805189 -227768916 548427551 859910834 -862128411 845459294 338702251 -294508727 865110843 121727837 408401893 -342528004 -314376303 956631993 142464427 578855703 -194150259 -720274640 -426415721 -418808111 101898222 232307648 497571015 7806762 -163252751 -923720585 434287439 -923661079 -390285756 -624080456 780745117 -768643690 36052822 602538164 504716485 -859726957 -417032404 -57046501 -204631501 -450168593 -790863462 828036452 358963625 -924280216 166934005 669572163 465747235 797947232 303088937 -854851434 711036416 816828064 873724418 -66979526 775601824 374128141 -660758982 874467127 -261318775 242547709 -423218675 -743401646 915310630 -678032179 -420382566 -179349013 -701485518 -574454871 535479040 79950854 -315474305 431106454 -735737934 831311117 -706194309 172240043 613902849 814208895 -281373578 -412994665 -602108799 890854435 704142559 84349113 -577036876 693206224 -552414450 -208761349 -821400560 27298611 -784663701 975998192 447538248 26719550 937434384 909227845 -379485309 984452674 -440971011 -469210335 210660657 595290824 382082333 340778814 206955677 -149007562 748762256 -814028322 161906011 970931811 -43301708 915608178 287096278 118528017 -652973963 528284115 -755523159 -396148448 -339887682 -767128479 661429102 769469656 -359681772 -538499424 979674888 204457450 -972475457 -340566799 753126161 -558237617 953341309 -740063310 -995784376 143161477 -166931559 346809064 -373816815 332382762 -518183278 317190793 332782557 754657506 -827838885 928321314 -439676414 978390291 -994968428 528633138 22860585 693086471 -496868323 -484676325 -171939262 189682126 -856632859 -676240482 38663594 -887996393 -306455681 554166241 -890547856 548666831 312262280 889744106 -95288516 585815811 143637613 -725218404 -3258415 511465809 -8426081 -739042397 997789517 401051435 927021664 5887891 -38102478 120816087 -61943212 -562454611 -740180847 644948650 -740027072 301164895 -554998918 -425877815 -212594653 204323290 328315211 -914652889 -13245470 -720989339 -987817328 -705478793 201778531 -579035719 -930229501 386024862 -921625346 290831097 356584365 -683896875 498529326 -646811480 -825844083 936839900 813829695 -820801102 -535415001 -197916859 859883850 594639326 884951038 163729710 -442539101 760373488 627318833 656611960 300965070 746425099 -753314141 -967692379 442036580 -490723211 797182452 -19413077 -377114847 -754424192 174526896 636205775 -720590862 -355672835 -328426122 4578412 384293027 -996394080 385949663 -824208342 86410706 200633275 759833577 652599683 649183230 -86590750 742526331 -136916734 32823399 531208703 -267703869 -63333543 -227505053 -358807693 80220725 41028918 169725814 -590435964 -115832039 -985771333 -537942860 431090607 54167028 -108082845 957825650 -644794316 817935996 -293245209 -805963811 -761611495 710499231 616698839 -145989842 573025047 -414336478 371104074 -481784236 647929261 -979686089 183301475 -926741145 536982016 265808612 -521818823 690625425 682323578 -671630022 125485897 245264372 -52567739 -343407434 406450035 -553139377 -250698746 -375856132 632248571 721727415 -698859865 -523136933 -900545121 -360217470 583995678 -407796481 -752846170 -92869754 570754560 -751394404 394080266 814692025 -990602986 -682746986 -257229488 947997927 228866529 278448457 -854487302 955419241 203628677 139008835 362942995 -257698142 113509960 729511193 842330202 443696002 -708867381 -828841839 135393633 594561925 -257794869 -317232807 430696456 -923057046 811680436 153441163 -900642701 204722377 -814900483 721822974 -167629224 -115954936 -990805703 -344283612 -140585294 -19777929 -745795053 239197729 -494129042 -452218269 -182282960 -298158469 722961328 829335347 971602065 -963932823 507068326 668898603 -320370164 813953411 644681887 -16322581 -137346006 6846356 122429567 136285260 778480827 754323207 748806838 463610881 -347117299 807646421 -55863036 -231092661 937134026 939005953 -591356812 -240443931 -507024030 681531247 354511569 157007687 -294951880 -864071352 -145910004 286044783 -538465988 -996519328 75239651 130322617 -484734114 636067115 -105936466 -625786630 -760630084 -722918002 801527774 -554939310 -297795849 -974117511 752456378 210243798 -495538923 977270356 -902019391 197169319 -36918015 -430264116 74836065 -996684633 -686305138 250629874 18990866 -775253222 -946823647 -178502452 54776294 666590779 -762425301 551901146 482694033 776554577 569285448 -769284910 541169077 96814142 559964937 509697489 686058373 803770718 280583874 -268198607 -935024583 -900450302 -769642153 105325567 794742536 -722275788 942588859 977179957 459806227 -455315159 411806469 501566859 -590700923 267251043 -767889887 -211447868 -870449814 17815374 -814597020 -510296550 609403301 -146445295 -825313475 -982491159 239311413 -446722757 -460189401 -137868069 122006721 -460616684 -801507560 -592063664 624345477 -909446385 496219919 -756573997 198278528 -875946670 405345780 959346880 780262530 -964025972 632763957 429535643 305035031 464832416 709546374 -549673742 29462910 -578220284 -758880937 -612709741 -900162769 122110085 -319730965 -565174267 -103533295 323208833 -782691002 591651000 -144497386 31501871 614204217 -99999020 675838483 747552970 113262255 -148213850 -380034699 -503044768 934309791 -933147647 -215537694 736525537 668716000 -541223678 -855812249 -897298715 -130035361 206247386 -994644109 -994841073 -353917970 -101447199 539210293 -52966432 -599550219 -255427494 635628158 275625356 -850842866 76680549 -593534124 -70585601 -757675277 349645148 -355864956 -788991018 -351460493 -726344392 970979579 -31568329 832640582 141247234 467906510 595619494 -536973647 635946737 130088917 -51510180 -947135505 288026120 146989300 -996261011 725533579 339898337 72111604 963814629 -816786649 -500737746 -724115813 -961672375 695658596 854493589 448560194 55108967 -68315124 837379095 -858295490 64178949 -638376364 -644909644 -288138296 327716435 923507952 -238807974 675188015 -53615585 615112298 -704835065 -56921951 -928175171 -579691464 994312462 577609813 -323920692 -914562929 564687703 231080410 248172689 509913949 809914241 -692817809 595918388 -283896592 561566137 278435424 -989269216 -789471241 -843314762 751998324 -674521559 598404202 173112190 752795011 715632300 -563506726 -561804508 -199631792 906675699 -745626639 12743613 -549156621 -62756156 -352700906 190547532 648044251 -58130358 88211066 -184481550 -346096960 283928545 392358860 506041583 870043035 -98857313 -52213514 201241370 406961774 753474889 215444908 901847162 -232560855 -858636227 -643237548 -110825061 776846696 -517076730 31520882 839691244 365000364 687736740 402959198 -259706828 -561825533 -233958637 890609731 -66506481 884115813 687065668 -396988830 -706771226 955321746 184949410 1128540 -45282603 303177706 547572929 481149580 -21298326 775603132 -947445068 800858553 -662879432 -354213185 -105186190 835411137 -662002470 440165711 -955271965 200272345 -483165421 -675493352 -60309894 345467227 -98318630 -580607604 -661328584 112690620 304179174 612001270 563419368 -395579368 -992430823 -239040138 -870472897 986843457 95063953 -575144313 -142667091 980892574 -42939096 299394381 -470551333 -658393261 -46697092 86902285 -220246392 -590416998 958882975 645736214 -524291145 503303914 848898817 -966702751 82692516 -227361053 -277853236 -793791933 -586245674 488901623 874751859 230393037 -70884889 938526197 298802683 -542066719 48967139 -882869038 -602400110 -618727219 89321677 234683624 88810723 328805930 -258384194 -242647208 -980882979 270556230 -512343840 626315093 235214072 -218806593 52580625 164705981 456850185 -857475837 768841969 -737356015 -69673511 -542305179 702640897 919981298 -703811804 -48455896 127339091 -621893196 -628887312 -784528522 -283874629 371234069 951350212 -122237109 98478390 -475134636 390110900 371167781 -568056066 -269292968 734161977 600118149 308921637 679597828 -131794696 -388787835 -481857384 -972298894 21567927 453345380 243990176 369016779 -312552338 277583086 -313071183 -457349288 -377089433 -780285013 411843303 -816577130 -806063706 -977918237 -780961805 188781920 -121829486 632193950 356093983 976748072 -36054554 611603111 -469756441 490096336 121479618 -33238850 -562024338 -43568208 974374107 23605875 -197188800 -910183791 -889142691 -948658 -129884746 -222338944 914341116 -990973119 -333239255 217813641 -485813768 933066336 -702233945 -527513078 555408369 242109696 9278748 -648435897 -656761689 -583866291 -686643181 -233160285 42774809 -254680410 -655394814 676128687 -820177344 354142318 962576254 470861820 66542407 -731861114 610330494 -12143461 467899620 -945968009 -578835302 862972212 -93921508 -553434872 878821622 -395390560 -530364543 113339150 277518917 -923156235 -219151751 182957792 590506869 -418180477 -65322145 585347857 -623526364 -797735804 792919475 590921824 -891626064 -794772494 345357186 -14032990 -983238654 617816187 -863997288 326327230 -736499219 204021938 50528010 -682612029 -868741339 280005898 646121948 681732377 -456021409 -966536226 225977839 716984984 -5566031 -97865291 -815243939 261865689 -16103696 -833020227 917748762 377505105 331289099 206765542 418205894 -764796158 990395014 -882424006 478784222 902711014 202074734 -705399014 471349747 -565856365 418323936 -400881501 551071932 899851924 120450259 -131517908 945767511 -71268373 382604041 -328550433 -172639808 -755879228 -432138425 -888241734 -116832579 -220063306 -449617081 201443610 675572486 961245253 889100431 -511560301 932725786 -673110195 33552420 869053783 498215245 955625617 951090991 881379929 -613890845 624028544 443550215 145165711 828317600 331546442 -397804599 375380995 197873440 -95943627 -407342301 -507803980 -524943470 -268111791 351827548 -792391618 -84767642 171928515 -689709863 49431771 -982449140 -489720149 20022092 233012685 -511078171 -456119983 -842612421 -492320716 519254219 -442955090 41337485 -634553134 -423179595 -952785164 70268598 -744488454 373238767 521628048 534047358 713841790 -227890547 635764436 501030984 -769902139 198333416 438089839 716396852 930806660 486351026 -191104471 330624007 -982987978 -776682632 262868450 -476962867 553384872 -667993297 -34391725 574807897 584577512 -482849640 43092841 350998085 -486855747 -241242996 536200965 -119573652 -964016598 19153369 -453040074 955592104 -115974500 906921671 925950137 636203131 535340867 -446748696 -884009081 -51415948 854371391 901783423 -884655842 -244316368 952157481 727492490 924566520 69609211 -250487716 -297767633 279003367 -581614112 173151788 -540399586 -395382850 -334636094 341327860 350145069 -95664889 961924974 524620244 -73810583 402751266 472016331 -242144553 743074821 674056692 -173065141 -18832589 179447058 -97798629 -422388860 -421406639 159028618 327754509 -376512521 980898612 -112857628 331837673 506756508 -711967574 673778057 364622178 741150709 639922620 683351337 -462812750 -259963957 285057435 873909041 -13585965 -311449506 318031257 -724460316 822837399 463276416 -688836897 -314954686 -728521163 -554606054 -131545082 -449442506 -961485099 -321179567 -524294180 195669275 -705773580 550702828 876368001 523414150 -44897434 -663856707 -799444224 -439609203 -819811008 -505510350 227984307 -76817091 -816114631 -388214059 742309626 336822203 -286245382 260677601 -690472795 -48842441 128197405 523437024 498103847 -219838250 -857567297 -372531771 -63142238 105334278 144483452 -883459852 -179424663 483733025 221855977 -614739152 769629163 801516332 -384196094 14377582 -195822009 644827978 697986794 -48613951 -438978544 848145535 -230596830 -699776049 575294203 -496406897 887782293 -738196214 -295545023 861795784 -124546810 -980319322 -606419917 439702582 -517121774 587168688 -534491894 -854803988 -379597462 345689637 -977195113 602227255 176734745 -465181373 -586732371 -405856177 -847529934 754290063 -928171403 -911804128 -789614405 530649383 966072022 84055511 -846954241 223364829 -578129205 -170747785 -895839516 485792311 -356177140 -775257443 224959068 478452327 -324562254 388424410 -424606207 195869412 162615379 -244322081 -707163263 899392615 543611132 810313474 7246921 36682214 -574935913 956516727 -200043034 864660325 -130453956 663460580 752279788 719558818 -917098007 -919640625 -559917385 -713696294 254005832 -161804737 -131934570 -977679543 541183022 868196181 714570496 -190304282 542102260 222651418 151899377 -572316537 493251379 -390639653 -277944178 66613046 -988648998 -769029118 -607791194 -730777798 -781314771 -991661057 6143473 776920255 -978738134 -577515311 -572121951 -399682329 -769767607 -370065728 890312834 373331309 97231856 -398156445 -168500495 -68500932 -1443148 812239602 861503618 -669871242 -372567452 -131783635 794346613 142878011 686685998 -495230780 564762075 56845502 -294090919 -680922138 -969274768 893872121 458510238 30162892 505529228 -461074045 -895007798 920404447 160029364 -561270682 -227745982 -270812866 622014319 799706529 430256552 486681481 -385082922 620169778 -238765702 -96321147 -604946880 148694428 -591354657 267865767 -625552465 124743687 766923523 -64996863 -268205676 254777489 632256383 -858565138 578629160 -709891361 557880936 -299881338 734257177 -96031551 -267594620 857907954 -995331415 -749757772 -87544288 -349699951 436713893 497376466 672156471 769644434 493990532 -445478728 135171003 553220172 -49109496 692208196 123094734 305904812 -427846993 -514165007 -460409686 188488626 -221600858 704621129 -928626018 919819426 797818750 205958041 673612187 -565247733 -501612848 -558249001 -905867054 -977328383 -172245718 797632200 -224373424 748706648 -801828926 320785473 932927065 806885776 94296380 -407296564 625327850 -197665125 793769477 24855230 813778621 237433714 -136499649 884551467 810266790 -917242436 -706597627 -75184254 979409461 509379624 915139101 976610868 850382918 960991946 -844865774 318074940 990731479 783264660 -115107437 544886481 638353438 -560693140 -308544243 75962225 571156334 279818458 -169001899 -979318779 -381319595 784573927 400969695 -728454258 703205613 -677314289 -186308898 -588202640 402835362 203553146 65952571 566741928 -598854082 -705530917 113150076 -161850359 -86447589 -324738218 904579128 -405392456 832393385 989996943 915157340 720105056 698891228 -848469246 832295628 -435935544 -657190672 -871256676 763702646 959984971 338478803 -629318200 804885397 383566209 854637387 -936494022 -558399766 -401334468 574718833 59481479 -723255480 -169227474 -383020588 -852856967 618963566 -746574240 -28821423 74937847 -366253187 661848712 -490334149 32174372 716266100 -961252356 936788235 465437983 651760545 -7666321 -442821061 367472007 -723432907 -201394338 -979543377 106605429 445297084 460833640 -619422822 -302910962 65295564 -402301099 -953618727 212637543 589460405 -949890955 627355039 -273069194 134872270 134952473 -434290172 -211623902 -269353833 -617362157 808409169 -443407680 -317607652 600464836 -492810331 292552829 -558722823 58862673 -152498899 653273438 41166975 -232965669 177711609 907835859 -108472109 -170305499 90456008 631756432 -146655413 -310732017 905360883 81963062 -269621655 -395363197 263413566 -57787890 -269663728 -875825446 301691465 -39928929 501578976 -999232041 16142192 -636682472 -435654710 -927914276 118220020 631277524 -807022613 -478348209 -464949300 -634440697 -584300363 467388418 -197409038 -320889378 -348880680 -404924150 280187537 -417324058 811572984 -614020162 -216833277 -283636351 -65459979 185440781 688085265 -506686518 -485007032 -344179885 429426797 -705771227 537226726 -157133160 -517877274 -387359945 -484416006 -118216012 254733858 -346531702 -301766113 -410044015 77013957 669385679 -424519218 -912867320 482106792 624238120 -701969230 -454346663 370566869 -300837723 769857229 -992710105 -444134498 -547715282 154873714 360696959 -722626088 955128499 -203539578 388126457 -52349975 -155725809 -372257359 -41039793 -527507342 -529600471 -228860552 -971117153 430395378 616263072 453654184 277895802 -971424063 -716147860 2137792 308162724 793905421 -243375521 -834998732 -302113022 561186653 -423200122 268106635 829865441 623466416 803573261 -57615136 -548996039 -154758452 -413851930 502227242 666350196 49790036 -667427878 250801269 237977760 -464265146 128244080 -707994555 -308294978 -387524622 838346810 2217626 869361800 152753276 -866683109 -339308371 346718862 -436230813 471880996 979007568 -111728067 -903481106 439535743 100009694 -998974539 533500639 -291663824 465447960 582193991 -70132124 -303707260 -654610429 -777029265 29339400 -84772910 325342909 527441439 -530872495 328671345 770709810 -447767149 -577960927 764890289 480402870 -108733008 553578579 841240533 33682880 -86700423 -337874171 -753569411 -549751602 825731170 -704610935 783635178 387868260 169692150 762693347 463797402 -972693273 892665053 -599945347 -647798838 -356976451 658643794 600173309 -926903307 55416730 533354501 -904854861 61281293 -238558204 14607131 -857463785 -57172920 373498101 -902475124 530950610 -377941261 327285888 35315764 494002303 -184946729 129517996 110726571 739995205 -36846820 523392946 231385010 -815473061 -64589630 734103089 -625984768 -694565274 -930752038 -769953210 -255713122 -376703578 -737273347 -141926253 419428562 -923509776 -255521779 289860446 515200099 319253710 -871459523 501171876 355779592 -135859979 915461542 61338500 -534748489 997140135 -552150194 150923042 677278553 -657993920 -477556873 292219369 351670112 960307034 479939970 863690435 324574436 46064450 82845540 -456520697 66224802 -87981435 -866125960 -423142215 90586603 -153693560 286342564 319078250 751468208 -952843625 -240557477 -577663873 693194464 -818658759 -421516992 -333928646 -438529974 -620175748 295679778 -251896683 -463348823 -33945628 98002427 260276925 428716878 -300708999 -446601000 -866509640 981905998 -118609919 -287240209 825671541 533051438 -19716950 -332411095 -378730722 -115279747 989030906 790153360 -190074438 -892086828 516773049 636593263 121979029 -891847965 526604191 -545711316 -868071168 -328914995 684383117 446805148 490350115 -888111663 -969876794 -464872455 38456383 799055868 767831675 -618870924 -365456067 604614980 924462423 -108360225 661935178 920662868 235589929 -57873512 -543222673 -367600406 -995739510 687591117 506973866 97730161 -368886057 328825942 -759075566 -637646400 -188852050 607316935 -534479863 -341618557 986811196 803829061 -456252321 -606955515 867981284 859302069 -779990970 895749176 36800785 614823073 -24517076 -132680264 -18224770 413142676 409853881 990986486 225710269 -413878994 71057966 244902187 293444 484814655 -864165874 234212361 -149772262 328598459 -201523146 694885382 -739080061 -62745661 -947492699 746122421 -122245657 978313815 -697311779 414649494 -728228676 735064573 562213089 739424740 403170039 -991388162 232692315 516016197 611312075 842558327 648870764 -400942735 -693573358 246044740 -321576977 375901697 -59331608 -183064585 569730055 706318243 -579141314 -903284451 18919516 879213726 617689287 -603224042 -289661760 372062809 -107186007 -597824158 43423519 67333862 -614401228 -625885221 909172064 455322145 -225574387 -325148176 596611206 407637212 664782402 -399015816 532935288 -524112028 717588439 506062450 -660284188 102844416 162378224 384668216 824853054 515555557 -371576330 616689583 845898356 841636531 788576633 -815950581 -41119278 -707519303 -724101467 -493921262 285017262 -527945289 -979562980 -529530071 562831680 454238960 -26264162 -680049690 966867248 825008263 172467192 962713579 507869982 826123019 -335444018 -745059924 81716624 -993756634 30216454 402540847 -828893348 -955929293 442515121 726007860 843179407 976603902 56389163 -23120456 -582943020 -48938034 474990882 -519575526 774594347 51789822 378411704 -398580462 42079112 627554299 -914379818 553397339 872028844 909178894 405646933 621076512 -808841208 -333198131 -854777484 811722355 -809795081 993588167 540085217 569258643 -23086221 -449157891 -442729929 600212020 625115770 435719584 157221625 -600901142 962267026 -715245780 173118833 119024473 601703492 -233686961 419072381 -568553154 -316401346 -282786223 -632723486 -751671401 749445635 679866045 838531954 926790347 -971748098 909830464 21550458 933002785 -340302922 -682818470 -859037730 -814357959 871620084 454869365 870821933 929884415 590481703 999937673 -923296422 -605801505 -627894718 -638179045 337160250 655216583 -379061343 307999038 -14080724 -902516078 -114341043 -717819309 424550067 -168310565 439748864 -371786097 977133872 682012110 -383158504 737018053 699292207 209757048 546962417 -588029124 -17172834 929724494 -434082139 -988404832 -715635110 -228295601 159623346 164024394 808910229 -405638813 364273135 320663391 -718015292 12529766 -602054248 873283329 -887355811 -389023638 -440853854 -645211858 440429570 140188407 -125224108 791935050 -126156581 997252050 -912761181 67517316 -487354056 955748030 751634145 -956321316 -574497462 915328918 660783943 -821484080 520781400 258567974 -935524943 5940734 -107171445 949534783 83935812 291515586 675049600 387393093 -573838528 278757169 736862402 172349583 597238504 -852979848 -632518388 422913511 -315985302 192304183 -844409275 198631346 73597661 405677652 -409969118 -919965131 -199158208 -439747944 5676908 661568435 425694469 -933017282 -479023960 -681002511 305854999 540306385 -585718195 496473333 -653674968 124917912 -471951797 -12887239 675769301 603478598 53156233 103008440 -835198070 141246563 522849197 -107807779 -696747218 -113897395 930746743 372429885 137929987 -505939874 -791540156 -435763162 794738890 609771195 -167888674 972986457 501533781 548134354 557740072 141934912 -301153447 255160144 319134381 -528900417 -883837218 576988474 351229097 116554777 -721353033 876533644 408815419 -188190590 -947161549 907398559 -850489310 -224755467 55507588 -145440799 -261733348 -419059150 -495627242 -159262273 109182724 -766337387 500143104 -404225655 614330742 -333420637 -286292543 867977761 517365786 -33288743 -928329929 900024486 -616069116 -48512198 -551271746 231279070 -638531898 338060612 -171365405 479175181 850272843 801431297 306047873 75798019 15231223 -779100774 -762517155 -862166347 -12889751 -747737896 981246246 -79116161 923953851 200799700 893172928 -279753266 -441989312 -672670295 -575493668 959798937 -93048671 373575382 306520172 472471925 -763986329 663390840 -394404262 775749849 537833526 -863582631 779705209 -771564258 -760652894 -754532649 873097104 289227396 75780111 625154995 352159119 367195070 533651105 352029345 -272434479 -999678418 -956542705 528825433 -698453696 -242681894 566376826 112261765 102324220 426696046 -192655727 429205326 32312319 278801608 -508396970 819176873 888644167 -248062817 794705853 205166017 -492145244 3561069 273484189 -885557757 -264222611 884754203 -164782096 152078850 98778616 -61619552 666478298 806930480 69511857 -682222232 356473479 270485009 -203179371 -475597354 -70615744 895309058 -542741411 -68848575 498492089 -394570405 -814896683 -538256103 -463498901 534223255 189485600 31801829 -804480541 -246629227 -835373913 553484206 -529052151 479220243 427469585 940577777 332791755 54802893 124536934 -524381981 10111602 -916840118 404886588 758711494 -902775165 801796955 -967215630 -129708058 896086219 -55973140 302308066 -373429597 139630890 690087876 937860536 -351416965 82835094 992314211 -174529459 -885519633 254661745 -203412858 913699170 -632339510 -903056908 303741396 519418387 -744130464 205629352 -846765872 -87027638 -681395097 58098515 -798230596 -861362703 430655529 799547510 -995301621 710309896 138050753 -26260333 -538995690 -791848355 -511113453 600298482 -406402001 4053852 209192757 905696260 714155452 553891501 867657642 186389670 239707048 -297832230 532923411 252520051
3945
1335 1365
144 2775
1110 1380
798 2530
116 3273
554 1197
2653 3056
365 3517
38 1939
2643 3485
82 2879
284 3573
333 2531
883 2783
13 3344
353 3497
220 2921
784 1737
968 3569
88 1281
1006 2932
19 3586
1832 3548
826 3512
714 3324
390 1932
940 2225
1232 3343
66 1313
112 1225
592 2462
493 2738
311 3390
263 3182
265 684
34 3590
327 410
454 1747
2441 2470
99 3008
2772 3043
598 2800
305 2014
3143 3359
708 2246
594 2795
2196 2971
94 3592
3114 3363
1002 3047
1412 3309
99 1026
1735 3150
1102 2816
691 3493
1247 1866
384 3115
1588 3583
873 1342
249 2979
265 2577
1764 2528
899 2143
789 2617
52 3571
671 3196
512 1393
2959 3572
2079 2961
1 3551
2785 3234
378 3443
643 1907
938 2933
1244 1820
1850 3587
1482 3287
2370 3198
481 3554
912 2991
1114 2355
118 3210
278 3142
391 433
1771 2123
145 2862
1559 3343
539 3554
433 1952
893 2604
61 3463
130 3569
1129 1642
381 983
1919 2777
2762 3047
1669 3084
610 2627
2101 2773
186 2510
2455 3510
3260 3407
192 292
92 1883
136 3465
428 2493
614 3519
1879 3114
158 3303
2777 3466
311 1561
3174 3393
1190 3226
1735 2304
1202 3546
1033 2948
428 2917
302 3528
280 3409
291 3184
429 3293
1647 2227
750 3241
653 1836
569 3143
1562 2415
1715 2842
2252 2442
2207 3140
560 2626
2545 2626
56 2771
45 3461
211 3579
1609 1652
37 2077
1039 2329
2013 2735
989 2309
1205 3109
989 2245
196 3236
421 3083
797 2345
1341 1651
145 2599
547 3240
127 3374
711 1398
398 2636
445 1584
379 443
543 1890
198 2622
52 2496
455 3419
81 3195
128 3470
347 429
232 3291
233 3169
1454 3321
1686 2656
906 3512
968 1216
1604 3338
2065 3579
293 3590
98 2935
212 3222
441 2107
1030 2746
37 346
2298 2749
398 2911
355 1613
1261 1909
256 3568
121 2755
1804 2018
434 2856
721 1230
1345 2463
1278 3210
1134 1873
52 3460
437 3534
103 2990
1785 2863
204 3400
2730 3553
6 3589
1216 1583
639 2663
8 3269
151 3270
2058 2259
1349 3193
630 2984
660 2097
1058 2524
1011 2838
657 3333
849 2696
159 3103
2203 2977
1028 2863
103 1780
681 3429
12 3495
1191 1633
324 1542
2709 3029
189 3386
103 2348
51 708
64 2080
250 2407
2351 2851
532 845
1590 2554
80 986
388 2894
298 1070
164 844
3088 3336
250 3521
10 3443
1808 2086
686 1005
10 2374
539 2675
614 3407
485 1122
8 3566
39 2982
946 2186
497 3186
1790 3050
1343 2391
198 1308
2585 2962
1016 3133
58 3327
268 3025
649 1941
582 2961
1991 3287
2360 2425
3432 3553
84 2513
624 941
1765 2966
820 3348
348 3325
2145 2457
307 2754
2714 3370
2099 2367
421 2794
240 2383
331 3284
253 3288
3486 3545
1577 3156
2630 3100
529 2946
87 2984
836 3407
681 2197
165 785
1265 3050
535 3321
1874 3516
750 1432
1335 2333
498 1373
226 2961
127 2249
456 2778
2034 3048
1405 1593
394 1058
271 1189
953 3309
11 3402
440 3295
208 3197
634 3555
1376 3538
2122 3229
533 3409
546 2899
862 1336
29 3587
31 3280
1557 2619
2055 2089
356 3288
719 2927
707 2839
37 3394
784 2432
271 1696
957 1692
51 1405
22 3579
233 3311
1119 2755
1447 1939
597 3405
113 3541
1852 3580
194 3097
1175 3507
25 1674
1231 3509
1693 3459
811 2337
160 2559
1269 1588
1012 2801
754 3357
618 3587
220 3486
19 3525
2633 3109
348 2711
727 2141
2208 2371
838 1366
2818 3236
1757 2790
52 3178
769 2228
617 3092
641 2935
2568 2743
1402 2245
1194 1833
1167 1476
328 2957
38 3158
1856 2499
1070 2826
356 2023
484 2259
34 3453
1283 1290
48 3484
1146 3583
2719 2838
1857 3187
135 2117
75 3516
1115 3115
917 3063
935 1593
81 1097
290 2168
470 3362
935 3513
1693 2423
1887 2736
2782 2897
233 3176
535 3369
47 2623
1312 2534
539 3237
2518 3012
87 604
1310 2524
822 3350
964 2372
66 1275
422 3492
2998 3171
386 1431
1507 1535
3380 3486
2213 3566
1308 3399
957 2738
142 3136
3448 3509
1918 3050
1149 3156
546 3403
794 3459
717 2015
776 3465
1517 2824
486 3476
48 3579
1985 3153
1719 2844
1208 3272
62 3586
204 337
532 2856
388 3219
438 3532
380 804
1102 2072
49 2122
138 2706
2154 2603
1858 1914
1130 3586
298 3556
660 1484
2117 3402
2247 3434
1663 3154
1958 2436
27 3191
2618 3456
8 3362
3154 3587
109 2673
315 3195
679 3276
38 3404
713 2825
1082 3137
152 3162
168 1157
1800 2907
411 3499
1633 3125
466 2156
1878 2950
740 1702
814 2857
248 2759
202 3240
641 1912
593 1236
887 3135
1659 3422
79 3419
699 2463
269 2918
41 1129
396 1563
2025 2597
200 3117
369 3297
316 3168
252 3040
778 3164
705 3439
1060 1760
1284 2033
1357 3285
1056 1444
786 2983
1176 3304
2971 3584
769 2862
200 3511
583 3420
918 964
72 1903
2862 2973
3 3298
109 3508
2410 3305
34 3206
71 3582
551 1176
622 3453
365 2631
569 2861
365 2994
250 1562
428 2896
573 2527
251 3365
2311 3436
66 3345
3358 3559
1028 2761
1616 2447
180 2020
386 1307
1221 2839
833 2120
478 2444
141 3311
378 2389
115 3564
352 1353
2496 3170
2257 3261
1791 2638
3222 3472
2560 2671
55 3195
1666 2045
432 1096
61 2081
91 2344
153 1722
1788 3101
459 2152
225 1643
195 2727
767 2732
332 3108
1129 1763
788 3417
20 1699
1071 2691
770 3560
2444 2714
486 2232
1371 2299
98 982
2604 3043
2161 3319
148 2972
2199 2983
309 2715
443 1704
1329 2079
1855 3534
253 432
414 3436
573 2784
1010 2783
2019 2143
392 3254
1670 1753
173 3057
1755 2731
32 3101
2710 3277
610 1305
2207 3091
905 1509
490 1848
360 1721
1586 2555
2297 2686
1017 1370
338 1494
252 3116
95 3562
1360 3073
29 1899
421 3433
42 3536
565 671
338 1823
2116 3534
125 2337
820 3273
133 3548
51 3155
930 2600
123 3075
73 2718
163 3562
1211 3100
901 1600
1340 2129
1161 3155
1485 1547
11 1851
898 1362
1174 1838
214 3489
555 3529
2732 3591
1817 2880
392 3328
258 1033
1194 2862
493 3335
1414 1481
2229 2359
2255 3444
256 2534
32 3404
415 2406
131 3575
724 2523
299 3483
285 3561
475 3092
30 3417
2589 2944
1704 2370
331 3177
159 3240
497 645
53 1673
1990 3462
338 2657
282 3447
210 1369
1904 2569
1155 2195
632 3294
1999 2736
224 2767
1918 2682
363 2898
285 2882
864 2429
599 3365
1641 3128
1173 1719
212 1987
19 3512
356 1404
75 2037
1434 2702
370 2496
11 3567
230 3089
374 3440
479 2932
253 1041
921 3557
230 3462
1595 2267
1424 3308
256 3528
86 2576
2804 3522
301 2589
58 2655
1506 2560
273 3038
6 3584
1096 3067
2564 3126
849 3514
2025 3459
526 2522
1630 3392
343 3385
1520 3224
1139 3281
322 1919
359 3584
177 3365
11 3528
1382 3173
1864 3563
473 1417
3271 3583
179 2216
1083 2950
351 3329
463 2912
3155 3178
2221 2464
249 3257
257 1973
1833 3172
1129 1478
155 1534
1135 1431
2724 2999
2454 3166
1443 1727
3393 3549
31 3478
613 3016
1313 3499
820 3497
231 2190
1006 2554
609 3479
411 2987
960 2574
1186 3091
553 3078
1090 2680
382 3037
421 3215
69 2045
269 2956
265 3574
1430 2106
17 3577
914 2770
96 3386
276 2706
1537 2149
381 3530
768 3350
3061 3271
262 1065
45 3221
2008 3521
1600 2139
38 2866
309 607
2363 3536
2394 2764
1194 1581
725 929
434 1430
2197 3290
667 2310
793 2717
661 1019
1517 1912
1291 2948
682 2977
1002 3308
1291 3356
10 2974
599 2981
2110 2782
688 1816
24 2357
1299 3498
282 3282
832 1508
2961 3071
342 2729
1990 2539
1178 2712
2357 2842
133 3514
29 395
609 2537
771 3482
826 2979
622 1226
230 3509
139 2964
1190 1430
2621 2706
1951 2547
3023 3167
63 3396
2341 2713
516 2090
970 3578
81 3147
2649 2716
2232 3408
1811 3279
3137 3280
82 2586
2221 3427
2185 3435
378 570
622 2432
88 3389
701 2620
437 1351
657 3209
2755 3317
947 2654
9 3573
396 3238
137 3296
1697 1815
258 3571
1647 2657
1051 3065
1350 1859
1691 3441
225 3586
44 1493
343 3511
3179 3183
187 1436
929 3539
1972 3271
246 3388
1032 3432
749 2614
29 3452
3089 3368
227 3568
604 1902
267 2319
750 2678
255 2419
1015 3490
627 2697
115 3320
68 3305
125 171
359 2567
2047 3347
337 2692
2225 3269
1713 3338
78 3559
1189 3142
535 694
1373 3554
1054 2722
1438 1688
186 835
2365 3079
3520 3564
21 3538
794 2916
588 2754
636 1995
70 2960
434 2038
2491 3330
66 3062
637 1250
46 3557
157 3432
31 3138
198 3563
2027 2094
901 3188
2327 2543
295 3476
1813 2233
854 1124
201 3202
1087 1448
2071 2141
476 3303
331 2147
1440 2874
12 2967
1104 2150
495 2865
1349 2515
56 3364
605 2900
2317 3070
1226 3477
3311 3356
59 3559
400 2419
775 2970
1507 2673
1273 3434
1431 3142
741 2782
1764 3525
906 3053
79 3428
11 3576
81 3547
2 3537
49 3414
738 3023
669 2639
2387 2429
549 2970
240 3489
212 3495
3111 3486
144 2052
679 3125
37 3267
2674 2812
1231 2354
1477 1696
886 1081
1632 3567
8 132
2008 2845
1406 2688
865 1285
923 3533
1948 3308
907 3259
3144 3235
39 3592
1171 2427
1374 2650
770 3361
28 3517
622 3409
1571 2909
586 2381
1308 2614
336 3532
1757 3499
1546 2703
200 254
311 2789
1640 3132
661 3354
90 3554
1868 2887
313 1831
310 3511
28 3195
336 2895
315 1507
916 3270
328 560
8 2892
1599 1684
337 3369
519 3005
1450 2766
1 3592
1535 3192
2058 2169
2706 2946
1539 2548
1279 2806
967 2214
729 2998
2284 3096
82 1772
169 1616
36 3564
2179 2320
738 3134
1049 2891
1094 3315
623 2058
1015 3588
145 3356
132 530
929 2899
407 1959
223 2392
405 3440
587 1739
997 2615
590 1361
432 2404
1959 3300
1 3576
502 2542
101 3375
23 3542
1027 2944
8 3582
1467 3426
543 3516
375 2240
126 2656
314 2857
1476 2494
1608 3409
495 1027
106 1130
124 1538
517 3025
1112 1674
813 1737
792 1036
2417 2451
436 567
58 2830
787 3219
170 3581
587 1928
351 2116
702 3095
762 3039
2558 2576
28 3189
13 1028
111 2777
19 3440
669 1835
3039 3386
329 3362
365 3422
2460 2633
1573 2920
441 3521
1082 1688
658 1941
225 1767
152 3055
2644 3012
735 2949
828 1224
858 2692
1666 2499
384 2271
751 2802
1403 3232
46 3435
171 3562
283 3062
364 1394
1283 2632
32 1087
911 3558
2033 2466
215 3166
213 2787
368 2979
388 744
852 2584
2030 3585
111 3530
1765 3565
619 3289
477 2715
240 3522
12 918
1312 3203
109 3475
5 3531
1771 1781
1970 3326
2479 2498
671 2367
584 1596
339 1240
1382 3475
1239 3045
126 3269
2483 2549
1084 2521
2090 3441
649 3109
29 3376
329 712
198 2994
71 1942
2594 3439
115 3289
977 3208
280 650
325 3575
894 2109
1426 2407
328 3278
949 3133
750 2881
643 3068
2045 3107
171 3403
2692 3105
355 2786
123 471
1416 1523
188 2570
2188 3383
334 1617
383 3572
105 3550
1307 3344
427 1710
1049 2783
1518 3389
1051 1997
89 3265
146 3344
1381 3145
48 3589
1279 2892
77 2869
330 1263
1473 3178
382 3127
279 2634
309 2272
130 3574
35 2960
43 2624
156 2987
725 2137
1110 3175
691 2022
1296 1927
1248 3284
3055 3214
922 1672
893 1817
227 3297
1077 3480
677 2048
516 1447
400 575
1070 1713
2232 2622
1288 3499
1745 2200
1593 2266
576 3194
135 1935
361 2326
503 3126
23 2804
1146 2966
276 3361
1511 2257
954 3551
2383 2969
331 2745
1057 3200
96 3550
380 3083
68 3434
1337 3324
1085 3139
953 1772
208 3479
1836 3210
72 3549
256 3482
1164 2901
8 3258
848 1384
2596 3194
155 545
125 3549
11 3592
750 3274
1393 2206
453 3585
1969 3010
2070 2321
51 2621
1317 2525
929 2913
31 3528
2348 2838
1931 2926
807 1715
1082 2543
637 1625
2141 2289
2198 3446
68 2981
244 2269
193 1470
707 3354
141 3200
836 2610
80 3577
858 3207
1715 3213
1 3592
366 642
2661 3465
2124 2993
21 441
2496 3567
638 3541
299 2112
1273 2886
405 3250
133 3267
211 2979
343 3462
5 3574
857 3347
399 2159
341 2986
2844 3450
165 2757
133 3369
669 1504
473 2590
330 2664
211 2043
1756 2617
35 1820
7 1989
2043 3456
1755 2144
3064 3514
2215 3324
121 3024
256 1138
434 3154
897 2768
251 1951
720 1092
197 2944
194 3584
2335 2752
1005 2756
394 3167
1987 3356
68 3027
2197 2549
565 1517
529 1205
319 3083
108 1123
942 3010
3 1157
2471 3106
1522 3009
941 1881
388 3343
1545 3573
167 3417
1031 1972
89 2707
1445 3530
332 2870
253 2041
312 2779
473 2043
497 3513
25 3470
343 942
747 3560
273 3015
527 3149
112 3491
1034 1925
249 3562
1235 2233
703 3565
1348 1875
222 3500
48 3316
165 2615
523 2819
864 3576
1527 3308
1231 2408
105 3507
412 2835
89 3282
103 2149
63 3354
1456 2252
1734 3560
3009 3344
1090 2219
342 3032
455 2041
1050 3138
1138 1388
2788 3008
314 2808
943 3534
1765 3385
1407 3518
2714 2788
119 1278
304 3040
982 1895
339 3195
451 3321
483 2800
1756 2565
2221 2232
268 1043
188 2425
997 2188
2201 2513
2007 2904
68 203
1480 3386
229 2735
29 3364
1704 2938
1388 3551
1666 2454
1506 2764
305 2946
1305 3362
136 3464
7 2903
33 3586
180 2317
1193 1219
3231 3305
924 1582
480 3580
105 2759
492 1431
132 3372
163 1519
41 3538
316 2953
2306 3054
89 3285
42 1956
566 3385
968 2764
1800 2597
111 2093
2339 2633
2985 3282
12 2911
3332 3591
2476 3229
63 2872
1637 2684
5 3571
2093 2222
154 2738
987 3329
1935 2345
847 3268
191 3529
1801 1938
484 1811
1820 2178
2619 3100
91 3508
196 2253
1050 2119
1609 3459
686 3026
1929 2411
47 2832
53 3562
1919 2054
353 437
1800 3033
730 2631
421 3591
602 3477
1564 3276
488 1953
784 3510
138 2472
281 2219
544 3591
236 2815
4 2557
42 3474
21 2862
134 3582
102 3323
13 2061
1407 2256
1452 2927
186 1915
50 3458
391 3544
137 3484
155 3533
2073 2869
526 1783
2371 2642
1235 1871
243 1975
229 3506
1785 2605
345 3576
635 3194
1013 1571
1322 3126
15 817
632 1521
46 3429
910 1960
1228 2337
2052 2884
1476 3016
272 3414
396 3266
185 493
1 3583
2195 3185
221 2783
154 2098
642 3576
723 3331
85 3525
563 2535
1301 2786
658 2620
559 2047
614 743
1093 3306
1735 2145
856 2679
2322 2499
2108 3005
320 982
2096 3109
1829 2945
2570 2663
893 2969
303 3049
91 1546
92 3235
1673 2329
961 3338
1108 3161
2706 3185
2602 3023
594 3132
1519 3291
901 1720
634 2608
1535 3483
861 1945
795 2247
2327 3460
255 3314
94 2473
450 2867
125 3442
699 3286
518 3313
178 2826
70 3011
361 2756
55 3277
435 2533
1109 2039
763 3259
328 3538
859 2413
194 2015
449 3437
61 2528
2134 2764
220 3167
850 3294
1798 2409
2279 3391
708 3464
980 3350
266 1296
44 1413
2493 2730
334 3115
882 1434
498 3413
339 3446
1720 2685
594 3157
352 2777
368 1299
162 3482
185 3457
322 3303
716 1249
2959 3268
102 3349
17 3584
1740 1981
1506 2832
167 2168
174 3346
2082 2661
100 3293
1613 3328
1307 3294
1295 1743
533 577
1078 1764
977 3480
1349 3548
2356 3478
30 3296
123 613
490 3566
28 3482
1566 1861
553 2213
337 3548
22 1759
274 3320
177 2519
43 3526
1404 1428
1134 2853
960 3262
2601 3101
1433 2896
216 1626
2416 2594
1159 2737
2429 2942
123 2385
361 2934
1133 1634
98 801
9 3516
2527 3476
1791 2903
2843 3146
334 2613
2461 2806
701 3416
1400 2986
518 3108
401 2884
804 3584
436 1268
263 3127
2564 2667
994 2686
846 3424
327 3545
560 3117
601 2933
279 3466
1290 2945
424 1946
2248 3461
1151 3334
808 2173
632 1850
652 2073
607 634
288 3043
1776 3476
1011 2156
2044 3325
31 3373
118 3393
970 2933
2376 3484
931 2603
151 3590
854 3173
2169 2794
923 2977
620 2038
2662 3438
968 2589
739 3185
3122 3520
1521 2818
859 1229
554 3507
973 3514
327 3202
73 3184
1918 3213
506 3411
1384 3196
175 3296
2125 2660
1701 2470
259 3579
384 2787
214 3413
1432 2973
669 2787
1061 2059
425 3075
985 1944
2564 3329
418 3398
189 3255
894 3050
859 1079
413 2111
114 3169
319 2373
1039 2688
676 1639
539 2853
2343 2963
2523 3308
1054 3288
1216 2399
2691 3432
571 3165
313 3411
586 1705
1903 2360
1552 2894
419 3230
554 2322
2294 3191
388 3504
14 3080
1043 3427
214 3100
3339 3591
744 3401
1337 3581
4 3448
436 2938
1037 2912
887 2112
258 1321
506 693
1330 3488
118 3543
3 3580
1070 2156
691 3521
682 1207
1036 3565
2667 3195
760 3549
1028 3425
500 2880
1431 2546
195 2969
789 1311
664 2038
834 3210
1029 1175
175 3205
944 3223
267 2975
783 3173
1077 2949
1020 1728
871 1015
2147 2470
621 1685
840 2620
196 2538
1959 3092
1562 2206
412 2803
19 3511
2270 3500
25 3534
867 2311
1422 2100
756 2360
676 3284
633 1513
1883 3563
1111 3074
205 1987
910 1558
492 2221
1840 2705
1787 2587
261 524
1358 2049
115 2535
531 3483
6 3500
767 2404
2552 3380
1092 2375
1203 3437
1415 2567
3166 3416
1356 2223
1587 2327
1298 1604
703 3432
1416 2995
1228 3184
889 3432
1439 2360
1527 2595
1632 2543
1664 3195
1189 1453
62 3163
48 2634
872 2847
1387 2007
2741 3322
310 1723
120 3508
11 3509
1986 2476
304 2284
23 3238
2690 3093
1651 2974
955 3336
162 3509
459 2214
1075 3574
2061 3518
376 2885
987 1968
1942 2808
550 770
290 3216
1120 1202
561 3289
1596 1766
786 2082
1901 3286
265 2621
12 3491
3162 3399
126 3523
620 3125
1744 1924
40 3231
248 2825
190 3279
695 2084
32 1383
615 3509
124 3411
1112 1495
2579 2771
107 128
1390 2138
1351 3158
715 3233
134 3144
513 3413
667 1145
806 1763
769 3185
1853 1892
383 572
2483 3432
20 2471
1629 3225
1354 1518
186 3218
550 3128
1588 3115
569 2555
2365 2730
9 3590
802 3390
1485 3197
652 2726
38 2863
650 3155
579 1685
28 204
62 1899
1014 2252
763 2251
827 2730
1625 3082
3006 3583
139 348
444 984
906 2634
1971 3334
334 3486
784 1640
482 3004
931 2695
74 3585
1734 2051
42 3576
1512 2747
376 3557
878 1681
702 3544
656 3060
850 3276
771 3558
1396 2589
486 1774
1315 1853
431 3089
5 3434
236 1758
200 2462
1784 2584
11 1746
304 3131
2069 3192
240 3134
822 2711
225 2945
253 3463
70 1645
1273 2220
769 2964
100 3439
518 546
741 3457
210 2045
552 2588
502 3392
903 2749
274 3448
437 2429
471 2963
216 877
190 3318
115 3583
174 1728
699 3327
1879 3280
7 3418
9 3569
928 2634
386 804
55 3061
1403 3570
1206 2723
1327 2780
84 3528
1 3547
1706 3408
328 3311
1939 1970
1374 1492
630 2013
5 3048
2941 3510
657 3569
410 3036
1551 3535
277 2011
53 2367
422 3249
484 1048
2867 3104
1174 1365
1112 1818
273 3182
11 3044
807 2472
116 3367
403 1794
2973 3001
76 3104
1911 3581
37 3563
932 2090
225 2724
34 1526
237 1167
570 3314
2392 2798
321 2575
586 2790
254 2959
26 912
2059 2863
1760 2853
1535 2354
917 1371
1951 2204
268 3445
2280 3510
2745 3009
154 3397
906 1687
325 1694
743 2524
866 1185
519 2364
112 2818
1053 2089
2331 2654
480 2750
183 2669
1718 2722
180 2679
2681 3548
238 1448
32 3036
958 2998
1334 1641
1057 3515
972 1272
2442 3045
139 2670
1059 3416
2730 3135
48 3354
467 1258
522 875
1137 2973
871 1784
1265 3263
1072 3339
9 3523
1258 2046
213 3580
519 3414
1903 3239
331 2510
374 3556
507 3193
835 3056
664 2549
1546 2029
437 3516
1903 1938
178 1781
393 3401
570 2605
506 1740
258 2853
223 2884
871 3155
1905 3116
3300 3431
1855 3080
1845 3034
2682 2856
328 3563
168 2118
100 1808
373 3206
1474 2865
2862 3485
906 3387
83 3342
791 2219
2549 2817
934 3366
1154 2299
522 1274
602 1347
957 3499
683 2017
1422 1885
1163 2272
913 2446
40 3415
1947 3090
197 1924
134 3499
1739 3417
24 3425
582 2871
108 793
1946 3140
34 3473
1694 3124
2946 3558
1655 2871
906 3243
793 2582
97 3584
278 514
226 3557
148 2263
738 3398
59 2078
3010 3198
2254 2384
933 1608
1113 2723
1934 3543
768 2514
1703 2933
1818 1844
369 1682
196 2868
670 2207
164 2758
3005 3499
2134 3283
15 3589
277 2828
398 2532
794 3574
108 2922
408 1193
1145 3097
210 924
1360 1867
615 805
25 808
131 3193
3578 3579
5 3575
142 1637
787 2692
2278 3330
1089 1668
999 1525
11 3568
561 2450
419 3222
552 2915
540 2273
1895 3480
230 2623
235 1098
248 2927
1095 1149
1973 2776
1000 2281
412 3169
221 624
83 3385
214 3544
2623 2990
668 3482
246 3397
1484 3236
738 3332
170 2856
44 3258
172 3551
1731 3510
45 2425
769 2241
481 3103
419 1358
155 2502
163 3527
37 3245
1108 2528
713 1059
67 3033
204 2726
123 2361
1688 2811
2012 2121
1299 1539
2248 3510
1102 3281
432 3446
98 1156
18 3577
792 2839
3365 3562
13 3103
749 2823
1086 3437
1281 3270
1884 2203
1 533
1508 2488
153 2314
364 3472
584 2355
735 2107
73 3374
2608 2743
708 2937
209 3413
2140 3043
77 3472
2664 3222
692 700
1248 3423
81 2397
1022 2843
87 2099
844 1998
89 2224
1168 2139
571 3222
538 1495
336 1775
1389 3393
2 3589
1335 2052
360 1402
1865 2916
2186 2186
110 3183
625 3067
528 3578
1361 2647
615 3235
665 750
1102 2592
1462 2856
1212 2020
488 1997
2174 2616
1053 3291
289 2471
856 2653
2078 2506
2665 3315
966 3313
1040 2916
645 3587
77 3579
1269 2156
235 853
3161 3386
438 3095
36 360
757 3059
542 3107
142 2387
2160 2690
734 1686
364 3589
880 3548
1482 2771
1578 2913
329 2779
1457 3500
835 1908
542 3576
67 908
876 3202
56 2980
614 2099
219 3133
159 2255
1549 3423
330 3151
377 3502
44 3120
2686 2780
69 3043
2718 3337
627 1127
914 3246
246 2037
253 2666
17 3540
217 1691
1765 3334
503 3453
96 1401
969 3343
977 1589
872 2448
978 3484
664 3585
546 1984
271 531
570 2091
885 3202
270 2157
1937 3027
2227 2358
53 3530
941 2339
366 2417
642 3382
2705 2772
1117 2290
1093 3089
3102 3305
477 3040
548 3097
297 3480
208 3266
375 3561
96 3492
2879 3107
586 3537
1842 2112
1042 2789
928 3158
1171 3130
2684 3541
378 3562
304 3497
438 2703
737 2834
2125 3270
708 3116
1132 2554
678 3230
897 3293
316 3311
241 2816
206 3293
1118 3311
1386 2454
1097 1862
262 3569
472 3540
917 3485
1231 3363
800 2495
158 3262
808 2470
3524 3568
132 1963
1177 2892
79 3477
2053 2861
848 1985
728 2021
268 1353
303 2731
153 2444
222 2768
2598 3042
1450 3294
1687 3393
204 2261
795 1386
2561 3075
567 1006
574 3342
1047 1120
3 3467
652 1489
1898 3074
886 2489
493 2096
1010 1708
969 3579
2 3048
1434 1717
2 3500
365 1281
1817 2199
143 364
852 3097
740 2180
413 936
2520 3506
58 3442
678 3213
10 2648
230 3194
978 2563
1673 2877
1662 3540
291 2749
2449 3365
417 2133
10 3346
57 3514
50 3243
416 2495
102 3557
2946 2975
82 3434
225 1107
595 3127
1096 2343
514 2350
371 832
15 3586
1137 3466
402 3573
923 2968
62 3415
660 2143
107 3592
1104 1871
903 2974
116 2064
1689 1778
219 2832
115 1667
265 3379
1617 2387
894 1164
465 2209
432 3396
270 1316
1823 2725
1886 3581
618 3472
367 858
2844 2892
78 3129
116 3454
154 2506
437 3149
62 3555
1468 2176
3 3592
307 990
296 2944
495 1209
730 841
279 1802
2026 3588
177 3525
304 3574
1615 3376
548 1945
1549 1864
19 3406
1683 3436
395 2948
1699 3325
939 2275
474 2065
28 2157
262 2105
2 3592
229 3334
3205 3284
52 3373
1561 2967
1076 2786
1362 2756
677 3278
182 2360
866 1945
281 448
157 3559
72 343
366 3377
727 968
141 3506
1309 2869
2169 3157
2234 3576
699 826
624 3474
116 3516
16 3068
2042 3159
1329 1496
1522 3407
137 893
183 3591
159 1773
1205 3215
1951 2186
1134 1335
520 1860
12 3140
2870 3466
65 2264
21 42
720 1512
95 1706
392 2495
206 3395
685 3538
84 1778
416 1756
1439 2858
861 3156
2914 3069
1394 2055
283 2521
326 2303
247 673
1057 3204
1363 2216
2440 3195
1379 3172
213 1666
3224 3225
338 2387
51 2733
561 3311
40 3544
53 2261
947 1195
248 3340
295 2390
990 2605
177 2854
690 1549
256 1973
2303 2759
15 2662
966 3205
637 3407
556 1400
2555 3530
2818 3231
906 2282
811 1819
556 2222
802 2218
16 3591
883 2652
93 1710
292 3281
2968 2999
547 2429
817 3516
50 3299
94 2845
1639 3509
3137 3390
180 3240
76 2854
497 1986
1636 3512
2317 3533
36 2797
105 3577
696 2075
981 2725
57 344
270 1829
79 3106
214 2296
242 3301
1139 3118
1858 2115
2195 3151
414 1795
705 3240
457 3538
2296 2393
1381 3576
737 1454
1272 3144
10 2714
514 1741
349 3323
1419 3131
1225 1875
31 3494
152 636
834 2244
60 3584
1575 3417
690 2588
859 2718
857 2776
2229 2611
108 3544
152 3253
332 1187
70 1988
55 2980
139 3094
545 1529
374 3173
710 797
12 3395
283 3324
99 3563
774 3471
884 1292
693 961
1552 3059
550 3481
170 3492
868 2018
1527 2344
1018 1619
588 3074
212 2275
2138 2592
304 1954
382 1301
341 3438
2079 3378
1498 3472
391 1486
476 3249
168 2129
583 1477
1689 2324
1160 1312
1317 3212
395 3032
27 2596
637 1672
785 2294
230 3481
359 3432
1694 2345
359 3318
304 3396
311 3324
11 3571
1245 3049
2852 2900
764 3130
1029 3335
1 3251
2046 3063
5 3557
3364 3574
1574 3502
27 298
2385 3534
622 2577
126 3040
598 2443
1050 3276
1419 3568
630 3172
933 2012
711 1787
43 1475
913 1490
1301 2880
644 2969
1037 2714
148 3543
696 922
20 3425
543 1232
1162 1611
634 3174
1765 3157
2495 3200
161 3477
215 3490
64 3503
2580 2668
31 2389
2042 2347
2451 3476
135 990
135 3495
662 1458
1779 3165
1114 3483
2486 3221
754 3252
1756 1792
1271 2472
490 3144
1089 2097
124 3393
1181 2356
638 3399
90 627
2861 3207
77 3450
1098 3098
93 3098
1304 3012
874 2197
805 3323
134 2645
95 3079
1699 1779
915 3215
179 1924
165 1818
2420 3360
193 3545
1689 2955
705 3375
762 2705
256 784
1499 2797
3042 3136
1252 2652
1617 2781
392 2212
800 1131
66 491
348 3476
581 3556
934 3144
867 3542
244 1424
1437 2554
98 3241
225 1629
2602 2740
482 2257
93 905
591 3325
2478 2946
781 1558
135 380
1422 3278
1788 1875
1300 2486
677 3062
1410 2667
709 777
25 2669
1405 1477
2721 2928
75 3464
2969 3231
386 3050
2631 3572
954 3289
682 2182
1496 1933
2108 2738
531 3247
1532 2502
95 3235
950 2264
1523 3121
604 1224
1611 3439
202 2654
264 2378
1578 3526
1976 2598
2145 2303
650 3462
562 2382
185 1321
210 2778
497 2455
1026 1322
237 3402
618 3297
43 3510
1654 3193
2774 3422
1156 3551
110 3563
851 2451
1108 2868
175 3526
217 3581
952 2217
1663 2786
47 314
1943 2358
197 3470
345 2257
250 3497
1031 3287
126 3389
1271 3582
1509 2395
2824 3178
1147 1364
485 2275
1596 2998
2393 3421
633 3369
181 3377
2814 3211
2002 2696
37 3238
2324 3240
1562 2531
861 1794
836 2563
271 1858
185 212
250 3539
622 845
444 1631
1473 2703
1457 3092
1995 3170
2433 2540
155 3428
918 1896
549 3461
1149 2091
205 3402
1043 2959
20 3556
144 3387
18 3591
453 2996
419 3354
135 3489
464 2104
269 881
232 425
121 2988
983 3128
51 2604
487 3543
1408 3117
337 3219
334 2337
467 1436
195 1977
2657 3552
588 2437
874 2715
889 3284
90 3584
718 2488
900 2516
6 3320
603 1894
440 1221
147 3465
383 3003
292 3568
2559 2803
149 3178
1111 2865
365 2238
2993 3291
184 3456
1218 2280
381 3588
740 3502
802 1795
783 3498
1467 3034
950 2356
353 2583
1758 2817
1596 3190
1218 3518
1120 3240
909 3149
289 2892
3336 3519
1600 3206
961 1563
183 2799
1933 3585
1078 2558
1013 3353
912 3548
1932 3098
46 2081
2938 3079
184 530
2134 2615
2339 2561
345 3267
1667 3324
241 3420
343 1236
325 3105
662 3004
128 2056
537 1576
289 3486
1836 2633
222 2494
1452 2163
412 3196
3061 3529
403 3368
833 2509
442 3307
1350 3187
275 329
404 758
2193 2650
752 2552
104 3471
265 1469
2451 2748
192 2199
2731 2767
985 3035
1332 2512
2311 2510
146 3552
1063 2982
138 1557
238 1083
233 1779
1365 3265
631 2077
104 3415
2175 3533
1256 2812
126 3477
20 3346
1092 1949
2829 3555
22 2470
412 3545
3244 3527
22 2254
2079 2145
235 3298
213 2517
563 3449
111 2853
849 3393
245 421
365 2553
272 3216
673 3110
1792 2252
694 1699
34 984
2337 3590
37 3133
421 2344
508 1456
35 1044
97 2864
134 1104
491 2617
1287 2105
2655 2703
367 2129
270 2755
1435 2518
2481 2618
182 1893
1654 2478
236 2930
1773 3156
132 2344
9 3591
303 3229
18 3335
2769 3392
3186 3400
340 712
138 3575
149 2740
480 2893
459 3325
1023 1139
2325 2596
2372 3111
199 3529
195 2242
500 2956
1490 3537
471 3123
2504 3068
575 3167
915 3472
865 2739
1425 3016
66 2638
607 2808
116 3566
652 3536
2487 2515
861 2889
787 1837
1087 3122
6 3578
1062 1127
2163 2527
1773 3052
547 2124
1371 2943
568 2025
860 2325
1029 1453
666 3559
21 3579
813 1739
513 3362
1912 3106
1282 1376
671 2463
1970 2906
1616 3057
456 485
673 984
477 3516
1858 2842
967 1336
1047 2205
197 3465
73 3279
74 3587
2442 3121
2298 3514
631 3463
42 3172
54 2487
204 458
763 1620
211 2997
1146 2885
1194 2116
3280 3566
451 3155
300 3477
2925 3306
47 1931
2233 3490
174 839
142 3499
188 2415
901 2187
1274 3201
105 1548
988 2844
486 1759
151 3585
458 3194
50 3289
1930 2686
235 3557
1772 2572
92 321
221 3532
1291 2175
1596 1877
916 2614
564 3101
522 3381
171 1731
1669 2318
63 3187
195 2861
2581 2973
772 3094
1898 2603
1477 2320
358 3384
1630 3495
18 3308
82 458
112 1509
256 1430
126 3453
1104 1292
86 3553
1352 2139
492 3236
855 3256
534 1331
688 3304
602 3395
820 2495
161 3522
653 3485
309 3529
521 2764
1942 2665
241 2886
782 3300
53 3374
863 1807
917 2779
1371 2666
601 2810
10 3495
1295 3567
819 3263
15 3316
414 1409
2389 2657
544 2547
537 2645
320 3108
1736 2899
940 2325
366 1778
111 2754
570 2218
491 3470
299 3535
906 3410
1175 2746
124 3327
114 3333
860 3147
67 1946
286 2200
56 3481
1301 2978
2989 3045
726 2487
819 3422
1400 2814
362 2123
1542 2462
76 3419
2034 3347
2202 3410
967 1753
122 3312
1535 2249
3207 3588
1369 2037
116 3047
738 3110
404 3101
259 1206
68 1744
234 1445
831 3225
990 2845
404 2050
1535 2004
1533 2313
28 3485
577 878
556 1675
223 2347
751 1034
394 2299
170 1837
1697 2720
393 2000
898 1629
1241 3015
559 3564
246 2787
2007 3112
917 1855
2449 2808
26 3506
120 3544
1573 2803
1003 2941
903 2386
1367 3532
156 2249
72 3204
264 2790
346 3227
2485 2891
29 1115
72 3558
865 3052
2519 2600
1517 3554
870 3322
349 2407
782 3057
1989 3183
2333 3287
886 2836
1791 1986
1423 3393
1078 3193
2602 3592
2104 2271
1493 2365
1 3591
254 2181
360 3058
618 3000
1581 1906
1109 3442
1 3592
240 2036
512 2521
383 1627
348 2798
2341 3581
389 1242
1728 2621
444 3421
2634 3198
26 3488
20 810
398 2854
81 193
1562 3337
91 1052
2149 3288
1729 2323
1799 3082
831 1976
1571 2778
605 3227
1070 3191
184 3583
939 1064
1138 2951
32 3378
625 2791
1883 3590
53 3488
1977 2116
1792 2081
779 2911
170 1896
8 2799
388 2086
2294 3557
1345 1522
1167 2803
279 2995
1079 2816
602 1787
385 2765
2402 2632
2594 2760
50 965
405 3531
1519 3524
11 3544
85 3251
73 3063
351 3500
2137 2628
1039 2110
365 1624
917 1742
30 3587
1809 3097
14 3428
471 2107
1466 2628
2005 3559
625 3584
1869 1942
639 1059
442 3473
3083 3307
146 2207
228 2366
813 3534
356 3054
117 3261
513 954
223 3275
1205 2034
1366 3343
2480 2492
659 3583
91 3561
339 3112
278 1924
53 3390
1127 3239
246 3354
976 3079
38 2478
1168 1983
588 2235
380 876
1476 2872
152 2355
26 3506
2437 3002
505 3449
420 2849
870 1450
1513 3415
146 2094
621 1376
415 3251
2506 2882
86 2053
841 3291
312 2865
40 3553
244 2703
1235 3034
259 2972
26 2805
587 3200
507 2017
847 1774
1754 3514
98 3561
1208 3118
356 3518
2556 3381
148 2019
348 591
2293 3049
6 1846
1668 2576
781 2166
825 1556
6 3528
511 2633
156 2451
250 3356
1470 2120
475 2808
396 2137
1459 1919
96 3407
213 1934
146 3555
1809 2837
945 3552
610 1116
2486 2780
529 3521
2023 3352
803 3219
504 2401
1407 2264
2675 3568
835 1955
79 1185
1542 2694
431 2754
5 3569
1457 2165
893 3113
258 1838
547 1347
783 970
1046 3137
321 2654
723 2973
5 3588
2061 3152
344 3216
918 2704
1035 2959
1103 1335
182 2784
412 1169
632 958
874 3167
234 2293
240 3016
628 1757
1169 1251
1503 2420
1269 2509
364 1836
1878 1986
558 3132
177 3340
66 3419
17 2324
2489 3343
1135 1413
95 3294
2253 3244
1277 2595
1771 2877
1423 3244
55 3445
387 3395
327 963
76 3533
237 3540
830 1081
1361 2681
1115 1709
596 2645
243 3338
94 3264
1024 2409
710 2911
1841 2992
2871 3275
814 1771
765 2456
2728 3106
1768 2855
408 597
1131 3380
238 2381
1682 2235
823 2480
2639 3188
2809 2904
116 3073
705 3335
329 1907
2862 3478
1672 2503
384 1054
56 3553
1 3291
577 2958
1057 1656
38 3484
239 2573
202 1852
286 2098
1477 1971
336 2203
1499 3250
731 2283
2053 3391
1115 3554
2209 2488
1 3285
516 1492
2293 3581
2920 3146
80 3559
1083 2232
722 3175
2605 3105
29 3578
1233 1555
389 3342
19 3539
932 1547
1128 2299
160 3396
1327 2219
643 2939
667 3337
559 2772
31 3464
248 3145
206 3219
73 2617
136 3062
509 2961
340 3231
514 2879
581 1091
1773 2044
464 3464
725 1357
1857 3475
268 3471
146 3150
127 2908
268 2561
1956 3499
531 1919
615 2912
97 916
1634 3080
693 2018
340 3105
888 2395
2161 3589
420 2190
625 3490
342 3248
296 3375
138 3511
178 2544
1950 3184
1432 2857
2305 3123
9 3384
2815 2936
1981 3372
921 3350
435 2466
302 3391
289 2362
285 958
708 3213
418 3524
838 861
1876 3332
3443 3590
2646 2718
1022 3417
510 2991
1738 3242
1461 1821
43 3030
1123 2624
28 3478
262 1654
80 3569
174 2987
2175 3062
262 1780
1314 2305
168 2516
76 3518
1530 2033
473 2995
1370 1958
16 752
1460 2952
115 3024
9 3561
3379 3479
885 2034
3235 3457
381 3516
1848 1932
301 577
1637 3026
329 1602
1421 2573
1962 2466
942 3223
267 2975
176 3522
107 2329
118 2639
2907 3553
2228 2795
121 2914
146 3497
130 1497
3 3551
2444 2612
225 1954
5 3241
1276 3231
547 3337
148 1592
2479 3193
134 3557
168 3505
834 2695
9 3502
274 3390
285 3534
832 3324
637 3382
671 2378
101 2141
379 3528
21 3542
424 3590
282 286
291 3171
786 3386
2147 2806
331 3503
4 3444
2017 3036
378 1953
2188 3523
1540 3050
1016 3016
2769 3435
849 3156
1279 2864
2157 2578
1393 1804
472 1613
136 2697
140 3490
345 3526
1584 3513
606 3216
177 3103
1341 2416
1787 2979
486 3231
90 2706
944 3464
681 2758
1583 3211
539 1972
114 3374
286 936
288 1868
3235 3413
907 976
216 478
987 3462
983 3097
539 2536
1616 2250
696 1374
785 3504
1512 2978
1132 2468
2192 3214
488 3580
68 3154
894 3052
511 735
449 3469
852 2171
699 2439
1974 3143
319 1983
129 3167
1396 2957
826 2669
646 1992
584 3483
634 2583
806 3102
1574 1894
2712 3548
591 3543
94 3245
1370 3089
867 3514
623 2378
836 2909
1558 2672
375 3589
2775 3064
1540 3289
2429 2469
17 2086
2177 3049
268 3109
417 1893
2291 2555
191 3328
335 2899
393 3312
134 2454
41 3393
435 2685
239 522
44 1025
1023 3558
403 3532
1430 3109
170 3291
56 2833
901 3051
412 3505
1839 3465
538 989
2323 3516
1233 2182
402 3424
549 1667
119 1533
1275 1549
219 3053
50 3529
104 2768
2243 2764
247 3552
137 3556
1342 2119
2236 2645
412 2049
804 1941
1663 1949
416 2745
2008 3573
208 3028
490 802
627 2711
1750 2018
130 2861
750 2143
323 2095
935 2510
516 2281
152 3122
1180 3275
1045 2069
821 3456
1206 1951
81 776
1697 3587
855 3486
494 2276
362 3130
41 2674
80 2580
586 2761
462 2170
41 2982
1254 3322
75 1210
1585 2945
2609 3467
217 3335
99 2930
193 3357
1346 2725
7 1755
2287 3408
449 3097
177 3435
498 3059
265 3095
1120 1820
620 2845
24 3422
301 3260
1360 3490
786 1888
2487 3054
488 2683
196 3232
231 400
1391 2523
661 1508
374 2444
2038 3334
1460 1667
2121 3469
84 2339
36 1558
1804 2515
700 1958
258 3386
754 3508
664 3006
606 1531
604 2013
612 2015
60 3129
284 1852
1058 3472
183 3416
16 3429
33 3452
336 3144
456 2486
1657 2246
34 1038
307 1393
1488 3300
2390 3212
431 2734
2471 2578
2227 3052
925 3154
1705 3033
427 3218
515 971
708 2457
1192 1958
1140 1855
149 3209
300 3533
119 3490
342 2442
669 3414
2114 2862
949 1066
74 3369
695 3454
1323 2930
431 894
951 1138
6 3585
992 3302
773 3395
496 3546
207 3445
50 1167
30 3362
999 2088
589 1992
221 3508
31 3573
780 3567
823 2063
1552 2734
1249 2111
966 1238
146 2793
722 2233
37 3531
1687 1796
93 3255
535 3213
438 3136
34 3298
1213 1319
766 3095
2500 2708
632 3377
243 3363
2 3588
60 3481
3113 3190
2130 2760
388 1537
1467 2854
1782 2822
480 2919
420 1234
256 2880
697 839
187 2407
358 3031
406 1860
1830 3028
15 2496
1140 2760
662 1945
856 3190
670 987
1807 2169
91 3583
1681 3529
454 1911
1104 1501
2153 3348
1492 2764
2071 2855
62 3299
127 2674
1465 2095
153 3237
624 3151
360 3397
208 2969
1049 2446
1637 2373
132 3564
587 2699
1451 2993
273 1581
114 3053
2572 2603
453 2481
2047 2079
211 1988
605 2656
669 3558
2057 2534
311 2165
307 2879
836 3321
362 2139
2306 3382
217 594
1285 2780
650 2000
1798 3487
2271 3182
2513 2867
639 3095
233 812
258 3531
793 2581
956 3534
516 3219
1203 2984
2716 2884
62 3461
18 3483
140 157
422 3017
156 2129
186 1223
809 1776
118 3147
1188 2291
1673 2725
276 3125
332 708
1538 1646
32 2206
4 3589
208 3435
904 3433
1329 3572
52 2071
651 3574
479 3486
67 3410
1262 2882
425 1947
2395 2689
1291 2876
122 3299
315 3125
1985 2052
1028 3592
7 3522
1543 2224
1025 1266
1425 3576
550 2009
798 1311
1057 2006
2086 2893
858 3468
1400 3046
404 2259
937 2706
222 3274
364 2904
357 3189
30 3587
311 1524
1757 3548
47 3588
25 3372
401 1972
1057 1296
41 1943
1228 1940
1392 3022
1750 3433
2947 3482
1319 2236
1290 3303
1385 2577
320 3356
293 852
82 3570
1289 3235
1417 1479
833 2611
411 2209
845 3116
1215 1850
638 3183
688 2827
159 3374
499 1891
334 3442
971 2793
134 2091
359 3485
434 1492
69 3424
94 3575
2286 3578
486 2917
206 995
529 1320
2476 2926
1154 2928
579 3009
1302 3302
1559 1813
1815 1973
52 3128
330 1085
962 3553
205 3524
1111 3170
688 3523
635 1772
379 3395
378 3477
790 2706
22 3588
1359 2651
725 856
193 2927
1556 3557
3162 3466
12 3156
1678 2557
176 2947
21 951
156 3469
2078 2133
10 143
1095 2492
1352 2370
2575 2951
531 1427
376 1882
352 1882
730 2383
1047 2975
684 3129
1767 3557
210 2049
1687 1965
170 1369
1864 3473
14 125
1488 2092
51 3330
1909 2865
1283 3131
185 631
88 3019
567 2916
694 716
236 3245
323 3490
2057 3210
111 2975
1412 1558
1131 3247
757 3480
2723 2778
1022 3387
1800 1860
2520 3217
390 3324
525 2866
1564 3386
1143 2828
8 3241
1962 3080
310 2587
86 1833
43 1619
431 2907
1258 1460
2742 3478
10 3169
1384 2573
52 3539
2056 3417
1011 3495
644 676
1656 2881
331 3516
987 2552
26 2986
130 1615
571 3270
12 3592
323 1150
1807 3123
1345 2072
726 3591
348 668
353 3476
48 1487
104 2467
187 709
665 1981
594 712
838 3394
1268 2476
1490 1686
183 2996
99 1360
339 1944
194 3529
2490 3468
165 585
565 2868
499 3264
366 2389
180 3104
218 291
2083 3348
150 1879
1335 1689
452 2730
2059 3518
1017 2356
1944 2722
614 2864
402 3543
10 3575
120 2799
20 2222
326 2585
2931 3529
2304 3495
1234 2400
5 2890
1310 3119
1897 2515
34 3496
533 3266
484 3430
778 2337
134 3584
216 2628
753 3525
23 3450
653 976
752 2059
571 766
681 3305
49 3577
793 890
1037 3413
877 3497
2237 3405
1476 2753
2008 3120
58 2915
933 1389
1299 3277
526 3276
242 1599
1658 1984
1223 2356
348 3286
1074 2159
1454 2513
1342 2618
886 3442
1149 2960
451 591
376 2182
230 2685
784 3315
1644 3089
561 2236
2699 3268
1658 2511
986 3411
623 2917
547 2514
2043 3370
529 3468
54 1655
15 2933
