2567 44
637892738 -408229769 -704711684 335209961 250643458 457148869 335280814 989770092 -941399517 754471095 -308806649 -326455655 558696607 50803015 -328121281 -369220552 -672240183 -664141904 692684596 -223017217 64061473 -302337184 643957317 799769509 -649899142 91115418 -834513569 -253831045 286987519 -264396915 682372129 -494819465 -767733233 -475384660 -836896345 -52394855 -694598970 -446286869 914394001 -142170103 -802271036 839209655 356137673 978680395 165926133 604132573 43940327 -753552958 107879992 -354081776 350178765 -709537736 -645240013 -27583639 227727052 -29420373 565378020 -624122627 -77747040 7073211 201142042 891423204 -426323478 -54399704 16119301 568165625 -590499246 508313962 -144245035 172378825 -803067712 686449120 -349276465 970892865 -841217035 -708211536 534845890 -59918052 -985494928 804229555 28209152 195511284 845586740 -392199269 305695425 -337311567 -319657411 -206048668 197202509 70535760 -479666528 869403279 -654605375 -441310757 -528467524 -658595153 975811796 657021115 528411852 341004512 273839542 -605330739 -468516293 901124926 798427089 531310927 -899561170 110237423 -783642701 -605855227 611330678 -802660072 -463611176 767296108 -94759210 -408029826 650062236 -7039153 -516696985 -184144063 -315585742 -194063320 -149395717 -974841865 -74147027 -267096890 -533279180 112493052 -201339433 489450318 -691866320 -806203463 348862653 161257647 304921855 693837050 -192727097 951679892 -164196483 531603003 998027820 691423423 -5991852 -444600492 502595376 119250672 150493396 -192473984 -858093038 -316384231 -389357311 -537173918 -503612007 -574203678 -942382739 -361720153 -516766735 223034057 773982742 -335046770 291333614 610335086 262074620 -197116891 -77802636 731571877 -695491095 -215443951 -90227015 573367906 -912440352 -94285698 716600140 -446242998 -551386588 582543900 401661340 340678386 466574215 692342179 407381784 926780698 785034032 969004124 27418714 147862063 176565296 554709569 -470516879 232497156 -169790215 111209300 -696715651 694441414 713036788 -500153717 -177606403 946484080 926787475 774663391 155183172 -615297710 -697217683 555539381 -228955786 -121798044 229689188 -382110775 915946040 901774167 993988731 627988661 -75676348 -240514491 -558557338 79647301 642941281 950608 594140095 481196321 632717099 -356439650 -362708878 -403743268 -621866057 -227044909 -612214579 -394187805 267023909 113773599 590822216 571387246 -875148040 -142202172 -975895118 -62608015 137515234 -950460818 -672085550 -394316990 -151011400 4348327 259755050 -99482364 644867018 769887819 -888836843 156743566 582835416 733798801 -933577846 579137851 -198970052 22385472 -708307037 509082907 -323846398 -570229574 -924357727 275263158 -588851121 278513506 -288209164 25234523 -35254603 -425090739 -308227142 672398870 986127101 -395936750 922453406 -60958767 -31511716 -434735390 723940530 -489493987 272725847 -70960537 704515996 128070950 -115499023 606732782 105135601 -40353039 -989142320 709542347 193208623 343886290 757668244 556657908 497521023 -656556681 -612305003 423214781 -219131283 -437053504 951449647 -503182495 280420569 -939399824 122226949 792909285 -845500330 616034729 -899630164 987466382 737349213 -538629659 150388141 251758093 -338769663 651675859 -309712236 -989671297 690994092 -819770657 707741628 -868206469 919772302 861160218 -697191795 -270499546 180590339 -964259721 469912555 -177851549 304942701 496980040 -779876284 -4374639 706798 -23483980 -900445500 -44082375 502614615 784836 -406675152 422598518 119834433 -496617000 -355090964 -642271916 -397471700 968101373 441874122 302274738 212254561 -657626175 -100419765 970851407 797401936 937282206 500667755 -503746872 -218108983 798742139 -767588498 -601509957 -85951103 892921214 -875704034 79946188 747064582 334401725 -805282429 -927217155 732465595 -793565532 276327456 529055972 550363376 837539093 664146312 77785175 -599180914 430328139 583432907 406824526 -928437754 -742037610 -46120526 -225085635 598625672 242116634 -881392151 272667170 347357863 997096332 -598299673 -639212893 971766850 966587694 12591447 836152891 949509121 202876841 576329843 -203285779 227917534 -959084289 199908744 -874104508 -61560867 954875202 757702798 357042396 425290187 719948176 -72156984 -139687735 2323603 -411701662 603903050 -85970204 -585223648 -287618442 876096717 -338816839 -112593604 -915761224 577278500 544004206 -820781376 -893308173 -230930913 844089399 -72752774 240399563 161959833 620547210 809692466 299973167 733754916 -725791883 -177343000 -30958343 899512473 358631097 688131387 -705444969 -108565860 -623277181 -696180193 -754832471 -853514035 895153723 -508486457 -924457433 -514876089 26849385 634975170 -901833540 -347747442 691101253 118061718 650187490 861060633 -37836995 -6679479 -781558850 599762932 165300992 -967175580 673218358 -44906465 196761658 63482389 109946894 179871780 560393888 -993953795 995463165 -455837460 562466689 717477063 72358109 861981579 683836222 -539554221 -226681861 893083943 864034587 565869658 153957249 -822120479 852871872 -694462563 -484134987 -461610697 -72986372 641155053 731767291 -581091533 207747742 224186964 445696288 -17640600 -817311864 478846795 -317758405 909467876 870103870 518701158 -667573937 -725731540 739243581 -708613673 152277048 -542532700 913815748 294843032 922020892 -423213464 -542035641 -482223341 825148546 -672217971 -809962951 658866117 566776682 387222614 -130609758 28161490 438657841 -924534820 -288763805 654203294 -87922286 97816791 647759231 -237719829 -343430431 900714582 -547546803 -905515362 949447483 -569369404 366618913 -755010869 278211616 816632053 -500982989 766121329 651989501 493400457 -651980276 834322609 -47819948 312504607 313040691 -41995929 825067989 -840301438 905348676 30783107 -291477346 -513215994 730352274 -306504613 -119592563 876856678 -333431198 -862600387 -920136136 956487090 -942466386 -126094934 896860813 426720012 453630178 -957790229 656057875 483025995 -281285656 699066858 450213359 493846276 471787725 879219205 505082947 631671246 809046812 -603168190 -251815010 541817124 -533056854 789048335 917619878 -305855455 161714756 214206033 -118290599 696197361 -703172213 962955134 549360475 831134328 419004519 50948361 -52491803 355252540 -948072206 -510106559 861521123 228836166 -921455863 -659882209 -627669533 -813784444 -232277420 -501622921 405170612 -179090117 786161304 -577158169 -770289816 621137663 760619985 -47975160 -58974519 -361002790 -405377682 -906126541 90951 -376326114 -87748249 421076233 451008741 -281196695 543163083 213247378 -470807696 -702040397 82800715 -920721810 163019262 -910566879 654865894 -805298293 516184032 -309013163 597966687 803580351 780959404 138675345 713807639 -449311448 405303972 -709508183 315175555 -292269203 236492874 -510447828 -828157082 301442680 -782427884 83244601 881333124 594467764 -997770473 279035787 447984237 603804484 519397763 975532460 -320739526 -265540800 72197512 490620909 -939956152 839876010 208738244 -125241671 531559953 682740110 919554040 -544967716 127892994 704002917 808221653 413841955 -281136560 -478090362 -523956143 507735827 -576906013 743402381 934698082 638618003 13377529 425912362 858806119 299126662 -932053117 -172537647 -440331652 478663965 -563438708 491220784 427166021 -95437611 255289816 -520510944 -796386270 163632180 242584415 -85824837 713711736 -995543873 761184042 769875394 332951078 -241228518 140666926 215420812 -684821247 570210741 -842840317 694445234 -849574774 424495985 -779542066 -518750623 -871565968 326807376 795311102 -78913312 -814226980 27160078 447812030 -197960592 -168005578 624365723 99334086 -697338548 733855796 367241392 -157407516 -43957881 781658839 757556611 28516710 562492099 828940215 -458655688 461866118 -87955470 -617337139 427690094 -224143809 908917642 -400526224 124253560 -443264857 141542505 849000189 510511566 421203055 -145820923 149186721 -456635491 686825772 -946382887 658430534 -74852274 -32779698 -346789720 -647090480 -109121693 801765473 -740382933 -775454486 450423626 473102820 202598954 -17859317 284437109 281220529 -727205527 -296576369 29408177 798484651 -411733209 567124381 -210271363 -876736617 -370820332 -846261551 596211929 -79548970 -429278360 -466432401 477788998 929361740 191609951 -590595135 894725816 -919232872 -594687009 166923650 -74917424 924028174 -455100529 -379325712 -304863495 490465224 803650713 -308468405 -822329912 -647832466 -787421502 -883594874 -680778206 -510644299 147240266 -542633549 -491196292 704646783 592367825 375721624 -785351800 -481045040 648675527 466917137 -115751043 -858964401 -83473670 -157954628 770863625 91489550 -345476543 238215785 252174048 -10167592 724866243 479172599 91733906 551716249 55019884 636307447 792958942 -42345044 -497871677 628079902 467554266 708628925 -481649019 72094624 -301464736 16745042 -832169776 -553574301 190542592 361148018 -733063322 687564531 -996709180 958917157 102202746 14213501 -533734854 -854615587 347703842 33187759 500851919 -288501727 -478177167 -93770717 -10308404 -650218060 349395701 -967157629 876287550 -252626685 133001099 -419890190 -334735368 992063739 759039982 -580402185 83299565 -331456140 391306624 155454869 367383310 -381274569 -85075043 81518039 -932297949 362093429 760564346 247918335 293597917 854937020 638383550 49225548 -962797224 171765319 -735253929 -83612820 -612000865 176132564 -836040079 353521014 -186591692 316139648 199835213 115991562 271852251 -65548930 -408458636 -42008474 17244386 -38509344 -389557570 668484525 -635560977 -17858170 -296886471 -548044385 321100895 -533798010 215696422 327698665 -4339721 -954159804 -268817527 160107377 -437530066 -933414334 -591308909 272998844 -51151331 105091614 -341393472 292488306 -912171176 -930648170 -660169979 555891225 788643313 -478047728 -103070799 -982275736 777240326 -160519453 973072591 -122133395 -874229820 -436273350 842608292 782450573 665465192 13582145 31846765 753504427 550310616 -654479585 16316125 -4357900 544067866 830105102 -364507421 256348092 -239454989 -130188928 905103151 -738514603 -578578281 164070118 515789907 -976316565 736516243 -693560985 976985234 -219479145 925839507 -603724606 -390313401 845525158 849188930 78247379 -54337683 986817777 -652699733 193459392 94134723 715576903 800425700 -503375693 919571343 -344972710 -53052439 -998712455 -321725263 -490981781 -469665380 -260816005 -937866187 672706864 665430416 -874410190 -454805334 -192658480 300470614 130854159 936642449 -950360775 877633764 -843689970 -856801926 403417032 919809695 -612819185 -481811415 -854853960 378581418 630955845 634544114 -103528539 -704194695 -428169239 -414957180 -366553008 900098405 846671234 -251641699 337163340 883468168 -675789709 744062613 170996887 398549686 799451406 -637624146 592384453 724640774 473671828 -85719858 51558665 -383208615 -369303720 -882075100 633803530 -181848470 540972599 -100484922 67855557 -222268433 144439895 -198800303 86561335 -887789367 12465847 -829595493 861666822 722414886 426693506 941109952 784486918 -22753220 -926938745 -545329270 -393280503 747412072 -232643805 -855992773 -131258935 -201231669 -904334742 -190056016 -954961888 129355453 691135037 869313681 -101387726 348404745 201940223 -50421922 952795153 -167289762 -765491333 -845028288 -141258161 498963740 -912198918 -684154795 869167424 -664601426 266342894 393211230 -957346076 -310660563 911301123 42225727 847577376 930059232 758251842 -231398738 -589558707 -75075669 -128261002 -58603902 71149157 -690000096 -736422902 -339757416 56582411 -226808071 -823485822 -848107413 114210606 22286547 -4228182 397209447 -16230662 -987424267 -63384134 -471513468 -178807696 156622653 192453319 -827209038 -991441613 598927279 -382747664 573958159 924240094 -41924225 221912253 -791530563 -835591802 667676261 777896240 447165619 486804387 -499757396 -374134010 607560264 410085833 -422902990 285444073 -755711872 10623340 -683576342 668848856 777865821 -311029960 -982075100 -521747566 475444569 699988146 -161591142 -937171708 -63901420 -640877952 658771071 -434358751 -246664044 671594880 525442011 804314565 -905203540 -456237658 307916935 374274811 468758109 -816102167 656090283 -486260428 -806571329 85575552 369950505 4116937 -306492969 378927085 718459417 744231906 -322682909 -960335528 -662175101 806396869 -534958935 -432006480 -720318844 392836438 -4488966 764845911 -804556827 180305648 978938657 123890211 -847845670 -863742811 254898618 -226106969 311402881 338488983 -230960587 20168738 467617740 -275819612 -73450044 -408583036 -809330369 611536978 -446800130 760663416 -499390183 918507416 123875265 359002422 686930701 340604512 -124733956 -599726452 -544427653 381831289 100988572 937998663 -731923908 73616375 -56656879 -991239490 -543414741 -494069143 32351130 196258026 226039236 92355068 -124494198 699904235 -870949166 -509718237 132247004 -37300945 -224485715 -915564423 -27556998 790203269 988160109 654746026 149977106 388216278 399692022 -566718719 -182933470 69747331 580014377 -664053171 344783207 -439261942 316264023 519526278 460834711 -239218259 817029084 -725883199 -620513424 878346996 940311326 478229576 -936308743 446104418 825409712 -983152629 -961915538 -151248785 -640347996 421888152 595548737 826501072 -642589160 701243050 -837892029 -371854917 485723356 -690809993 -662563882 -422770494 -194637812 -620902803 901892794 282236622 186511031 -629137928 -600893118 704149514 -93901569 -767973422 -42138207 -18989885 -569594663 -197721420 -540696129 927427302 981337437 307572046 -15926025 -844398019 864238589 954811220 -467324690 480622586 395781443 -904529938 78970237 26201978 104245120 -94557721 62357776 115506058 509507474 -649737694 -489955906 249009922 42157150 885874075 1307577 779798334 -524029264 543290963 340049740 -280473474 572466705 -807649904 -662959022 -775111598 -970772623 -648973962 5278734 218493576 -674467559 -286002464 -747720637 -675213952 -976012564 -656094719 -549812960 269012139 -931357438 -172705163 -638409151 739092365 229863548 -559550338 -288035875 -627699500 943653006 -667705306 -262067235 252763397 -539935350 -175516719 -905036215 -416555984 -99782545 -430154649 761684589 170627937 -893171797 -727362780 381813093 -537447995 757077814 -347283737 -61416414 -497339234 -386638537 -825440735 -132527361 158407065 -692872662 -566333490 394833352 938719327 276783892 770213874 858073991 698174691 -567687278 99457139 339364264 999462837 604272696 -288413072 -124971097 477299913 -297231379 698585532 199738702 -753510285 534113418 2269377 -820296829 402159644 -235925628 -608993074 941116225 -52520536 -304186143 -350996823 532252227 -455291650 663568673 -589275637 -853154263 -859935592 -197700759 -764503744 -197716832 -70816209 53056245 795973399 647542688 6750044 580932723 -676476917 8157821 216468842 -943474617 206746584 -799836798 966434723 461931675 -189985790 -858181767 942190623 -830781013 -334642864 513143367 -164896169 36678925 541643358 593409749 -944824572 -118412512 802436554 877625166 -281670383 -596721790 -222358924 375457373 961915933 244520253 239491335 204281046 293691285 705808714 -457906563 -250133640 -123982489 764180654 814679726 -463998038 -129418330 -259498726 -162516159 620548835 -736497923 379101606 -354520463 229668113 770489163 -214215165 -134034524 -980726623 835643041 -945398621 907226476 451175765 773124486 -924454916 346426490 -495078727 543232763 70541403 366088447 -944028104 950708982 939848273 868634361 -370903764 248604021 -134714485 -670829653 731603179 -238374324 340701691 -29950029 -785197953 -174272332 -940220196 271848737 -360856745 -976302737 874343165 485267227 256252269 -315706961 -77497966 392964074 -66881065 65648139 -380020417 386193231 394860892 401683675 709538908 348250289 -656475205 955289196 -319337684 -608190054 -383854072 785929803 -760696695 171180375 -48827415 -473485390 55426427 90328383 44594903 -399278685 -336327833 200957758 -367028352 -250721857 -850700544 -324858836 961850715 -537061669 91823723 952790886 122478821 -100511405 16701864 -892705606 313224285 -317134804 -299216208 -224898648 894310800 -970798375 -29734736 -698704869 -470928500 -988393168 -812907266 -3352987 -783403253 -912040143 -565114069 -654585751 475660271 987227574 -405930234 703632016 889160185 829579280 672339589 -341851018 -305056789 -395213272 880647556 -937477933 633826179 -694022863 644325649 703195839 -824059571 582078391 -213034632 -161310285 -784776946 -866202566 235222568 -40591894 940163572 -244088043 -829524550 -472102105 -202625204 615422130 527399395 -194302275 913751206 531637621 -939108037 -631369773 -717169019 23459794 255516267 -732300900 -376933159 648866971 493997766 -588040425 -541359924 -619630175 -176536516 -930359091 541590978 193785255 220287364 933188432 -561570417 -758170120 -254197827 -388541907 479736 -313420936 236186451 633143478 113293308 28997620 -328901440 124943613 -79198889 -582696689 959177916 24664592 -413411459 -538237722 923513143 -150079461 426087880 -632032604 -313623214 -892488943 -460644488 469422653 908538075 916459469 516968016 855968780 400486144 397530756 -102099098 -744565125 67314457 145972163 -785730963 392943064 -947462021 -957663507 230447691 696724948 609728359 -151739220 -53724017 -661875017 -169381092 -45845457 -203555551 -889781687 -194287496 485122763 482550392 -789940279 -342686983 -358703164 968137993 -573712887 -532020999 176195615 -31541383 280315961 -695163131 -501845496 942005485 290445166 -942898988 412916679 49208743 -363701897 -197261184 -424654692 -129512400 13016106 896181247 197317348 567758 -923007498 -650433171 680323897 671303529 -787633974 554163532 578296149 817503942 526492909 152107815 382378633 -360901182 -326411286 746062759 440775284 950899262 -402957768 665421078 404790192 -850074694 -374497292 -781906173 -950524791 -688617349 199924822 970848036 682750398 525772161 584203130 -30706023 743353979 -507207156 73926324 -144685620 649759983 -987451687 -981170674 -365092406 241719730 -562501901 650642709 149856145 -796123520 344531906 371887812 -166873009 -661071231 295989718 559228145 505222676 260601014 178857056 -704274974 -521435153 809496455 653663108 -182642776 941813995 -31079844 -644151454 -705638966 -926267019 395548134 204816205 395325761 -323712994 318681194 434692412 -11866957 -318561152 9617482 945933008 -79479216 -574983997 -138122239 211574039 664351944 875267711 698798122 -186540095 891680426 -910677234 -107621736 -374864397 -916867644 630479968 12335921 -152258519 334026008 -565788137 -830406159 660702706 393063782 901661582 228223513 -36097282 -898171123 -952427036 36765433 970165655 162560381 -493679118 -536189152 -476150145 613317598 970641349 290469286 -202747078 808871785 -538250118 -830647123 -584146666 474971368 772285334 312408473 502592285 -755401539 -344554331 650263309 911124342 -374758756 486240737 -339245514 -884237937 605383536 610001593 -28998424 340484744 -66701906 -132463734 -91465304 -829384703 622866897 -756010224 -356369110 304819876 -516407082 -892830090 -753815592 -35799230 639337591 944268879 340425213 850031034 922688908 -933812536 -882993807 -414201675 744858237 -759668662 -535290284 256917933 -846524524 -494663400 -681419333 248013472 257233468 -793008740 -711680966 175329533 654874192 586150401 665092783 -451235094 343217321 235525998 917980058 -277167928 390688778 252062685 988989845 -211428679 350608852 -296584094 -107249828 959894661 -790114179 847325367 239939661 -858589273 881293707 -137276204 624992328 -261855038 -678174313 -812447873 597600130 -294569479 -940838774 -479487495 -624314276 453229443 718108168 -573358859 85429925 749980196 -161459597 -249785135 694960288 940498108 -188430167 62784833 921198358 -417110559 542497218 -902463 311875639 231508596 672717524 911861607 413226512 -353977420 -599341798 -629903611 604103497 -557373863 -100931792 -291581041 207727576 -987192803 -360923679 658498149 -755732742 -343768393 -909453288 605046231 756947149 -178950891 -662392454 -930967471 -630953968 -414390273 -191637637 -730566480 -103204422 304011607 -302976304 -454412941 -702955161 180914769 -911807938 -853951923 127681476 -549283748 358366317 384468123 598598723 403312499 453161212 -489598065 -890005156 -773639340 -168833451 -891647204 517628122 862176778 187819527 -514080773 671313692 267319903 691333366 -830106188 381490077 14825106 27835009 -256550830 147574118 605115871 463704308 307959213 769545288 -101754851 -333641491 -451269251 222999097 561559963 -250519703 963970595 622558842 904661847 764850365 356853204 -910900842 -788666052 -144182075 -8648816 -830488126 187801925 94440194 -67548967 616006469 -16423822 750163190 -836572271 -629632686 -631370369 -391095207 -398336194 -781582639 115590950 -464561671 -259203656 -807117908 492320822 -359182276 -541559319 -645407411 461123728 -838611834 -565797867 -24427568 -141482748 425556861 -574506646 -837300091 503162055 -946205728 837314740 926684783 365956984 -496520697 813766449 264369625 518588675 463678562 -773683317 -30400253 796334536 -870170716 -775901985 694789506 -273468659 112188438 -873891918 982641205 359654268 326936476 -438552610 741904585 215597556 -600814567 -731381171 -784769073 -969849143 -788102940 -989934886 508324683 208408441 896735198 728755747 -376026565 810594516 172111243 447980440 -313393383 109326320 -122202029 567243733 316741868 -90302223 -690833511 -845621644 -490647112 56333881 -775397725 -730927611 -617292995 626900912 -676338214 -530301624 169462322 274472458 383401183 -354702722 -202084094 -414834739 -711014215 912422748 768134310 288780276 994234600 683521442 531373034 -399672122 393848700 -113143266 214167697 -944937359 623555850 -385546734 -817150914 229946275 277926069 654365812 914436073 -817094889 735831856 821916458 284681187 584789051 -920063198 -159122022 458633141 -666038866 1711631 -434585628 -864144451 -198840202 -764682190 -151166260 918074397 -565385021 -937086391 -552356155 621100484 -359453868 860156424 752449720 -682430576 144338790 -967051531 468155547 -230810966 496880806 569642134 -453800194 -851167998 676509484 -815075539 -123938821 -196517353 -648797673 735433787 -866190450 -339679970 -518664873 -516521042 409766503 710406887 -994086228 662421189 719573936 -638970426 721381141 659166688 -717940676 -201152371 -412407340 -349844545 -843938042 572119474 -108947587 645808318 -36645951 -300918584 914993853 -218853714 -915577240 -705936663 -238928717 381633872 -135571309 -546858745 -772144276 -696266001 -793596624 -282269891 -884489511 -957781459 -892752725 -902695095 -853085121 518155135 -946062717 932010970 -149240337 360446358 883701734 -330140443 942163066 -403737674 -253867511 -610214176 731018139 975248463 544700280 -438652688 -231664167 -870667625 990330586 -388880589 806035695 432420702 -363907188 303902131 -31905482 104757935 -709094319 -211229647 556123040 470448828 -364135415 -576843652 137943496 -825344881 -900427959 -778598793 -731510515 -236174304 842297499 139001988 24631620 225196889 -391215163 184360271 -611506480 -918673703 -668990222 -738029978 366736871 -117063494 565399798 518843245 -49776185 -889638395 -496971391 -149595012 594970517 -735935496 -128696468 -689283726 -938605161 -200222313 24617806 -749874145 -454254788 -789220602 417935149 -788585393 744246676 544767787 404578572 -770597964 141212857 232468302 -881974834 780235167 364181984 31378590 -479242756 487910594 459985332 -173905349 617369795 480333612 939763830 160414536 610853688 494982476 -124148934 -102730083 -567896775 340614366 81506463 128762295 823568765 7696769 938919866 -965174624 -550179410 -338989248 -748444833 -507337547 429713451 -664635993 -460933575 444310963 650031096 -607143297 -960749942 -357662776 -46761285 901720685 -233846545 274349267 726475955 -505477000 -124463514 -378989036 -239846437 581292725 -445482478 268413021 -583825787 652239026 963063090 -628695691 -501041687 -792567393 -14251082 420657086 103060781 859153772 -467347247 674686820 -326056955 558488753 -772628977 -392271245 -548634878 -248154471 264404178 747548271 -797425261 -735573692 -167481832 -865708354 -521266118 228815675 964343068 -553209843 719060871 932612618 -610912088 31920748 -159562449 -169913437 -149313893 -211637351 -169039852 980314769 -918573127 -325781737 93917297 863791488 242382222 -23828379 -956513571 -381703880 61354029 -366273266 20493346 -742641330 395689109 153773038 220130860 -976652394 -815446956 -322351282 -566801868 -201625488 -566229699 -425042651 -108095140 -771069361 -901224009 -782232989 -322736316 -161580103 309796480 -203351644 -315238904 -27896703 -10400744 17607919 796235937 71773254 -623788331 -619788119 747957937 200278402 268384428 923116594 888143833 535033121 364770145 374999519 -538691861 -659092663 188637224 997601344 -225092766 87884819 -692762771 243385499 -810601736 -537445726 150981154 -746657946 -964305582 367181376 -634544613 843077242 -79543954 -430239682 448918309 -436954589 -643974654 766483197 -742716988 -535765493 639777496 427447485 761918874 851424155 185739788 668725972 563982517 861038594 253573570 -413929673 -302136751 -72056639 -135678810 -869334158 43110744 55523978 195861710 -732934335 -110535148 516694799 -909158938 -171676249 -492496471 -785213560 -813022783 -360408687 -725506864 -66058897 -337561109 -858893750 -241004300 -337415165 -701231634 -811183961 223456205 -229364447 -867176670 -375936541 -150835710 520683287 -356992864 249004206 -43548948 682345135 -120232893 -560163449 -554397634 249344423 319692014 -307361882 107761340 588138773 -801582714 428328003 392081022 746374508 112729130 -622234651 -693745533 -801626678 743910855 -336247240 205961779 -765573151 -719585857 -117184912 -985967533 594866547 -95337183 649466820 -640644364 -666251266 421053611 324705508 -934511169 -274412107 295720808 588085930 82249362 -719348658 -450593645 -435247501 460590633 -127856235 -800246144 850189801 777911362 322388281 440891822 369229416 417606581 -678629449 869559266 434022406 263815985 384435554 -784392375 233771811 604359447 47944849 225219 759908020 -816896663 -7615074 569688598 703009549 -896636622 -280132960 93834750 523874652 -94556912 -923427228 47788621 928958087 271344895 605962066 -878320650 -471399546 -958623006 -549955604 -858201223 455232775 -295344428 -912936224 397738455 -755752127 -719193921 851447148 553854322 418706704 967289049 137726856 -873243049 -95228610 -736155770 412573783 -933720173 -859327411 -621097826 882984919
2116
464 2012
129 710
1975 2420
262 2514
739 1464
171 1549
106 2559
8 2513
137 2566
487 519
113 2486
249 1954
375 652
290 1769
914 982
247 2150
314 586
1366 1581
887 2258
213 2530
309 1197
30 1963
1130 1878
718 2457
527 1308
957 2169
81 2108
348 1155
418 1192
220 2384
1106 2055
275 615
396 1613
1004 1464
1662 1896
342 2187
451 2457
463 590
1420 2344
856 1422
658 1406
533 2427
172 1855
107 2518
791 1993
573 2500
837 2315
1364 2430
688 1992
373 2044
13 2106
150 1420
738 2520
1085 1752
1232 1561
1296 2546
1058 2238
231 2424
1330 1793
1922 2334
830 1241
877 2203
265 2547
1335 2063
83 753
381 1282
152 2142
337 2470
1962 2421
424 852
21 2563
366 2258
82 1379
124 2381
734 863
2395 2515
1 1451
199 2214
61 1914
492 2308
38 2227
76 2550
149 333
91 1097
74 1883
2376 2406
1601 1818
8 1845
156 2435
614 1509
192 2493
1940 2510
6 149
275 566
128 2164
2024 2184
1000 1996
2211 2266
143 2061
259 2182
3 2554
533 1426
645 2319
337 1601
1510 1748
614 2347
887 1607
1875 1984
647 2127
1606 2050
65 2475
239 493
825 1789
710 2549
46 2084
33 2482
196 1015
1268 2348
164 768
570 1262
92 1312
1163 2462
217 1544
332 2461
387 1694
175 2361
472 1379
2086 2518
1 2389
744 1869
18 2105
984 1183
23 2268
288 2526
1825 2226
100 165
73 2360
468 2237
402 1435
1534 2349
156 2457
391 2269
170 262
181 2187
1243 1539
126 2268
985 1568
974 1107
301 1744
80 2286
24 2564
456 464
1715 2304
1628 1669
114 2226
36 1834
4 2030
57 2378
826 1935
128 2066
167 1394
986 1174
150 2508
299 2559
311 1559
182 2370
506 1389
984 2396
805 2383
965 1848
428 2514
1735 1775
848 2093
1019 2495
27 2298
52 2553
128 1137
1056 1949
211 2071
683 1163
769 2408
678 1509
888 1854
856 2531
451 1953
1484 2461
294 1223
794 2086
910 2200
418 1295
247 436
516 1049
25 1679
1377 1394
1352 2169
720 2146
1257 2006
1188 1473
720 2369
572 1601
848 2387
293 2436
929 2538
64 565
287 2409
1275 2326
56 2137
401 2315
31 798
7 2274
1440 1902
5 2561
52 2457
18 2489
80 1652
280 1197
1012 2213
183 2341
10 1817
625 1432
29 905
368 662
279 2548
1632 2247
40 2530
1680 1980
220 2465
289 2388
23 2555
2085 2512
193 934
887 2290
268 2232
1267 2123
2121 2327
763 1045
1175 1304
337 2429
257 2330
634 1759
99 1104
882 1406
952 954
189 1250
115 1182
42 1402
462 1897
267 1304
2 2297
558 759
944 1998
52 2531
256 2383
1704 2086
1944 2335
1133 2001
211 930
927 2123
49 2510
1303 2193
537 2534
1369 1612
23 883
642 2342
326 1022
121 715
988 2156
2020 2365
226 1629
202 1374
95 2470
277 1477
505 2236
1390 1729
225 1687
611 2186
208 2331
80 2533
733 1523
37 2567
115 441
1132 1595
316 851
570 1618
108 2349
584 956
89 100
523 1351
1220 1600
1257 2015
407 1835
1980 2492
434 2541
577 1575
3 2562
1194 2234
1138 1172
834 1765
1506 1577
2037 2451
721 2514
129 318
969 2240
1793 1953
644 2558
2465 2502
1877 2171
1679 2016
94 158
97 1915
226 1918
176 1187
50 2333
1838 2048
755 1320
1258 2021
11 1780
1102 1413
48 2353
676 1486
209 1785
151 2368
505 732
697 1913
222 487
49 2441
53 2005
178 402
181 2441
1002 1228
14 27
1649 2549
358 1054
1322 1915
100 971
1131 2335
199 2301
307 2475
414 2361
588 1932
585 2238
257 2213
567 777
116 1912
560 2310
126 2564
1069 2132
63 1787
59 2339
374 2237
91 1572
553 570
934 1378
923 1819
2241 2252
664 751
655 1483
1139 1185
29 2065
46 1376
1297 1607
394 964
284 936
25 2564
198 660
816 1671
1284 1788
1853 1933
2196 2335
136 2201
222 2558
2392 2396
732 763
20 1025
1120 2317
510 1973
366 2487
430 2177
556 2106
127 2261
432 436
449 2054
1192 1786
310 1367
146 756
75 2305
934 1545
898 1322
538 2163
186 2502
31 1872
13 2188
1547 1555
767 2342
690 795
390 2456
251 2451
263 614
479 880
664 2504
26 2327
234 2055
144 2407
72 2401
621 2002
230 1654
241 1511
665 1523
71 1502
1003 1959
350 1686
338 1657
797 2409
1424 2289
543 1985
575 951
649 1195
877 2562
141 576
20 367
349 2470
61 2547
620 1363
566 1803
623 2038
494 2236
1219 1776
56 2558
933 1841
940 1321
557 2351
484 900
241 2074
751 1923
595 1179
666 1495
1056 2095
480 1534
339 1885
1051 2403
205 2482
337 847
374 1616
294 1649
1007 2233
684 1435
443 1371
69 474
332 2392
217 1703
506 2383
820 2489
1781 2207
410 1770
44 468
143 2274
18 1914
372 2452
10 2480
773 2112
1637 2149
19 2508
1105 2431
1932 2433
51 2185
409 1167
880 1407
644 1631
633 1180
1171 2364
1006 1699
149 1759
1343 1954
146 828
1549 1942
859 941
35 2544
39 1827
137 1970
886 2328
204 2505
356 1336
500 1801
258 1100
947 2507
185 2432
1495 1547
945 1833
956 1734
282 2018
1925 2438
679 2520
73 2448
312 1982
19 1866
145 1835
27 2513
382 1241
865 2538
730 1708
29 2400
67 2214
853 2562
15 1450
276 1706
386 2229
91 2210
1076 1082
150 1838
963 1885
421 2349
1293 1875
351 2127
264 2540
1553 2081
468 1493
153 2367
2293 2505
124 2290
115 2553
787 1489
462 2426
17 2382
306 557
1282 2435
1357 2099
1349 2346
386 1228
1042 1822
327 2385
197 2294
1089 2382
877 1953
1179 2475
158 2315
138 1731
236 947
39 2473
1087 1523
508 2471
2029 2555
1279 1550
87 1495
944 2246
590 2456
101 2454
146 2346
254 1865
172 961
2354 2441
1101 1810
103 2267
178 1202
23 2336
772 2386
705 2276
177 2278
339 2352
121 1859
270 2548
880 1461
164 2525
760 878
1740 2482
813 2446
274 2472
413 2311
682 1900
948 2542
1167 1643
206 996
2158 2493
47 1431
685 2499
945 1851
356 2540
124 229
910 1112
24 2543
1770 2514
296 1531
444 839
542 2188
535 2512
206 1966
632 1798
274 903
494 2434
883 1010
298 1713
992 2130
487 2166
1105 1115
1502 1996
1355 2137
1100 2005
601 2494
353 2108
23 2159
1598 1668
444 2536
1762 2498
96 2335
1156 1531
209 2276
422 1915
261 2530
513 1661
2225 2280
1147 2386
108 2465
1479 2154
370 1799
172 2406
76 2439
1161 2044
177 2530
244 2124
500 1566
30 2516
34 2524
123 2317
728 1654
183 2474
1712 2565
62 1557
167 2550
501 1707
316 2499
700 968
877 1525
968 1896
696 1942
221 655
479 1407
11 2553
1926 2255
754 1791
2224 2450
95 1344
342 1127
14 2566
315 2011
1835 2118
1157 2274
1221 2337
401 2247
1833 2043
377 1548
245 2128
1540 2226
288 621
210 1795
886 1524
1907 1996
866 1930
469 2439
1131 2134
91 2212
135 523
342 747
591 2216
633 1995
1367 1924
765 818
117 269
612 2016
330 2208
594 1710
523 1685
468 2514
891 2246
30 2548
150 2564
988 2333
12 1474
94 2037
98 973
2246 2316
659 2289
100 2543
1166 2474
471 1994
1511 2518
1033 1399
2083 2438
1013 2218
187 2284
468 722
645 2127
98 2339
688 2356
567 2260
1298 2132
729 2481
22 740
14 2428
1497 2124
51 2532
590 2545
1397 2305
316 1544
697 1415
1571 1723
895 2222
351 2487
1014 1259
1207 1881
1278 2537
370 1885
132 1442
250 1974
1111 2200
463 2147
1309 2375
41 2552
117 1755
953 1352
1014 1847
373 2333
219 1005
1591 2060
653 813
1552 2357
290 2424
931 2277
251 2281
815 829
496 971
653 1033
320 1229
11 2267
284 2099
487 2340
1370 2469
1162 1841
1131 2148
256 1533
981 1038
407 2456
328 2432
549 1662
6 208
777 1880
138 1764
29 616
284 941
258 1962
866 2497
802 1640
654 1588
133 2064
412 910
908 1101
913 2565
1357 2383
813 1210
469 2469
150 492
892 1373
1527 2511
97 2513
2067 2215
666 2378
674 1785
1325 1368
106 1988
912 2013
15 2452
377 1495
177 2558
8 2247
512 719
1055 1749
684 2247
293 2365
2057 2252
92 2447
917 1333
245 1626
816 2201
622 1581
35 2136
1407 2435
86 677
151 504
1715 1791
629 2160
284 365
1437 1917
329 1829
235 2517
683 1735
1364 2560
4 1957
28 2132
80 1421
209 2226
1608 2031
1330 2514
513 936
1230 2057
440 716
1190 1270
38 1902
5 2313
683 1203
578 2500
2069 2477
55 65
836 1669
891 1212
331 2174
1549 2264
1405 2552
378 2522
74 2466
1028 2085
1 2098
1911 2013
435 2086
2133 2558
398 2363
30 1532
502 2036
440 1646
1014 2374
381 2363
1740 1929
165 2508
186 1868
637 2233
30 2447
1123 2402
101 1611
532 1692
1028 1652
1028 2355
293 1881
89 2502
307 2190
22 2533
160 583
1177 1633
13 2502
547 812
157 427
446 828
344 2376
1018 1970
1199 2058
78 2545
209 549
184 2536
838 2037
125 755
700 2542
103 2416
668 1992
102 2566
183 2509
1695 1783
1317 2346
1 681
134 2441
24 1219
29 2245
507 1930
23 2069
615 1760
2105 2468
503 2168
1249 1870
6 1076
1649 1772
1341 1428
313 2326
342 2510
171 1358
438 2259
24 2516
67 638
14 992
32 153
89 1261
1396 2389
817 1812
206 1175
236 2531
1676 1771
394 2405
228 2520
615 641
307 950
199 2515
1529 2255
37 1029
1406 2284
122 2429
1755 1913
726 1116
173 635
1781 2496
86 1083
933 2402
11 2251
16 663
275 822
827 1395
1252 2112
982 984
1824 2101
1059 2166
347 1801
348 743
17 173
1237 1881
356 2298
271 478
2070 2553
556 1131
21 2506
64 2467
1466 1627
397 2194
1059 2109
2404 2445
215 1834
282 2437
2011 2114
607 2489
667 1431
404 747
467 1353
39 1960
1699 2518
373 2270
1148 1724
1021 2176
614 1613
199 2536
522 879
23 1233
1708 2245
501 2524
607 632
675 1374
574 1679
1073 1605
1961 2453
21 2544
1521 2124
467 2284
455 1547
185 2449
863 1533
388 2299
46 1831
123 1840
2310 2385
99 2099
1153 1345
1089 2220
34 135
79 2553
9 1869
540 2236
17 851
371 2358
1270 2442
670 1879
691 1756
305 530
1534 1534
213 2069
512 565
1008 2213
285 543
270 952
164 307
46 2178
71 1866
1886 2329
1963 2392
137 2069
137 464
1722 2403
1398 2357
904 1066
59 2475
1113 1489
101 2316
263 781
139 2429
632 2479
162 2422
445 1648
492 1434
206 2472
628 1277
958 2425
316 2532
1324 2352
1201 2278
96 600
1216 1673
390 2271
729 2021
44 2440
1371 2311
591 2426
191 1357
71 2367
204 2434
236 1860
121 2405
1623 1634
302 2247
17 1841
2194 2232
729 1399
4 457
2211 2398
106 2310
949 2150
237 2143
167 1829
845 1794
141 791
239 1860
349 2064
452 2082
62 2485
2290 2414
353 1871
603 2389
838 1331
105 2475
780 2505
303 2564
525 788
174 2157
137 2201
219 1985
52 2435
1549 2454
761 2080
342 2288
645 1780
259 2259
41 2545
541 919
99 1586
1164 1321
678 1752
941 2231
571 1903
1532 2250
37 2002
1102 2201
16 2331
1401 2003
75 1542
1121 2547
473 1034
488 2244
293 2445
318 1966
363 1669
1132 1990
302 1882
1305 1622
647 1310
455 2343
1414 1653
724 2416
391 1944
1061 2090
26 839
396 2422
331 2174
134 2509
1717 1996
1942 2550
243 1753
1185 1954
279 2381
88 1964
1110 1972
926 2486
203 1702
48 2381
11 2567
956 1589
280 1310
272 958
512 1632
16 2522
456 1545
81 1384
1186 2060
2098 2142
1511 1851
64 582
541 1384
175 2539
311 2338
1146 2519
1115 2528
526 2450
180 575
1145 1664
584 599
42 2554
210 2253
8 2551
73 2378
438 2413
85 2161
327 1769
370 2068
258 2096
64 1395
16 2500
1129 1843
460 2001
161 2045
155 2208
299 2509
510 1655
100 2138
121 870
240 2176
309 1580
680 734
161 2451
206 2476
1098 2386
674 1839
1428 1965
314 769
161 2349
208 2372
629 1341
133 2311
1041 1160
867 1037
1435 1960
1651 2093
1848 2190
74 1463
250 1049
939 1661
1663 2034
34 1661
530 2287
278 1352
10 222
542 2123
790 923
469 1105
710 1347
1452 2026
292 497
3 2446
169 1159
1343 2085
197 2216
428 2141
62 2120
1563 2012
151 2547
848 2453
14 2526
33 2410
486 953
55 2319
1039 2546
1902 2507
151 1007
1424 2266
9 2465
494 2535
283 2131
878 1432
326 998
3 1731
409 2419
700 2497
14 545
702 2288
1787 2210
722 2219
244 2174
1530 2540
28 2349
82 1710
1216 1514
294 2079
32 1733
18 32
228 1532
1818 2396
1540 2394
182 2380
220 2566
1025 1607
680 953
763 1785
698 956
50 2556
524 1349
1671 2408
132 2274
136 1416
554 2415
857 1575
351 2441
3 2567
260 2495
1040 2412
1336 2537
1294 2433
963 2081
53 2107
295 2120
229 1630
5 2567
1003 1631
89 1268
1501 1721
311 2224
953 1144
187 2088
1466 1804
4 1603
32 1141
1861 1944
224 2442
8 1986
496 1256
562 1586
52 2411
103 2030
409 2228
143 2521
1715 1790
44 2441
63 1391
59 2330
1271 2288
1642 1928
575 756
1861 2560
432 2244
304 1051
530 2363
11 2218
121 2293
707 886
1735 2191
185 2389
1459 1954
549 2471
48 2016
1200 2566
1384 2173
1565 1614
26 2524
2276 2563
1586 2129
1444 1919
1017 2094
1861 2506
513 2269
1962 2367
23 2458
1090 1373
1315 1739
1242 1912
66 1569
5 2182
1654 2425
1043 1140
1175 1336
410 1820
15 2567
1166 1262
979 1458
688 2515
297 2223
1314 2494
934 1479
57 1730
565 2513
256 960
1011 2292
843 916
594 1790
53 2496
1070 1197
498 1027
630 1130
1535 2535
487 2233
438 1428
793 2378
375 2442
177 841
1407 2451
1241 2350
1195 1316
96 729
870 2281
250 2272
326 1069
71 2418
1010 1928
466 557
518 2025
527 2082
678 1085
1447 2405
23 1154
1894 1934
529 1957
247 1978
441 1882
266 2281
100 2467
534 2530
301 1026
531 2502
32 2486
373 2564
336 2329
613 2548
212 2465
92 2271
884 2409
807 2330
1255 1971
589 1462
126 1785
685 1060
220 1078
1295 2463
539 1669
1497 2367
1376 2002
12 2430
486 1296
777 2553
712 2106
1140 2255
887 1683
361 2099
845 1638
822 2421
7 2034
60 322
131 1451
133 2353
882 2482
2160 2317
765 1770
39 1087
1624 1946
899 2411
72 2006
143 1601
1174 1814
1528 2224
264 2323
1324 2377
1360 2204
233 2071
1164 1899
344 1949
141 1260
80 597
1452 1957
105 2425
782 980
2210 2344
529 2406
404 2235
1261 1830
464 2015
1490 2075
147 1565
1519 2292
503 2429
728 817
441 1462
622 2235
1064 1422
583 1009
270 1031
204 1423
1062 1861
897 2425
409 2049
583 2366
262 940
6 1519
138 1434
1246 1265
639 1993
195 2327
265 2087
1124 2493
48 2113
679 1863
171 899
531 1991
1155 2167
1491 2006
747 1609
1498 2278
1905 2544
147 1623
87 2515
442 1106
1868 2398
335 753
844 1323
72 670
1530 2387
150 1873
236 2120
261 1122
1168 2180
608 1204
1259 1542
478 2466
1615 2388
311 2470
1896 1933
457 1251
266 318
28 2442
21 2363
1659 2300
725 2199
1135 1197
902 997
467 653
1071 2105
729 1208
913 2137
1980 2060
276 2363
572 2487
1041 1886
230 1505
516 1228
1231 2521
1769 2397
143 2410
380 1118
1459 2118
326 2155
54 2331
1206 1549
722 2485
755 2434
1724 2109
38 2379
484 1741
28 2464
163 1486
87 1178
65 2240
226 2533
47 2126
131 2494
1067 1733
56 2520
179 2472
439 1866
1526 1933
934 2255
31 2513
168 1435
1072 2564
374 513
1049 1059
233 1727
365 1683
1256 2118
275 1775
99 2466
538 2296
139 2113
499 2000
195 890
201 2227
1012 2034
330 2475
568 1877
1186 1676
1821 2097
1557 2524
1427 1690
147 2299
1341 2138
322 1964
2049 2326
166 2561
382 997
822 1975
1595 2331
1516 1875
1251 1584
1934 2355
1199 1971
109 2416
1134 2309
234 2437
1399 1861
675 2426
2 2565
199 2278
270 2319
1109 1785
274 2188
1590 2206
94 2371
1303 2012
1881 2534
1434 1912
365 2141
2297 2516
1084 1519
205 2028
40 1922
107 1400
564 1410
363 1792
1030 2188
1242 2481
919 1812
148 2270
6 1001
83 2491
559 1439
9 816
1470 1568
114 2218
2164 2227
381 2488
442 2127
512 1489
255 2293
581 2563
1154 1591
130 2565
428 2439
432 2558
541 1735
304 2214
1202 1759
127 1446
810 2411
1588 1776
330 2414
1158 2472
69 507
179 2469
2272 2495
753 2345
732 2462
813 2317
538 603
733 1725
1934 2407
1794 2374
1796 2091
2 2377
82 2565
975 1632
19 198
696 2253
1 2524
1954 2084
640 2491
3 2566
71 2445
205 2399
1207 2058
274 2419
1761 2209
1175 2079
369 1784
1055 1675
165 2394
253 1762
688 1803
1171 2495
1160 2483
435 2528
575 2253
521 1271
119 920
193 2381
318 2400
35 2366
160 2471
264 819
1961 2210
1222 2257
216 2179
458 2328
316 2557
1130 1200
1502 2456
480 583
1262 1641
31 2551
697 1989
1912 2036
55 1470
414 1417
452 2504
24 2031
315 1671
506 1818
6 2528
1220 1542
67 2028
634 1058
317 1852
92 1612
230 1804
459 1903
1373 2055
37 2559
793 1011
688 1256
119 548
632 2510
367 1948
228 2547
488 2541
963 1969
48 2515
197 2538
1829 2290
1155 1967
652 2247
33 2345
413 2491
1144 1825
609 1627
1288 1560
649 2221
802 2438
408 2445
614 2369
192 2337
938 2431
128 1770
246 1730
46 676
537 2378
589 1912
141 902
812 2293
326 2387
315 2182
1704 2279
111 2404
1200 2036
666 746
1821 1839
69 1711
17 2549
151 2538
1456 2323
69 2560
502 2306
368 2166
37 2390
1535 2440
1055 2398
968 1686
1179 1184
308 2310
464 1400
226 2020
285 736
1410 2398
1028 1118
183 2130
255 1266
45 2111
240 2536
766 1242
321 2260
1144 1460
536 974
248 1847
267 2519
336 1809
60 1851
327 1293
136 678
686 1108
1998 2474
126 2537
5 2539
2123 2561
163 1604
278 2335
2015 2120
60 775
110 2417
1174 1791
1715 2170
1223 2100
1305 2561
1246 2299
301 2042
464 1297
727 1372
406 2260
569 1839
777 1069
1361 2460
1492 1676
747 1322
567 2376
805 1380
474 875
1794 2023
1318 2049
1122 1525
686 1084
2 2529
1022 1594
25 2546
676 2460
935 2560
115 2442
909 1170
10 2427
88 1654
302 2340
1544 1835
859 1979
1449 2529
291 1954
309 2502
728 1696
248 1839
1252 1601
604 2468
492 2403
271 2566
5 2132
609 1831
1495 1613
66 2408
432 2359
59 2521
319 2156
1 2519
399 692
566 2257
741 1478
19 2521
193 1538
377 927
267 1658
209 2328
673 1497
387 1732
42 2336
154 876
280 1903
1164 1832
693 2512
136 1984
657 1264
1283 2057
423 1303
10 2421
1888 2150
19 2125
917 1230
463 1342
1323 1372
958 2550
13 1917
280 2080
5 2383
583 2296
53 2095
384 2066
17 2464
637 2444
83 2407
21 1143
2149 2555
871 2491
276 1937
1256 2321
170 2215
373 2232
256 518
94 1768
486 1900
104 1016
1117 2030
361 2282
728 1078
169 1855
48 2490
105 2302
299 2063
182 2454
222 2110
79 2389
519 1167
246 1908
1150 2471
244 2451
482 1743
465 863
1483 2339
304 2017
1396 2304
535 1614
253 2398
663 1695
2119 2144
1503 1803
46 465
339 2350
322 1796
1689 1951
104 2557
703 1848
2401 2539
1894 2557
120 1234
786 1363
99 2529
66 1394
307 2165
105 1871
117 2043
290 1625
946 2366
503 2115
60 2536
131 2266
1534 1598
15 2495
419 1939
409 2132
67 1788
214 2027
474 1923
131 2430
943 1006
72 1155
458 2193
709 2038
306 2331
1697 2506
1860 2489
136 1374
736 1908
316 2399
171 1406
1454 2030
145 2420
1528 2287
70 2566
54 2067
54 2327
142 1749
873 1630
526 1999
480 2446
1325 1453
68 2424
69 2225
16 2548
426 2249
1173 2240
114 2298
1602 2455
787 1373
455 932
289 1665
384 1676
373 1326
1021 1969
486 1741
753 1320
1558 1923
41 1859
125 2043
1108 2159
170 2085
577 1923
441 1264
1195 2454
1105 2161
528 2554
21 2519
111 2549
1573 2380
150 754
708 1863
326 2507
17 2505
452 2553
208 485
870 1655
950 1743
1530 2255
975 2391
1318 2509
12 2549
337 2564
17 2509
943 1989
69 461
110 1491
118 2087
1202 2143
1888 2487
1242 2389
918 2121
578 2445
727 2074
981 2244
1159 1634
947 1977
973 2546
40 2037
175 2439
304 1712
468 1435
512 2255
1602 1655
246 1209
241 1285
152 2567
1231 1340
1922 2391
199 2565
2317 2418
5 2555
171 2537
461 1900
905 2397
1595 1850
1828 2512
472 2257
28 2424
270 1829
1441 1730
197 2500
99 1671
789 1055
377 1314
64 2267
26 2507
894 1967
79 2545
214 2247
443 2475
177 905
357 1938
349 993
1285 1862
267 1969
70 1615
553 2521
129 2561
390 2063
617 832
742 1002
873 2378
184 1306
1193 2113
2075 2320
290 2125
219 2464
1746 2246
1311 2273
368 2454
1679 2502
1121 1678
435 1119
45 2561
112 1534
491 1298
1185 2120
1636 2327
108 1140
522 619
234 1818
195 2379
905 1685
2398 2565
242 1846
2 1463
934 2511
425 989
60 2249
1983 2025
2291 2372
478 2158
629 1719
797 1920
40 1113
753 2276
618 1571
15 265
762 2256
16 2491
2237 2458
712 2311
474 1054
2101 2197
1026 1506
883 1939
758 1938
450 2165
311 2460
114 2424
253 1878
1508 2297
119 2531
1866 2507
1741 2264
2 2545
701 2417
582 2038
1194 1840
1257 2558
1716 2332
422 2114
58 953
234 1181
131 804
770 2361
229 1148
985 2039
675 1086
2133 2398
1441 2251
1442 1991
269 816
1134 1156
80 2225
468 929
301 1327
1256 2302
616 1641
845 1892
1474 2419
501 622
987 1565
880 2483
1015 2507
1784 2311
80 2389
466 2024
1878 2330
58 2169
164 2537
1930 2177
8 2565
383 2406
1220 1969
2010 2022
721 2388
460 2520
733 853
2030 2171
758 2163
35 1892
1478 2411
416 1476
73 2032
1283 2131
131 2472
308 2374
120 1724
1515 1678
26 1864
1336 2203
968 2310
499 1583
811 1824
1564 2137
1461 2145
897 2146
440 2532
267 2109
777 2046
1210 2091
241 2500
319 2548
121 1770
228 935
731 817
348 1994
1612 2282
