unbounded
3887361182
828416968
2996484720
4140486283
1683014817
1011192776
4180219122
3343296607
1863572886
3978892326
4295179231
3514586524
3116144465
4317021058
4164886982
3902951495
2109088190
3683039443
2470050735
3155761345
4466252490
2932084210
3789215767
3698552297
3022692799
2500550095
3234887252
2519624595
2352844488
3200967527
3567790243
4126825863
3987566545
1184906189
4466252490
116823878
2665775659
unbounded
3994631636
746900598
3474030255
3226453035
675087990
2844028049
3488026286
1752608757
4414180291
756916742
3188482309
2949458085
2044409788
2410877347
2962426321
3875371096
1562959924
3808952901
3077072045
1282563754
3892403007
3656428649
1735585810
2414933150
3078136893
4415625328
3588712528
2116897217
1588032212
1915195612
4479086822
1225524981
4090355522
2609847400
3183249396
1529834269
2963218662
2783913382
1906492455
4084979480
3205827148
2444614201
4096537164
3944790915
unbounded
947258914
3932372237
2814054921
4030577782
2982299497
2917841209
4335885805
4374722813
1415388164
1577325601
1905379931
788199903
2378670165
3319775850
1672330252
3652685778
2264882890
436555855
195833163
3253138280
4292614541
3402647444
3969728841
2308672670
4167516145
1656382545
2635547666
615852541
3090591685
1419651845
3458424373
3133486352
3688043870
4273008197
4195691300
3978970394
3891694948
1457077542
3580457312
2457720417
3669022431
1788103857
2121401596
492474854
1965346096
3384765603
120113528
3936739050
4350094786
4345909010
unbounded
3487405907
2535010685
1720824150
2568695967
2986365222
2496142674
4064612685
3751383594
2822457139
992652932
3757279629
3747967872
4249278384
1737402502
3534643957
2452456031
15478954
2775151182
3726009122
3728719286
4015485767
4105641005
4327170170
145279772
4087458211
3984344246
2881773288
2016520105
3669725323
784147637
2784826906
2784247575
4302156441
3983508555
4047550243
3121107232
3008001980
819374148
1305221530
3696357081
2619010862
1647755825
4315920092
3891942548
663649799
3677574408
1418543160
2235406699
3007295830
1803328090
4336507169
4126693331
3983508555
2121626966
4236563827
1821724957
4491590390
1090143810
3340115974
4236830657
4120975242
636991336
2890118379
3515237959
2751914714
2736345905
3101360183
3765637841
3128233802
4018015441
1738931957
3096547594
3083462676
3825316806
4437894905
1270578835
2571131253
817265728
4209501387
3635447387
1494058066
3448660950
3552464117
1383006424
964791802
1973995329
1992165396
3723714264
1822993499
1729205715
777784124
4314739970
4389777506
818087385
936540443
3734154204
3474884483
3879177931
1637590952
4479086822
4032382428
2420773065
3768770643
2253574806
2146045542
2394733249
1093322593
3239428127
4234633044
3878772805
2623159221
3561943970
2482392554
13571867
323146166
3728065367
931782642
2196944488
3652859254
4005394870
892964077
3786059136
1514683645
796736510
3644647485
3552464117
3988513599
4072283977
unbounded
2540028033
1181320684
3597840676
3983508555
3702068428
2806649741
1563820613
2900034505
3835637924
2875266888
1695729627
2129212959
2118817809
3905799207
3580486680
3595024243
2064403157
593327509
1648624970
2095059455
3455169806
4369827417
3875667261
4029700174
3964244322
3273398278
2253416199
3936694032
3572975796
1305120646
4466252490
4230285925
2066444318
unbounded
3952587331
3405711428
3357875179
4331492965
2874380891
2854135934
1799868956
2654732106
4453748922
4130550288
2878111525
1268111783
3881847558
4389019550
2953116589
3966799028
3429017371
3067117368
3395376671
2858210505
2794276664
3723559974
1034177878
3075986846
3691538543
4005253314
4298020663
4437744598
1199013052
3654135657
2687323390
434584349
1393906279
1166311089
2045242144
4093448071
2738580872
3595570635
3515237959
517864149
1909091561
1610322119
925646734
3793808427
4120335399
1564516129
3038306482
3149974992
3227151890
4374630763
unbounded
4368072685
3516627984
268854221
2440321721
3415472637
4395908531
3112246359
3243464457
1600617326
2099880675
3369997385
3921580437
3662479711
1635759768
1889584894
270902124
3984344246
3883713976
3830811885
2400427533
3748653310
1348500449
1289762639
2400427533
3652859254
2624768017
2483377976
4099664922
523312030
2358390408
unbounded
242819828
2568737876
3207502833
3042790834
4024907335
unbounded
2167609194
3059746991
3915474195
3753323168
2588160564
3757336622
2344947535
4037091132
4415625328
2293224034
2143647827
3140042507
4427507532
356555165
3573814029
3868313011
4126693331
1211022445
2104328869
3483983457
3842644646
1213727120
unbounded
3561629358
4289012521
1923608625
2487553181
2348265406
2501563161
1238953812
4157713204
1854302550
4327212215
1218752970
3866038100
3922493142
3656959579
4351482348
3357875179
3144261335
4033016210
2148186234
2162905448
4099664922
2493751118
3120508538
2136249841
2124445001
3296654893
3827790909
4074973944
2609847400
1703327850
3300245117
2868435776
4317293228
3022693640
3860817867
2206741918
2500969106
1427868574
3981027734
3956917009
3891951898
3906819297
3444742514
3808385229
1724755229
1781423848
2970117973
1160941601
3344456703
3194284245
1614357718
3309836601
4315080355
3904274762
unbounded
3281592782
266132618
4259953504
4358018791
2014593267
4175563273
4417405460
1632639179
3896218038
3591552806
3551166148
3758465986
2732301686
3688043870
3294563342
4167345251
2288726755
4263129358
610123439
3030829902
1797497283
3320682459
2181624794
2816817874
2523448540
3307726337
4185255176
3396061809
4382742448
2252839878
1690273049
2087091626
1868089617
795788259
256202313
4118968246
1044850411
1683772943
3448660950
3635447387
3002932995
2308142506
3108547232
2868750071
3814367461
3212407983
3866760630
1599586659
3729557457
3076719758
2924815302
3845817623
828333989
3226249047
2056794358
1980028377
1166112957
2323135351
3945063238
1738931957
3756716551
2614199331
1756287401
2920071222
576959969
4047014923
3506155093
3059124283
298809756
3899193983
106519094
3960941627
1996499110
4094304249
1379567486
1793758888
1875184846
1486110005
2781366913
2750790559
1973995329
1157142874
1038238792
2459068659
3950531008
4401676723
2740203621
3323428849
4047014923
4429212945
275807666
2898370694
2674184947
3608493478
3553829014
4374722813
4085410131
2896833114
3994191954
3899790004
4371958940
2965599767
1673346105
1771655552
3034808890
4777224
3241404184
1216466732
1640376557
4298020663
4019410746
1879243180
2140406646
3974776423
1852770709
2852602580
3899171965
24187113
324054180
2354198506
3622552649
4354680674
3347998301
4374722813
3090333009
4241124174
4295179231
3705361688
4359129294
1056928212
1546646355
3889799338
4111961651
425234362
3024033521
2701963321
3618516815
4211192768
2450585961
1630317312
2163490846
3717750244
1777510744
3847470978
1790407962
3753265931
3852221715
2773816814
3822385066
2494851746
1452932134
3250299340
4422748162
2347193546
3411808385
2375068265
3472592413
4468895665
3951476535
4105558498
3646638193
1873121316
3706698577
4248650350
1605672739
2900008552
4299915768
3789924243
1694648690
3643216887
3856403672
2063901335
3873439777
4491590390
3078153578
1413294997
3767224527
2658736759
3328835637
2825310514
4060321361
2659704750
3238473447
3080439995
4209367366
4186979997
4452891341
2826512634
2924751121
2223532500
967417251
3529091617
3053471773
4004328090
3642021964
unbounded
725769761
4063266497
3202274834
2411642352
1062890842
2759718813
935719549
706286179
1733937882
865182965
449183692
4406196279
3550185850
3317032728
3795262426
3456884123
2813702326
3935615418
3692660098
2866846214
2967483427
3636315520
2866173514
3749339408
3832642617
3414899494
3865434095
4303775382
1556395821
4468895665
3109190086
4276232293
3755287784
1409935225
4174341985
3666040963
593846499
1860987753
4151027296
2768246258
1293768188
4017296737
935122547
2409120796
1143819100
1127420465
674787686
2310326901
2192403014
2961507352
3199861590
1027250436
1068968281
2812975512
3429207919
3441362425
3171621468
4050727497
3543965387
1664281941
2345302911
3690197775
3322772744
4051543116
1643643313
238493557
3665240868
1423858985
2735004286
1327112342
4358718490
980738607
3230255894
3791892251
3325317592
1608078479
4299757863
3947457928
748740054
153562663
1488960107
400159292
4315935717
1122529053
2997274103
3683039443
4071461526
59785549
2353004795
2569792854
433040470
3789924243
2376328035
2407644930
600878004
3124838645
4276232293
3166355935
2178586855
3653086588
1420892789
2957222318
4468895665
3857510463
4146492778
305407445
4315920092
2076889155
3150732554
1334513268
2848251465
4356644062
2764760433
4165953763
unbounded
2595480033
3681882858
2453947648
4194515120
3534088575
3118404629
4374630763
836917032
4344140494
2676854672
3500821055
3223942628
3548166228
3597081428
3392502245
4202371528
4219288703
unbounded
3548876712
2544122642
3654135657
2150140012
2693922845
4411912855
3011279925
481470276
3284026944
2955612585
783461643
1681318375
1676190051
unbounded
4453748922
3338145677
3469126887
2689705030
3996835796
3089449016
1963279456
4034473105
1631016363
4429212945
4289976254
4113030161
4346416819
5680047
3350272691
646624429
4241124174
1199542810
772629675
4030207982
1061422268
23445639
3869091100
3273436019
2528596971
4050727497
2170434335
3631552502
2288894121
4263129358
3528836276
1695750619
3376595388
unbounded
4415003964
3371560733
3346775359
2236814659
3276677339
2690856114
3298286645
2914484596
3238387513
4317293228
4468895665
4401676723
4479086822
4321005700
3398960120
3250061254
unbounded
3577592024
4282855946
4314572547
1079923016
3365521626
3526732457
4206444244
328042504
2291645609
664441497
516841793
3041640521
342732303
1897837316
2448737700
1188676590
3701061787
2572929610
3421013997
171086996
4463054164
2405208041
2436505736
3667965002
4437744598
3874336180
2373063481
3149858606
2479961886
4197290226
2889036452
2201343380
unbounded
3764617004
2494851746
3784464683
4401676723
2097439057
2957203011
4231718573
4157713204
3754332711
2503482615
3426062511
682598665
4056302425
127264486
4044822240
3613815695
2424832136
4491590390
2622691967
296752419
706079945
2001413965
2734037497
2485255948
3388749887
1791112373
3078632510
2870633530
4453748922
353827403
3473085000
3084400605
3329318172
2785757069
3677077527
4213751489
1070597594
3169689943
3011891802
3568759572
4055328134
2457392272
2873649442
1890885129
3347998301
2510719973
4479086822
3368684888
4276232293
4453748922
3133486352
4481488317
2988825834
4014453120
3358583835
3816122521
3787583451
2011319032
2880155319
1481538582
2151058469
2771210220
3616031324
1565938695
2076631731
700937122
unbounded
391065966
3968339705
3514295084
4361313620
2740089304
3209101398
3470999837
3385611650
unbounded
4157713204
2145936906
3910754636
4374630763
2429242574
996346782
4068750671
4096735515
525415065
2386811567
4098969374
1600283244
2600660922
2972198906
3977623604
974957697
3385621410
1170446516
3112536250
1806808161
3349813398
3309905657
2864855506
4350094786
4358912124
3894475253
2327762689
2537255525
2160224588
3706698577
1178320673
3999158930
3847470978
3757882159
1065475467
2994189358
2830045869
4389019550
2949394797
3730187996
3552683510
4314739970
1962519760
2969857036
4341466907
4479086822
unbounded
2566005984
unbounded
2985281766
2249579980
2108534205
3186314324
2919274149
4132466649
18765473
2684923589
2574243821
3588190162
4328304492
1054267311
3908659359
3307749976
1893820664
4159279451
3339968378
1064039900
4232790066
2371386467
2006011274
3969720431
3260512788
3357233742
3552875268
2162288599
4256853764
1060078739
3697785413
954967007
245618106
3714544654
2338378547
2654232137
4174982337
4389019550
3150728945
2652370575
3010007770
2868557026
2089021812
4154372045
4213751489
2807415533
4428128896
2800506699
3981264123
2186651569
2667595578
3813450105
3690508591
3464483934
4374722813
4035580754
3844399502
3945063238
2687323390
3147762336
2612339595
1613414701
3135627859
426138813
1853262695
2052389390
4104834057
3565509295
2653259660
2175716115
544711129
1657609139
1092366664
3336621453
1199833825
1605672739
3695417330
3258615705
3393269118
3712629089
3997853046
2957686990
4135043311
1687312363
3671301450
1502661553
3714960478
3265789040
4401676723
3794724194
4335885805
3066872196
3154764899
1907269859
4298020663
2490073382
4411912855
4268031745
2910783731
4231782144
1419840142
1534226229
1093001281
4374722813
4481399233
3603938401
1890205866
4128117618
2081449013
784081920
3830811885
2400427533
3180202825
4437744598
1356708190
2078137730
2026981935
2699271136
2170974231
396588847
2402384684
3996835796
3506215706
2628205056
3727048610
4069590378
3049515598
4411912855
3450266973
2525604835
4491590390
815818010
1753067070
1872814933
1106490845
2290158232
3964123984
3301890473
2812885766
3867871722
4118565016
3907567724
4114846250
4479086822
3599694196
3211927638
3758948939
1499444994
3880325554
4224926143
1906720953
3436656163
3673264383
3310210287
1838953789
3201069561
3425885128
2651702282
1024367725
1231274261
2260766427
3969893356
2039605672
3780613070
3109190086
3186765314
1027287536
3908075532
4358920387
1247562312
3047993297
3799275641
2591432746
4010174507
979539949
2182362330
1763037555
3859084188
2133699646
3194372477
2306247513
1568129460
2449628262
2117048291
4003272736
3085368555
4261302384
2096693453
3878695273
3165665116
3781327863
3279090631
3764617004
3021283554
4068975156
4406196279
1516933265
3882745302
3873439777
3685793647
4341466907
2055194359
4330744293
2166699417
3906825270
1406415019
4314572547
4235254408
3762846661
3556023950
3773734980
2782576213
2340537864
4358018791
3664164007
4178213727
3480353136
4263129358
1796014705
2961567864
1047808318
2329454230
3772287650
3051277772
3201659463
734658965
627533599
3764941434
3678484035
2726656568
3218541944
51115305
2443096825
3879911726
2109632737
3881081389
3914429659
3602608132
1788008280
unbounded
1840625999
3595268262
2400131943
876748550
1983971195
310148222
2912246579
3812091136
4301874315
2234561496
3270424303
1764386698
2310815291
3850671234
3159364637
4292614541
4056302425
4466252490
3563976585
unbounded
67984715
1599764681
4088021327
3906239284
2232912994
4240425264
2733017723
4429212945
3800360692
1717442721
4178213727
3330409949
3882441881
3073792959
1782086764
3432043764
902528565
911791899
4046111268
816785213
1830209595
3984355232
2138088766
4479086822
401141813
3866215289
3451945941
1139621689
3524628640
4346416819
383455983
2728962036
1043895788
1228491041
4370675964
3516586431
2220423761
2919419750
3442546629
1260978601
3968961068
4415625328
331665328
115324207
2237673025
3173428426
4144145305
3937895762
2690303322
2922585027
3808354878
3660967064
3457339935
4043721702
3854675299
3835672854
4381660303
4020495063
4377124309
4221305803
3501419487
1917466801
2541201130
3195977061
4336507169
4166671779
4326926573
4372084526
1858673790
2605580559
872572470
1594836163
3217099036
4312804030
1809872749
4197930578
3640847844
1490802679
2889756750
1836631583
2015510964
4350094786
2232602788
2288967420
1902687641
2508954288
4198954422
3871836800
891393377
4481488317
2072721840
3847470978
3410812840
3975982316
3698552297
4385672399
3294563342
2682346286
3247356324
2911940028
340052234
3313973831
1068699477
3120101871
502078309
1933903969
1657628954
2091404664
2169105760
155462258
3205827148
3879911726
2814954617
4140045708
1558114095
3467287152
3131825192
1245980644
1132142385
3642870813
2739484136
1890641107
3282720954
2988250657
2283062477
2738384523
2295761319
4115376053
3697017690
3664151847
4295604654
3652104620
3840489862
3883541662
4007958878
3693270061
4172747800
3432911035
2066953060
3582321088
4232149714
2774157123
3284988071
4030987235
3757230775
1600168575
3999158930
3531352421
1488455532
2252657720
3818344269
3489395600
2318296146
2692017553
744392597
3842564883
1403450532
3985491549
4113303764
1997353216
3653374377
3697785413
2181113014
4324406297
4263972842
4016261334
1476878313
918817633
4249802116
4481399233
662204997
2359577165
3461602150
4189597879
1497845001
4182543405
2767214983
3062164433
1308713384
unbounded
1727968264
3615246889
3297146966
2350936477
4234615604
1232342981
4084979480
4406196279
838079437
3110930195
4197290226
3111255743
4097898315
3672432732
4413208622
unbounded
2937010240
3385616870
1289465245
2548923511
2827183326
522715451
2796810909
1393315018
3633167629
3757882159
1394945886
1668862842
4452891341
2094043519
2162905448
919695249
3572100555
1052010260
3792883761
2647011340
3675644816
3696357081
3864448042
2067313298
3942883502
219210915
2991349476
3694542545
4232149714
3650544227
3543965387
4238570647
2812975512
2982299497
2355740992
3271057580
2608522603
2503258430
2741571896
unbounded
3886078435
2840437621
2324495435
2508541539
4328304492
4252466857
3170430021
2321196907
2896833114
4384588094
3401898511
1606373033
3205827148
2780755079
1709521593
2868397313
3530066953
1111317368
2331853669
1070173097
3988074283
3649660336
3915940877
4115877137
2433383021
3971613151
2870177316
4111072603
1426878337
1702100992
4308213699
3675903952
4246421080
2570888670
3378260001
2162048404
3730297408
2136241725
1784262975
4021148394
4078992456
3235067639
623955557
3137134919
4056165486
3460421803
2954633632
2098923889
3564612075
1572080110
1887792073
3358805072
2340537864
1678097991
3669022431
4141522498
2395925688
1222256382
2379457147
3849197251
3156617854
1987336489
4135335316
4109450992
3507626728
3966291219
792336001
3758438731
3333804810
4399968663
3688352044
3128870124
2380362355
2368606636
593947173
3252351014
4374722813
4481488317
2257542504
3892932635
1427263432
3650901256
1320701237
3871315203
3518587107
3621622498
2176877022
3908075532
1406395664
2704228810
3486806055
413112761
4034170203
3353087777
3865434095
3458361002
3096932714
1788141817
380443308
915550797
2327210334
3049286183
3653049376
2191376346
1563645029
3648630037
4422748162
2436710220
4453748922
2679279956
1568774126
2859953209
3675752747
2001202910
2903048695
3070394718
3250807148
1620644923
3222748492
1905799545
1789731797
838912008
1649359957
3724969259
3988293615
4448086062
2863043668
1901417422
2493345765
3335849971
2258472751
706762672
1957023707
1694738991
1003744174
3808385229
2602324590
3039032039
3610073829
1951830786
2077119004
1925739458
2573529089
802706183
4084788768
3846548942
3208112057
1553861451
1436380862
2828460270
4343722054
4437894905
1300307255
3467719621
4192117907
1029812118
2335364263
3467287152
4340958181
3228756516
3634992250
2739913286
3732393555
2157622101
1950463239
673664459
3996820463
122158067
3775774631
472371264
2539905513
2539361315
3683367685
4421343022
664335936
4358718490
3612932231
532302914
4188919581
3863906915
4084040970
2654893811
2643476398
3954396701
4280103186
1137986282
593588334
unbounded
1710551512
2820678563
3594176021
4035654497
3941545970
1285826475
2088133943
3491220902
unbounded
580287052
2099791343
3755903613
2613269765
547786899
4048111485
3658518866
2509755362
3314739461
1119754054
4481399233
3689523728
2681566156
3370579992
4017296737
3606668366
2425385158
502189672
3284683891
2478494609
2768063703
3190950215
2428432430
1520745567
560148718
1467476111
2959323955
2561939484
4160065620
1943716881
3647222020
3016926712
4424416423
869866061
4429212945
2291510002
4175351070
1902623382
3903017645
3530376970
3508229575
3845817623
2311763205
2672740466
1453750898
3751383594
4399968663
2931245545
3606163533
1795446127
3123603107
3928120641
2292675882
3969852414
3179834737
3905799207
4233476116
2983714397
2106517878
3346775359
4322558564
unbounded
3796182673
3310210287
3358669038
3940480268
3094578627
4214455891
3354216559
3646638193
1679014040
4145926214
4385143943
2981174074
3703845379
2558295428
4384467194
4468895665
2941834441
1211022445
4034473105
3263480822
2740198800
2649811761
4385672399
4479086822
2789251258
4031605675
unbounded
378717072
2717445046
4090159145
1489644468
3975982316
3705998809
3050420344
3235882867
3674070143
3859558511
1482986596
701322124
526730809
1765836799
3982233516
4079967988
2913219949
4241798897
2763700217
unbounded
4066696890
2899980970
4453748922
2339736137
3811844524
2823660824
2100004873
3818866708
1192203509
3591355246
3475942153
3877578805
1932813040
1877331651
2122762773
1781980633
1225118023
808235563
4219788919
2438680241
721546964
4264163159
1861916446
2769050218
3063708390
912728472
3235477807
3933123674
2188294016
988488592
3582026095
3803315684
2014213311
3807224471
1883691020
2564636855
4048919464
3171013847
1000202108
3607584094
925499902
1519019953
3842644646
3492462320
1065656793
4263750721
1958801250
1071041323
2989771402
2031464312
3098911736
3402696485
4452891341
1854194032
4348310506
3941545970
2476136562
3522944104
4189544960
3754892245
3354604983
3184047999
1243253431
4110689008
unbounded
3011991875
4036172731
3366920658
2592384083
3862493115
3902951495
3347069973
2289738557
337787279
2269118224
2208931414
480891242
4232149714
3413760266
3111164963
3891186192
2436626995
1604750160
3554186659
4241734029
2724980041
825233095
3515370094
2322492566
1939097886
1848140766
3632098796
2614982933
1228970190
2273881157
2738863134
4355930968
2217805202
3195837837
4343722054
2792594550
4359129294
3527610338
1604059924
2308058436
4406196279
2433376098
1547014345
2281973025
3402581422
3058450664
4414180291
737552436
4344140494
3568995273
3760357103
3448660950
620135463
297662306
1657150647
2876324777
2875140966
2985195926
2242773777
unbounded
2719497164
3895594968
2884434769
3880325554
1378829176
2295590319
4481399233
3831604975
3445947154
3853542163
3966235153
1911746035
3019402703
1740315297
1347147432
585874657
1750784613
4069833975
unbounded
4479086822
2911274689
3184696293
2184794236
1582533661
1407231585
4468895665
3218114797
3832642617
3572975796
3146090292
2817064984
3710686630
1961866524
3887786778
unbounded
1847981507
2526519966
3784251305
1131968156
4276232293
4345909010
1019079585
3881841108
4220891302
2720688629
3682478542
3916805146
4181908268
4358912124
2903074547
3698184073
2747704824
3719590395
2182894909
3677994550
4355954616
4202479166
2661983882
985134677
4010174507
3814120849
3633167629
2155382837
209507487
831895666
2461454574
3282081589
4047014923
2201153374
4453748922
3288360743
607742314
4123679699
3316208010
3462980635
3058630311
982229559
1304472310
1967136140
3597002071
4148335099
3127862643
2636870245
4286468426
396939927
3412276342
4246421080
1913528414
4364360212
1373178355
unbounded
3295660997
3660121538
3079085190
3449258157
2400716003
3603037191
2025223555
3721051978
2183211271
2818244082
3079713669
4491590390
1688946909
2347193546
2130450742
unbounded
4092983832
3569642698
4036942652
2443672854
3696861728
149260198
2727517590
2481497763
1893123071
2967813513
1201006372
3358805072
3553795207
3072167332
1197759670
1538975334
3452550628
3117909746
3988485884
4411912855
1974304559
1646491057
621023944
3747075540
880509889
3409910249
3661590924
3624070911
1445878538
2135639597
4209367366
3741133235
2353296058
2377731625
3733711681
3102318298
2321087787
4031218134
1859370249
3401091130
3996835796
2833282733
3985017131
3568995273
2900352907
3881761399
4144014606
4088494184
151034999
4026076288
1466909151
1346660226
3402581422
3293914832
3757034761
4468895665
2913005015
2668809090
3991076993
2638970643
3489695624
1558064220
2782138805
3615246889
3984904254
2835124232
815679808
2929843166
3364769838
3360837876
2134178672
322817694
4415625328
2612913242
3428469582
3820087816
22871913
2374133146
3099239764
629682193
3675878684
3636315520
4241124174
4078431214
4189544960
4370675964
675463493
4003762693
788574916
3026684790
3286304789
3024305326
1869676023
4174341985
4257676057
3583538762
3331220248
2281709147
3489816607
2625227333
3623117231
3449185357
4038157940
3854675299
4107110382
3302093500
2184221460
1825557733
4308213699
4084979480
3650944040
3238115088
2938543506
4115926729
2913219949
unbounded
3279894798
2895869306
4364360212
1877331651
2369844364
2604471597
2390023010
3756963163
3636049317
3847470978
1194827081
2843010890
2782913246
3516586431
1525475144
1287038096
1284829113
3840159038
42782533
4422813942
1942779715
2208548890
2798794660
3068969457
1743725943
3683039443
4090159145
843119393
4448086062
2169454653
1119058464
621206334
3346717708
2709436077
1410056289
2176601475
4335885805
3606562597
3899819279
4014885490
2854583630
2250337381
3026708576
3792225846
2040621365
3159422678
4317021058
4398999640
4164355572
3402647444
4401676723
unbounded
4322558564
1993505661
3642870813
2458530978
3210803656
1347982632
4481399233
3442681516
4139954949
3205827148
4320384337
2786255770
4401523118
1842429312
3205827148
3408452546
142330200
3879071632
2991150641
4166806517
1723442197
759877896
3220273720
4021148394
2344557501
1950706226
2917188185
3930773667
1385804485
unbounded
4071194094
4303624289
3689620050
3776305016
4415003964
1614548882
4491590390
1745681248
3850671234
1868249807
286775841
2958427299
2830045869
4334321282
4289652873
2831150303
2804790510
871540174
4359129294
2848251465
3707684435
2715049762
2562760304
3047098122
3552869436
3319070141
4491590390
4158332979
100793291
4290180898
2402670884
2996866460
2559098359
3656959579
3562745987
2271039738
539627865
4372084526
707500107
4059254581
773757661
4343478457
2743230752
2073387262
2571297983
366861835
3930773667
4366738124
4088364806
2245913930
548337786
2905298269
1764558262
4358920387
3040187194
3088708026
720255358
617341446
2727946380
4138680468
1537990447
3620767831
unbounded
1839597438
3012903295
3443040746
4236563827
3919949223
3083462676
2706746283
2518127508
3359092712
411651488
1604563009
3601811788
3429195387
1237302626
3265789040
1951612981
1832567681
2826512634
2910216349
unbounded
3419010050
3903749088
3818866708
4450550596
3621389194
760318981
4144936779
3510732345
2875584276
3896952062
1940391050
3202274834
1306194749
3910295373
3322418332
3857568750
2070381503
2133922269
1166311089
2606123334
2205388448
3113404967
2703807601
4481399233
2996954646
3012903295
4051543116
unbounded
3215772051
3812823966
4196492010
3968422864
2983147204
731268049
4078936165
3978658997
2961372606
2983147204
2446712138
3987568141
4389019550
2654893811
3027384077
752517981
2999522821
4066696890
3534028253
4091437857
3075730006
735915882
2003768413
2755387005
3604537281
4093462276
160302596
3288943897
1749642774
2959747085
3956772813
2562316902
3996746188
2707752431
1628784132
4422748162
1249911288
2693578072
4427507532
2893959241
3171132626
3129396345
3183791530
1097771932
4389019550
4115926729
2009925711
3354988547
3996835796
4006181424
2213808522
3842794879
149519295
4369827417
4103283875
4401676723
3791892251
1128544421
798814328
2450258990
3971522399
4327911365
2352459232
1793747389
1601698934
3599581280
3525746849
1247653355
3153484533
2159231553
4113303764
2511000025
3000275664
2414082588
3813536605
3419928197
2104438997
1540330803
428388775
2987707105
3721023146
3845402454
2287061592
2782280403
4283205979
4112236983
1552311214
3995679407
4179159529
4071159681
4468895665
2917963459
unbounded
3454597829
3430343484
4231782144
2081011919
4479086822
689241881
3002209839
729614704
2370470604
3285782398
3985795137
3158112693
3340011904
3223169132
3610306601
2264080420
2272126352
2749597639
1474177786
2765821459
3515237959
2982454106
4372084526
689176706
4359129294
1789466355
1253780746
3610306601
2402785950
1752605222
4324531883
4298020663
4384003205
150567040
3712193737
904079441
2214419031
1935140712
4343722054
1904370141
2408815216
3499108647
1785779342
3572992292
unbounded
2385581414
3734591164
2128281573
4252466857
2322438634
3847203690
1317643302
1036409447
4332794696
3098041383
4042232050
2812909942
2556149404
3623284825
3796793307
4042232050
113932378
3375665529
3215221193
3109975610
2066479948
4346416819
2273689481
3755402826
3218514026
1431901153
2343510294
184552689
2643538972
2225442367
3328832484
930032126
1064192831
4149401879
4011746505
3281216551
3746166623
2554695599
2184422519
4150406967
2836773306
419016483
3227151890
1839179569
3811867337
1337639243
1820710502
648399588
2852832196
150980161
2334662784
3478854860
2433006938
34309974
3930767472
86547397
597501815
4332794696
851858391
3765241190
1999178608
3409458551
2769486864
1147626083
1627482474
3764739088
1962249868
4140045708
2526835136
2554584933
1637505743
2897936628
3767643408
3525495206
3028022354
1527016021
430791002
3879450608
3187352298
2434486956
3847470978
3330249394
925357778
4220891302
3734517674
4398212186
2573529089
1542747496
3490190933
4389019550
2841796253
2991973364
4334321282
4348310506
2487875125
2188711463
713082537
1142992950
4298528472
3366329101
4299407830
3372514883
4249278384
3425242618
1859868089
1028325513
566167049
3236820115
2393002932
2186212925
3804588695
4209501387
1109414182
1704021937
4192117907
2005030458
1968243141
2052607081
3019561606
3024808319
unbounded
4330744293
711169569
2548621351
2311243443
2605106060
2315190444
191130796
4274474786
2178629690
3936966770
2021064140
4236563827
3122525974
4453748922
4240181667
4466252490
3677216238
3967602343
4327170170
3068969457
1606503425
618967008
3956554645
3257593587
3807278860
4084979480
2738988853
3898931458
3404999640
2239239398
3233902299
1916282134
3173961417
3098070572
3448500138
4414180291
3033204864
2827574711
4298715902
2676854672
1966610033
4289976254
3736584525
4295179231
744523716
4041054150
2989368237
3365262320
910338411
4263972842
2231409395
4187485905
3847290185
2142570189
3806125479
2537242682
2605391233
3548876712
2083370673
2611993961
3410708811
3209887223
3303794303
3852221715
546701740
2631703896
1558377502
3864098905
2910083043
2743075280
3475026948
3706698577
2222034397
3462869931
365792711
1006946467
1294109067
665390352
3929812430
2750735542
4231256363
2089243052
3866760630
3489741857
3391579792
2296619756
4247290883
1807285132
3623408715
1634615919
3814792548
1266329859
3986846610
2948949127
3899085318
2867156951
unbounded
1042872283
1257763111
3066223432
4341466907
2565654593
930739697
3472206615
unbounded
3183468707
2326930963
580471834
4374479216
3098454926
2812415081
1931737428
2967648687
2943340337
2776936527
4294399922
2603556517
2797358806
4327170170
4301874315
1945447050
1742805139
3755903613
4131001385
857316769
3666326511
15278989
4091787890
3636703401
3935424284
3955765691
3639542196
559283627
3510401501
4000083585
3518757817
1243829948
2167807542
2056115652
2479038436
4113030161
3323324150
2238489110
2118596176
3968422864
2069613645
3448811049
1861334563
unbounded
3229367647
3795488969
2156160860
357149593
3181469188
1796069125
3892403007
2402785950
3599640358
4481399233
4007208387
4279465843
1480776572
621118494
1019407823
4374479216
3866215289
3642021964
3901566920
230107219
811960755
1744786065
4346416819
3516586431
3635179682
3094466383
3724087600
1459939108
3664876087
3650944040
3133486371
2587219598
3845927578
3480332608
4382742448
3960436698
unbounded
3234656261
2250826684
3127979859
4479086822
33436398
1028931588
2257570818
2980402627
2699228018
2893189733
2720769848
1240870241
3935766480
4453748922
2076631731
3877634858
2236263104
171614681
3049907509
2017145562
2419801046
unbounded
906007239
4068975156
2034498991
1099311809
2403907733
4263972842
4169656691
4424416423
1671201463
2445541348
3879450608
4102635984
3728719286
793813784
1943633742
3908151550
2924381646
1968266767
853155288
3764585383
4241124174
1086229677
3308371340
2481681582
1706743652
4343478457
3584741949
2479377109
3013165013
2809368238
3120185890
2632254416
4384588094
3777253439
4192162331
1792488809
4331094326
1789557051
635373499
4345909010
1967109367
824126775
2928141182
3636315520
3904065036
2989760593
1550580665
4118968246
3892989841
1107733656
3405498855
1664732918
1833738837
4059254581
2980917804
4273378002
999494028
2728096542
2539871398
4295604654
644044822
4401676723
1753125071
3803175346
3503181062
1977911649
3691490850
3875931117
2929840674
4356080203
3910318951
4289012521
3533654912
1742774678
3887786778
3590133569
4290180898
2086746621
3109190086
2486377700
3480332608
4437894905
3387383876
3548780500
4288524745
2277248577
839297123
3322143927
3413053394
3873312895
2182553485
2600932830
2822007468
3906239284
3096344838
4037091132
4289012521
3590927902
2786325184
4194351894
4208459369
3378395747
3307749976
3419838289
4367451321
2799126803
unbounded
3033204864
3718694405
2554858079
3227856583
1907874327
4317293228
2544122642
2362182681
1861365252
4194351894
1645656379
1126715941
1645631755
3993814771
3465110360
3759696805
2193153457
3057937430
2564986888
3486806055
3120185890
3097762227
1203183251
1742780338
4406196279
960479577
2455826549
3544085421
847287211
3343071395
3102976579
2067208256
3055726220
1740095031
2903372368
4019531084
3832306261
2207709683
2072040720
1080680027
4422748162
4374722813
2276405240
3159241818
2691091058
3272360033
3568995273
4115877137
3805337349
3898931458
1186053628
2218879324
4411912855
3293685923
89315998
3088075505
3531223426
3419010050
3384412669
2358095791
2054737061
3158380364
564640126
3000518235
3240069112
2112933546
515813988
1853882779
4491590390
3403416273
3795519468
3532589216
926599120
3448457482
4491590390
3293914832
3337319114
2614582680
3710936326
2468936363
2060071511
1881991497
4015485767
1411634935
4406196279
1778823601
3685887619
242176700
2789233947
2047155253
2287365905
1467334540
2297859834
2377599662
2258936542
3687425341
3257827665
4348818314
293962965
2989771402
4328304492
3446003572
2927290257
4368072685
308427245
842209430
3331646249
3219738931
4016888592
3163603773
2494955344
587636982
2832035058
3857421771
3007454063
2466469422
3675903952
746394797
532592252
1977621009
4139314597
3044914327
4468895665
4154372045
4031381996
4164886982
1314909606
2222355338
2636464141
1917547657
4466252490
2307466369
4374276037
3068969457
2209942341
2829052311
4005253314
36515404
1162992897
4067085351
679217773
3559983607
3566991055
3828828290
3790442525
4135437770
1237804615
4083479727
1902542063
3060076209
unbounded
3978383812
4401676723
3831901142
3143469511
4290180898
3199525964
4167345251
3228853493
3745891563
1824488880
3065729315
1392460165
2439232121
3599680259
4422748162
1457673864
3987114620
3677574408
1488828970
2919102191
3408650311
1843539798
3863523589
1132167482
3401572253
3555996205
3809628059
4450550596
3787589725
2903372368
3869872412
3997853046
3687553856
2958482575
2095105050
2908156601
4401676723
2989842657
4180219122
1895899675
3337396912
725274875
1719771859
3251595341
1923745920
2633227150
1758940020
4463082498
3430738825
3636049317
4167345251
1505192939
3608910485
3172458798
1229470113
4307057095
3203060769
4374479216
2077466580
3673920627
1360160155
922216223
4020177639
2551157119
3511002598
3270533887
1936286715
1922123221
2355716932
2272158209
2195633915
3628048001
4479086822
1627455897
3285316098
3032112675
1971624218
541673564
3207240131
3659928568
3410327657
4491590390
2230822371
3898931458
3043936302
3133486352
767561235
3848032220
1840196195
938411562
3350708208
3518082831
3905741717
2358076435
113809063
1893045356
2439068835
2912416029
246467217
3658518866
4164571525
4320384337
3709480052
1994188272
873151154
4182543405
2074662192
2504526146
2138440866
2818761871
4335885805
4056818787
1607952610
4411912855
4330744293
728003852
2502454538
1568757074
3360609738
4144936779
4154372045
2609521918
3397147231
2167526741
1100544942
2119917161
2950127864
968766844
2112899454
604994637
3367592712
3552464117
1409309394
2903811624
1379896669
176504372
4002211589
3704640138
3065104649
1604750160
1801087094
1676389070
4415003964
4255623825
3569807445
1594636621
4402997953
3683397560
3073913522
3306035673
1239536002
3333316266
2707777978
2853837446
2561313464
3556853608
811110722
4255623825
2229137245
2509094834
698636592
4411912855
2357444146
3524231956
1281780938
4453748922
1028599066
3995204649
4453748922
1560040722
2375835798
4264163159
2027714924
3515237959
3737159999
3508554322
4374630763
3980355978
4048058051
3811653697
3985338834
3632759795
3915486092
3589135429
1381793049
754607089
4002535503
1614780342
2815793945
4255887035
4035410900
3951938417
3628509696
2818261803
2824292844
3532230911
1860992641
2428432430
2595402331
3831901142
2704637514
2676654164
3250937536
3930773667
3925847352
4152043656
4343478457
3672432732
2396479561
2518127508
1845879028
4343451235
339509174
2619786962
3525092751
3384894453
4155971820
3516899054
1683202707
3577621387
4114997062
unbounded
2637842358
458476033
69746082
3518587107
3632759795
2548571733
1035389169
4024383488
2712002390
4406196279
2836726177
4411912855
3923304318
1882995791
2943759481
2159241009
3676447648
4395908531
1270253388
3647222020
1511456500
1674329928
2537753635
3977912990
4468895665
214958057
2325427592
693450284
4158337661
123873872
886378384
2383047645
2646530104
2242329547
1317268487
3353087777
3865434095
4334321282
3622790214
3805646427
1626424219
1500611601
3951938417
4343478457
2704946685
4479086822
479373355
3209743244
4227817066
3035769986
3833603232
2839440841
1768500734
4374722813
4327911365
3157207264
4437894905
4162213180
4295179231
3607736964
3820087816
2985281766
3471545915
4158337661
4453748922
4144145305
unbounded
3948429150
3692076523
1652318151
4200813251
4399968663
2059615109
3038813997
2538649692
2446166512
3165303247
1558540369
3385961367
2769710696
1171538883
1181933985
2471651987
3842888243
4326926573
4181285902
3019771378
3687425341
3984989955
2151034441
2196944488
3803175346
3878695273
3593810659
3336390835
2631703896
2846170930
4257298018
1648053584
3037289988
531304783
10899721
817379846
3571737914
3228853493
3309513305
1544817766
1663491580
3806125479
2448194114
2527640084
2108247522
4088021327
4084788768
3238387513
700117519
4067085351
2553429552
2983622702
2266980593
3125056722
4039292731
2651070404
3165557182
2679432930
3955874345
3269014969
3399887713
916127902
1840516661
4003762693
4150406967
2760943731
3728333133
3088935936
3301838563
2191037544
4202688880
783349746
2725039192
unbounded
3509366374
1866387029
3938386298
2944725540
774782824
4154521463
3764996452
3945481684
3638687604
4306956989
3587846816
900365268
2094060200
3650901256
4139314597
2662866184
4126596008
3968339705
3238387513
4099664922
2795464294
1283893306
2416807041
2054018347
4039826666
2455826549
2771210220
958023349
3940128089
4415625328
3910754636
1428763041
4330744293
4374479216
1750159031
1130742791
3089449016
2372594749
837759361
3613812149
2823749236
3920906434
957986266
3392502245
765377618
3932615835
2641929827
3243006156
2797090550
3180484672
4022512645
3147743342
2195541976
3744154914
1743326768
1594322654
3025964873
3733111104
3236820115
3835331566
3906231495
3800160376
3469126887
3139288284
4011044777
3178719935
2371800728
2392419105
1921625236
4160101496
3983508555
4183017776
2540374905
3136593643
2285114965
3735355907
4266339143
3684275502
3924157591
1725994846
3491014627
4359129294
4021534725
3217058714
2349370667
1455564195
3541824911
4064612685
501299846
2268504744
1931617165
3425637879
2514629380
700304679
2581093431
3635447387
2900537907
1649987503
2529968848
4178951227
3836171115
3500281112
2109093740
2784452319
2759866805
4074285203
3021545196
3558917620
4246928888
4389777506
4374630763
3846901911
3344861148
1480306243
2118596176
2431389884
2764971150
1894507812
3598952027
254517590
1797040309
3286304789
2274225835
3832642617
1292851377
3015461039
1780579548
1720609869
4085045757
4289012521
4327170170
3433383146
3825403621
1784893886
246589584
4270969305
3823637351
2766541769
1317213462
510364410
4491590390
3402600027
3721511053
4084979480
4261922548
2255081947
4301874315
2259259110
2795750748
4314572547
4453748922
3845817623
2488579945
2216430578
1929035287
842801365
3887361182
2832955412
4453748922
258457469
4154372045
3737823195
3765801451
4234615604
223485334
3425857734
663932707
3820087816
4167345251
4491590390
4367451321
72962576
1599246193
2478024711
2468150592
2065048852
3642021964
1990947806
3872962577
416639441
3584741949
3771220869
2874675256
2211264495
3788803347
2857583548
2597079292
3439982524
939739730
1038002610
4404078218
2982817433
2921062169
1160179229
2391310422
2330024148
1847341152
4195870646
3851741363
1481649414
4101600391
3623435796
4086370454
3907567724
2631403357
1676263533
4374722813
3422440827
2553237233
2692422347
3997134645
unbounded
3362183131
unbounded
3250299340
3368843402
3935766480
1282453503
3337873191
3846055006
3599088281
3229367647
2240258524
1095177989
2695399117
2676838698
2863338756
1977294452
1054347767
3573961455
1530107925
4315920092
3058450664
3665664659
3742675133
2905363742
427880363
4335885805
4406196279
unbounded
3705998809
3433100599
2283182803
2119917161
4044507617
2258417073
2091324948
3937550473
1053438511
285175946
3648106433
4491590390
4261922548
3606429370
3356694470
3449282313
3975982316
4037091132
4320384337
2834496452
2982299497
937997523
2777028251
4155589495
3877810099
16029011
3675142818
4463082498
1602643370
767405747
3192317039
2886210004
1403103178
2110786016
1861619965
3716825248
2679244049
3303630563
3021358550
4083479727
3753265931
3880014609
4466252490
2558670584
2942866280
4428128896
4328304492
3020946431
815741918
3321958957
1699695762
2686082807
2797845933
1440860709
2086687716
3105171214
2352702762
4075302936
1536208103
4401676723
3023850464
-7886798
3049515598
3288439182
3396456624
1583218847
3640847844
3374806757
4237786977
2853048543
4123967505
3074588837
3408893908
4148335099
2373689287
4320384337
4401676723
2508419833
3642021964
1855385559
1985662983
1308431686
2938663926
3580930527
3067572288
743438839
438496695
4074906567
1793295075
3671301450
4330412495
3147762336
3903944899
2394631984
4064488993
4126453638
3190697789
4466252490
2454148948
424806737
3903459304
3069326221
870269763
4138680468
1859124065
3912037753
2003133529
4324531883
unbounded
352490707
2611801528
2114300158
1073524346
2132505758
2990087636
3010960012
2928664534
3119776541
3514722824
2949394797
3310210287
797675761
2501839013
2815793945
272910410
1408670487
4235254408
2022435025
2914028294
1189817685
3996847265
3572975796
unbounded
4059301419
4184261367
2331219811
3970851382
482866726
3209887223
3817389832
unbounded
3481845864
unbounded
1729395753
3974776423
3573814029
2847081425
2887463424
4227817066
2184529243
3615708303
3154594297
2949787471
3688043870
711515687
1727260159
4142318703
2352702762
4415625328
2611150214
3617430121
unbounded
2298823716
4216145390
2819117632
4035580754
2886444219
3756981463
4481399233
1944522408
2369608529
1692959403
3931066832
943444373
4148335099
2751172816
3684360517
1348974796
2627413014
282215754
3668515658
2385581414
619376233
3908712793
2546429833
3053311246
4346416819
2165862028
1174222508
3553771274
3806043173
3417943269
3984989955
62204440
2476623221
3188386123
1122055338
3582924340
2739913286
2579478899
1812668121
3499908381
4139314597
4468895665
3912524584
3661923113
3584802981
1544463645
2427979809
2340537864
4056302425
2893338941
1521305030
4422748162
3768704166
4000993017
2826470592
4387226381
3725501314
3862933353
4374630763
946822276
2582258296
623273835
3691490850
4415625328
179878917
3518587107
3710771594
2329169220
2338684599
2203602141
3992219568
1250139489
3044781602
3773752679
2761722135
940637630
2291645609
3953654111
2267760023
2122087428
2390635257
3621800303
2957686990
441274350
3262847251
3787939758
3626577311
2431048102
3115890653
1377309667
1849556547
3555230751
3527389160
3276259824
2556977738
3979573379
2999641085
4050727497
