6929
4971
1928
7916
5122
2604
5781
9779
8855
4216
7681
7808
2175
2415
1805
1678
6235
2228
5301
7314
4973
5967
4926
4482
5286
1492
5659
4180
6908
7045
5102
4472
3145
6424
2125
7283
7233
6351
8777
5993
3410
1201
8205
9573
3537
4585
6073
1979
7301
3314
5180
5869
7781
6200
3882
9567
2798
8748
3634
2417
1973
7695
1326
2888
5301
6232
2642
3666
6457
3237
7548
7976
4139
2699
5133
8166
1782
5240
5286
3577
7162
5254
6519
7155
2801
1370
8776
2722
2444
8253
2079
5106
5686
1950
6549
4754
4723
3458
4610
1303
6505
9084
10086
2135
1720
3791
7317
4061
2752
3754
3385
4880
1856
5327
3253
6965
5525
6346
2784
6968
5686
3701
10028
9858
3924
2361
8290
3109
6523
4932
7692
5553
6147
1994
2878
7563
2543
6623
4283
9621
2855
2057
8705
1461
5798
3729
7276
5315
2096
10010
2248
1922
6103
4265
3032
8264
7537
2438
7081
4337
5274
3874
7492
6442
5423
4624
8108
7713
1854
8564
3512
2091
2444
1861
7091
2650
5685
5092
5532
3890
7890
6856
8409
2381
5957
5926
3560
5089
7255
2695
2093
6311
7390
1984
1056
2191
8690
7751
9064
4621
4933
2894
7352
