15779
19542
5801
3466
17136
5740
13783
8819
4747
15357
6382
6052
4458
9799
3724
8836
4981
3013
13624
5662
12323
3617
4635
6422
4737
11933
5105
4888
18924
11524
13087
6083
13349
11471
3799
9860
14994
8894
15879
19361
5495
4712
9782
5348
9437
14361
13488
4338
2890
11162
13311
6950
4245
7553
3340
11645
4098
4126
7306
9446
3936
10980
5149
16237
10999
3337
6052
11897
8442
15048
12752
5298
3201
12619
3392
13820
5492
4056
9790
16041
13378
6114
8160
13804
14596
11439
4171
3347
10659
5049
11658
18588
15557
12691
12950
13294
3441
6247
3993
5921
5905
4825
11060
14298
5826
4259
11900
3174
15940
8142
5797
3681
7566
5685
3935
6582
11078
18533
3491
1972
5915
12761
10883
2906
3300
9297
3517
3535
10741
9346
12880
3441
6302
18221
5591
