9
4
1167
4
1116
5
11177
8
11111189
7
1116789
149
11111111111111111111111111111111111111111111111111111111111111111111111111111111111111111111111111166666666666666666666666666666666666666666666666666
198
111111111111111111111111111111111111111111111111111111111111111111111111111111111111111111111111117777777777777777777777777777777777777777777777777777777777777777777777777777777777777777777777777777
299
11111111111111111111111111111111111111111111111111111111111111111111111111111111111111111111111111188888888888888888888888888888888888888888888888888888888888888888888888888888888888888888888888888888888888888888888888888888888888888888888888888888888888888888888888888888888888888888888888888888888
178
1111111111111111111111111111111111111111111111111111111111111111111111111111111111111111111111111167896789678967896789678967896789678967896789678967896789678967896789678967896789
