1000 1000
451 841 922 186 357 835 361 723 139 943 772 324 914 131 232 423 327 487 934 138 235 728 606 85 997 20 117 694 645 375 247 884 431 963 595 800 828 859 320 642 408 183 177 414 613 449 26 534 648 17 52 258 966 992 517 396 940 340 608 545 937 147 877 429 265 87 209 453 245 632 756 61 98 566 509 503 168 212 579 995 435 544 259 611 425 217 220 523 292 794 469 59 799 556 111 318 909 528 925 353 707 984 823 290 252 743 106 465 625 540 744 697 696 533 250 349 789 793 550 471 725 116 871 915 604 806 662 867 908 993 731 711 851 144 47 356 296 814 689 942 738 975 930 354 80 654 646 397 416 374 230 784 740 885 636 999 838 659 574 169 978 741 81 331 522 298 634 306 309 426 27 671 588 132 40 325 624 392 33 961 568 233 939 485 895 91 931 507 352 107 101 108 347 709 372 120 246 716 337 592 676 583 185 863 176 278 269 146 330 497 482 818 70 701 55 609 801 848 596 508 379 920 164 843 906 525 395 460 142 415 445 947 280 333 623 760 39 644 251 724 532 842 726 510 598 765 865 706 699 878 267 761 805 67 156 28 272 658 754 767 855 770 677 964 359 980 954 488 262 868 103 668 795 622 463 383 539 413 189 785 637 764 114 559 4 225 839 15 343 205 783 749 113 846 455 433 468 48 492 788 215 264 7 956 141 991 301 403 145 572 288 704 387 929 837 377 95 935 590 921 836 672 912 231 210 869 582 236 160 819 826 917 275 373 422 308 685 334 440 827 635 759 905 702 109 83 688 742 911 693 459 319 406 388 562 122 601 1000 336 902 441 420 891 516 833 270 971 362 137 283 276 191 896 994 655 589 68 268 619 679 84 443 732 286 411 277 382 633 771 90 687 303 398 89 248 737 21 513 615 957 274 254 257 847 953 123 882 791 854 407 305 437 792 612 607 174 541 134 299 457 188 118 715 199 950 700 796 657 194 886 751 565 38 338 29 394 892 227 495 461 317 126 102 763 364 810 653 945 564 536 927 9 977 404 96 816 970 358 538 830 311 901 480 718 3 371 941 315 363 204 664 524 967 322 313 501 831 573 988 603 577 53 224 652 755 37 6 748 555 727 369 211 312 350 13 860 962 569 335 287 97 57 933 780 753 150 206 219 94 148 673 897 34 880 660 649 857 618 190 241 76 41 512 483 887 893 242 639 717 222 703 229 746 641 736 285 8 410 74 329 531 708 713 803 629 43 631 548 875 518 427 944 710 691 124 684 368 367 916 876 180 870 734 578 496 421 207 498 591 776 44 585 14 786 500 650 698 10 175 110 307 682 412 158 46 5 987 491 260 714 973 768 808 162 195 32 535 647 266 651 790 621 446 597 494 802 593 355 552 874 844 972 883 400 438 903 321 310 428 256 314 554 88 323 99 787 890 239 30 42 575 505 384 586 881 18 686 825 873 804 834 739 58 529 261 563 866 519 66 766 2 486 976 50 958 348 527 430 454 216 616 351 775 297 849 872 526 493 344 546 393 302 990 965 669 858 339 390 93 923 617 100 417 581 291 774 196 197 692 515 478 173 36 680 86 436 424 560 249 326 56 817 640 856 104 77 946 135 79 452 157 444 380 181 24 304 547 511 419 473 584 271 75 809 479 121 244 557 316 675 328 11 683 165 919 762 773 332 447 813 228 466 549 154 665 115 243 23 73 19 484 218 542 745 289 184 750 626 570 179 981 149 747 722 477 924 894 968 663 558 798 399 952 986 238 385 273 821 996 155 926 656 470 982 282 300 65 182 822 240 502 504 567 167 201 198 888 284 253 62 720 782 237 797 506 576 614 293 341 514 192 439 537 985 450 667 643 64 389 949 346 172 918 401 360 143 166 602 405 729 72 938 234 187 543 850 948 979 832 960 365 638 600 49 105 386 695 690 779 861 840 757 898 998 778 60 442 587 208 22 820 928 370 402 35 71 221 92 719 490 630 51 899 900 25 551 464 521 862 476 378 853 223 594 226 409 936 910 366 807 127 448 605 932 989 864 171 376 620 815 475 829 213 432 140 969 879 670 295 163 125 959 730 281 12 752 758 628 82 345 458 824 712 69 610 681 78 467 152 812 769 735 381 845 983 178 161 627 418 666 553 193 45 974 955 153 889 63 733 661 705 119 913 128 530 342 203 170 580 777 214 456 159 781 520 904 263 561 811 16 54 279 599 200 481 499 294 133 721 571 951 472 391 129 434 489 130 202 907 474 674 1 462 151 31 678 136 852 255 112
760 484 8 482 999 850 723 655 690 98 464 456 178 155 702 529 978 292 826 205 744 884 463 156 62 911 703 701 712 333 663 414 798 373 85 633 952 704 261 144 585 146 922 876 68 387 339 120 258 443 924 145 41 494 450 719 393 586 980 665 239 838 736 24 835 371 977 822 537 606 983 871 479 291 686 584 366 531 546 629 337 524 374 914 500 442 523 55 421 997 392 810 559 949 478 47 187 862 545 897 59 996 126 827 881 692 750 582 510 913 104 538 599 571 925 645 7 281 274 32 408 246 214 133 902 944 916 535 557 235 790 895 60 330 412 171 215 754 481 941 764 998 351 644 147 576 95 601 833 972 161 363 641 502 216 331 610 743 825 513 342 78 444 720 536 201 320 86 129 434 179 322 817 54 874 873 765 273 137 229 402 886 20 767 846 868 673 678 824 149 988 622 245 398 238 843 309 521 501 746 517 836 656 82 910 349 454 879 865 202 751 401 17 353 909 430 42 66 437 623 460 193 820 828 487 51 26 341 617 236 569 589 636 877 668 931 348 587 81 901 180 974 727 453 25 225 364 163 469 499 168 583 16 602 249 58 122 782 308 132 3 432 352 227 627 801 769 390 643 819 435 275 496 88 967 278 92 515 505 734 558 71 151 181 511 604 57 5 338 336 438 172 319 722 715 543 880 143 680 648 97 774 800 305 989 385 676 269 347 370 302 212 624 457 507 174 411 992 661 497 773 332 858 640 111 823 90 350 64 733 234 268 420 747 254 522 407 395 175 687 737 362 776 192 963 821 154 748 520 968 70 682 856 728 893 109 204 343 313 912 711 730 335 898 637 67 984 360 49 962 739 994 380 150 384 207 973 310 221 440 466 44 906 942 423 38 896 298 920 956 29 647 359 465 182 918 950 597 959 270 37 22 573 297 560 472 289 816 562 376 982 689 307 532 981 386 296 619 445 233 36 975 658 6 547 279 738 74 400 525 755 87 139 552 705 318 272 565 21 185 961 340 979 795 549 446 10 671 105 794 468 413 860 753 840 519 266 33 27 976 970 471 189 176 369 166 964 102 306 334 230 101 433 301 280 889 652 396 325 388 853 717 237 45 837 915 540 935 389 659 287 165 232 818 766 814 167 542 713 700 904 240 943 4 117 878 284 191 788 987 693 632 142 383 986 157 603 476 608 250 786 508 615 242 851 792 793 177 118 805 213 697 329 173 965 614 477 951 99 121 864 726 483 630 451 806 243 662 966 885 526 740 492 293 556 394 19 188 957 382 462 375 108 431 194 844 123 372 834 758 660 264 13 11 53 745 354 555 650 283 447 358 612 811 495 116 427 134 73 48 667 300 257 807 138 91 131 812 735 675 18 196 56 714 770 570 791 1000 96 948 14 691 544 357 653 953 417 135 323 61 631 130 110 448 859 649 725 849 241 991 927 731 548 831 681 595 707 244 311 778 928 759 761 684 699 294 368 832 28 561 785 580 490 410 789 598 946 955 103 775 899 224 845 993 43 346 990 581 381 160 226 577 253 937 780 231 399 498 724 93 473 541 855 65 940 327 228 593 46 709 127 100 223 936 796 222 220 919 679 324 891 203 550 72 136 94 666 530 107 932 757 271 285 286 938 328 857 905 718 195 485 634 345 504 749 114 969 616 706 657 356 618 600 255 797 106 355 870 958 452 113 509 592 263 200 742 344 276 848 429 379 642 486 732 405 164 638 985 361 403 539 449 564 141 441 802 575 128 15 397 377 908 190 458 839 63 211 867 210 69 119 9 315 590 607 954 688 277 813 295 404 219 639 903 186 77 685 184 251 79 326 888 847 626 866 842 197 854 588 426 480 470 669 945 516 391 654 613 424 533 611 112 756 527 787 34 367 488 721 2 635 162 917 312 218 752 574 259 900 664 80 803 674 125 534 625 439 567 304 926 628 409 76 799 596 698 934 282 265 563 808 425 609 783 290 199 929 170 406 551 89 303 75 422 256 869 677 474 31 84 459 153 260 572 419 651 971 594 923 152 267 248 933 741 206 829 252 262 815 247 512 882 378 672 921 50 83 762 506 779 475 852 489 12 39 491 518 804 768 887 939 694 771 288 528 514 148 620 809 646 30 321 777 365 35 784 695 115 159 578 960 299 217 52 841 716 23 455 772 708 729 493 169 428 40 158 861 503 566 317 314 1 863 415 683 208 883 124 316 568 875 591 872 554 579 605 198 140 947 416 467 781 830 209 461 930 418 890 907 553 183 710 763 621 436 696 670 894 892 995
2 327 606
1 60 364
2 155 856
1 38 258
1 488 880
2 351 418
2 211 983
2 298 358
2 3 689
1 516 797
1 698 898
2 895 902
2 143 241
1 803 957
1 720 957
1 367 434
2 549 866
2 76 183
2 141 674
1 728 787
1 244 475
2 659 755
1 171 620
2 180 293
2 85 500
1 670 944
2 654 950
1 9 142
1 419 502
2 522 533
1 297 961
2 1 37
2 306 540
2 41 275
1 595 712
1 214 452
1 536 826
2 262 435
1 225 250
1 427 791
1 255 802
1 362 615
1 32 871
2 606 622
1 552 984
1 334 663
2 308 596
2 47 163
2 711 930
2 415 856
2 652 882
1 337 907
1 498 990
2 867 929
2 418 526
2 187 513
2 419 669
1 50 202
1 520 781
2 178 780
1 54 885
2 574 777
2 624 821
2 528 794
1 25 448
2 143 728
2 450 731
2 250 892
2 278 707
1 637 736
1 497 821
2 292 712
2 181 864
1 341 414
2 123 222
1 497 828
1 604 629
1 337 351
2 470 552
2 162 363
2 234 743
2 209 639
1 220 696
2 724 979
1 18 235
2 442 632
1 182 845
1 556 816
2 98 466
2 81 507
2 362 629
2 754 912
1 131 706
1 85 168
2 190 851
1 696 733
2 654 829
1 429 850
2 538 989
2 239 348
1 97 928
1 303 493
1 691 727
2 497 842
1 85 738
1 366 844
2 504 530
1 131 173
1 455 658
1 88 526
1 127 139
2 529 778
2 633 973
2 330 534
2 12 543
2 36 38
2 252 601
1 119 953
1 373 759
1 88 963
1 728 952
1 454 822
1 771 975
1 524 989
2 292 383
1 20 182
2 640 979
1 39 661
2 65 480
2 149 662
1 536 765
2 232 929
1 137 440
2 32 742
1 482 557
2 37 760
1 525 922
2 476 961
1 507 975
1 409 666
1 625 1000
2 543 812
1 947 972
1 639 711
1 373 570
2 202 352
2 322 792
2 413 747
2 404 670
1 979 986
1 177 948
1 434 654
1 517 526
2 2 773
2 370 820
1 258 883
1 870 913
1 319 901
2 441 667
1 753 899
2 908 972
1 405 447
2 313 328
2 49 367
1 192 365
1 498 616
2 33 318
1 420 932
1 188 979
2 615 650
1 641 804
1 508 748
2 704 787
1 357 756
1 131 731
1 255 312
1 458 636
2 271 843
1 177 944
1 60 387
2 541 914
2 299 935
1 472 619
1 60 771
2 175 869
2 464 789
1 472 488
2 409 485
2 517 652
2 624 779
1 460 469
1 135 713
1 153 807
1 275 890
2 564 722
2 164 599
2 388 794
2 78 820
1 296 577
2 455 599
1 43 858
2 20 268
2 753 957
2 95 906
2 210 898
1 442 868
2 89 748
2 577 754
2 37 62
2 292 410
1 727 956
2 464 919
1 357 447
2 342 777
2 856 867
2 65 689
2 6 859
2 477 634
2 492 831
2 24 174
1 17 605
2 718 862
2 53 139
1 244 558
2 654 930
1 109 668
1 6 572
2 352 737
1 69 833
1 819 897
2 486 756
1 718 881
2 181 880
2 44 88
2 450 535
2 244 470
2 742 753
1 441 601
1 383 736
1 143 365
2 691 887
1 445 467
1 230 675
2 527 960
2 618 971
2 727 884
2 382 387
2 315 757
2 201 793
2 292 627
1 53 752
1 465 466
2 110 405
1 903 946
1 885 941
2 324 374
1 351 854
1 704 840
1 833 960
2 308 419
1 21 398
1 605 733
2 549 699
2 176 847
1 744 913
1 41 322
1 96 123
2 191 444
1 60 259
2 229 535
2 400 570
1 506 735
1 454 850
1 334 704
2 210 342
1 477 483
1 157 408
1 516 833
1 378 786
2 331 710
1 112 567
1 227 932
2 302 392
1 441 600
1 560 805
1 239 654
1 249 331
2 13 232
1 252 254
1 734 974
2 676 728
2 30 870
2 291 935
2 96 312
2 575 723
1 707 757
1 59 891
2 167 985
2 941 951
1 411 891
2 384 916
2 789 844
2 261 596
1 151 996
1 517 971
1 116 593
1 484 821
1 350 756
1 229 938
2 393 552
2 378 622
1 259 680
1 727 878
2 296 982
2 542 620
1 120 940
1 116 168
2 196 735
2 791 920
1 372 617
1 489 912
2 127 570
2 401 705
2 329 347
2 378 705
2 823 979
2 15 902
2 80 532
1 401 509
2 314 407
1 642 814
1 140 357
1 122 558
2 232 375
2 589 689
1 357 749
2 27 596
2 172 524
2 337 638
2 251 282
1 122 760
2 170 486
1 206 863
2 119 540
1 313 676
1 520 974
2 392 413
2 96 403
1 193 385
2 150 997
2 63 307
1 180 241
2 220 698
2 267 790
2 58 235
2 114 148
1 249 570
2 122 693
2 769 833
1 229 734
1 142 486
2 495 503
1 561 738
1 215 839
2 253 537
2 50 749
2 229 704
1 320 974
2 37 696
1 124 987
2 222 313
1 62 750
1 52 890
1 486 894
2 93 717
2 492 915
2 107 224
1 238 369
1 691 833
2 233 875
2 185 408
2 435 637
2 814 878
2 170 317
2 215 943
2 498 932
2 283 368
1 384 478
2 139 987
2 733 908
2 241 660
2 101 465
2 231 369
2 485 750
1 335 629
1 894 996
1 456 742
1 532 982
2 110 386
1 368 585
1 198 607
2 53 941
2 148 729
1 774 856
2 63 750
2 305 968
2 524 665
1 434 738
1 843 924
2 141 528
2 739 768
1 562 740
2 504 562
2 177 211
2 88 709
2 461 503
1 280 743
2 356 881
2 294 372
2 572 628
1 509 667
2 204 654
2 105 898
2 781 903
1 496 936
1 408 467
1 417 818
1 163 522
2 141 215
2 694 770
2 734 905
2 266 928
1 57 350
1 285 671
1 66 713
1 215 258
2 86 127
2 553 958
2 745 838
2 402 812
2 113 719
2 169 566
2 648 662
1 263 780
1 184 697
1 330 878
2 662 883
1 182 707
2 213 665
1 322 801
1 669 785
2 165 442
1 818 942
2 409 453
1 487 802
2 699 908
1 271 272
2 70 788
1 532 586
1 298 638
2 360 390
2 182 385
1 249 272
1 523 685
1 49 747
2 421 855
1 745 788
1 132 730
1 20 910
2 602 977
2 335 925
1 233 310
2 757 837
2 330 707
2 780 927
1 439 982
1 111 995
2 67 971
1 763 852
1 145 677
1 381 389
1 63 948
2 62 791
1 143 184
2 41 969
2 449 620
2 252 886
1 72 168
2 363 506
2 266 570
1 3 648
1 216 339
2 68 613
2 297 509
1 200 696
2 286 857
2 925 966
1 6 343
2 50 89
2 183 546
2 135 364
2 218 857
1 563 893
1 134 201
1 347 621
1 600 747
1 249 252
2 32 884
1 241 770
2 368 638
2 579 870
1 357 483
2 28 534
2 163 802
2 337 363
2 27 33
1 317 668
1 153 594
2 535 612
1 485 744
1 442 581
1 209 358
1 572 765
1 414 599
1 716 918
1 635 904
1 455 672
1 196 500
1 194 894
2 172 985
1 299 829
2 603 650
1 884 939
2 514 795
1 357 420
1 618 821
2 408 834
1 149 151
1 14 180
2 271 722
1 37 691
2 897 930
1 251 858
2 477 854
1 870 872
2 449 631
2 598 976
2 785 824
2 511 774
1 344 794
2 745 817
1 437 471
1 7 657
2 498 602
1 27 340
1 302 895
1 631 870
2 469 708
2 443 660
1 877 964
2 114 774
2 94 539
1 145 194
1 382 396
1 661 758
1 207 944
1 123 826
1 180 851
1 46 519
2 940 951
1 287 437
1 694 734
1 598 642
2 539 614
2 196 821
2 118 595
2 153 840
2 256 788
1 708 873
2 179 742
1 611 615
2 300 876
2 270 670
1 656 734
1 352 466
2 22 576
1 473 798
1 666 722
2 261 945
1 198 466
1 320 686
2 403 717
1 315 581
1 231 425
2 284 799
1 137 521
1 112 598
2 140 409
1 539 643
1 556 758
1 498 720
2 304 649
1 345 808
2 408 726
2 263 942
1 26 296
1 391 728
1 13 414
1 573 861
2 659 693
2 228 450
2 574 848
2 652 663
2 571 712
2 869 923
1 224 225
2 104 635
2 737 889
2 256 508
1 355 917
1 437 489
2 555 678
1 252 446
2 145 509
1 25 939
1 617 730
2 14 796
1 124 713
2 400 431
1 187 476
1 207 210
2 180 480
1 251 917
1 17 724
1 452 923
2 294 835
2 605 906
1 543 815
2 411 824
2 66 949
2 225 581
2 287 766
1 34 704
1 702 795
2 174 790
1 23 338
1 724 757
2 483 756
1 177 460
1 285 878
2 543 847
2 457 765
2 441 639
2 51 810
2 165 781
2 754 888
1 944 949
1 499 876
1 294 985
1 172 540
2 310 808
2 10 517
1 399 640
1 339 578
2 287 478
1 440 655
2 586 589
1 143 297
1 401 736
2 265 948
1 95 527
2 36 512
2 95 747
1 560 633
2 616 744
1 397 729
1 75 644
2 287 597
1 549 731
1 567 834
2 270 378
2 278 291
2 248 556
1 808 856
2 690 882
2 638 984
2 581 873
2 441 847
1 466 860
2 5 440
1 234 442
2 113 269
1 597 811
1 295 999
1 531 804
2 510 974
2 155 315
2 253 835
2 183 558
1 756 883
2 989 997
2 111 230
1 177 222
2 857 959
1 342 787
2 199 676
1 31 273
2 427 913
1 349 805
2 334 698
2 423 736
1 56 516
2 547 871
1 413 952
2 219 293
1 127 876
1 846 924
2 521 663
1 355 771
2 420 922
2 318 591
1 358 789
2 222 483
2 194 295
2 292 616
1 755 821
2 425 726
1 47 110
1 1 637
1 416 820
2 691 945
1 224 793
2 562 603
2 467 765
2 324 541
1 62 235
2 211 724
2 144 681
2 271 952
1 326 835
2 667 881
1 600 854
2 232 321
2 594 640
2 138 947
2 579 939
2 403 960
1 114 527
1 493 513
2 664 722
2 92 981
2 26 122
2 662 783
1 205 531
1 543 896
1 396 515
1 388 674
2 4 192
2 175 336
1 160 746
2 716 774
1 317 399
1 526 984
1 679 693
1 113 216
1 235 629
1 326 940
2 29 741
2 782 818
2 34 587
2 275 740
2 139 291
2 265 335
1 25 609
2 265 998
1 128 545
1 491 550
1 555 621
1 744 775
2 348 480
1 183 699
2 844 871
1 59 225
1 67 758
2 3 876
1 122 699
2 310 562
2 341 560
2 16 379
1 145 203
2 330 946
2 171 764
2 653 840
1 64 325
2 151 658
1 767 920
1 599 722
1 643 718
2 301 317
1 385 719
1 526 773
2 54 968
2 548 838
1 786 935
2 153 930
2 770 911
2 96 800
1 199 980
1 25 434
2 253 526
2 563 720
2 341 999
2 661 777
1 162 791
2 864 883
1 336 886
1 496 776
1 932 955
1 326 909
2 313 815
1 896 996
1 780 914
2 111 970
2 272 878
1 326 680
2 196 602
2 538 888
1 299 390
1 124 882
2 562 844
2 182 214
1 205 967
2 279 765
2 576 946
2 318 739
2 371 632
2 222 346
1 326 607
2 196 942
1 159 424
1 852 935
2 354 759
1 8 138
1 61 250
1 424 697
2 634 918
2 83 401
2 372 408
1 454 923
2 132 770
2 793 976
1 573 884
2 456 681
1 629 830
2 919 971
2 202 367
1 50 596
2 151 971
2 28 879
1 698 742
1 159 293
2 617 871
2 48 63
2 732 766
1 392 524
2 424 720
2 558 763
2 842 851
1 476 775
1 640 883
2 43 70
1 80 517
1 777 968
1 200 604
1 140 593
1 284 677
2 630 969
1 4 43
1 143 444
1 135 870
2 211 729
2 77 696
2 400 545
1 833 923
1 106 909
1 318 818
2 151 583
1 28 262
1 26 562
1 311 749
1 44 342
1 677 782
2 117 847
2 328 984
1 262 558
1 135 682
1 129 496
1 117 800
1 698 750
1 53 503
1 153 472
1 257 707
1 401 982
2 210 560
2 385 871
1 531 826
2 773 822
1 98 190
1 158 259
2 116 332
1 12 248
1 466 626
1 666 909
1 293 683
1 394 998
1 698 936
1 126 459
1 135 662
1 108 676
2 433 787
2 615 959
1 134 625
2 228 449
2 262 729
1 735 776
1 553 735
2 345 484
1 412 811
1 376 775
2 384 983
2 616 886
2 16 982
1 134 342
1 81 768
1 538 795
2 692 951
2 568 933
2 437 965
1 486 732
1 344 853
2 294 987
1 207 904
1 470 738
1 473 925
1 190 851
1 204 913
2 424 735
2 182 733
1 668 889
2 184 633
1 221 653
1 25 292
1 533 545
2 73 225
2 656 928
1 686 754
2 262 721
2 2 166
1 299 651
2 823 967
1 512 579
1 139 675
2 140 816
1 157 389
1 475 564
1 96 420
1 856 871
1 317 839
2 145 314
2 320 753
1 339 517
1 860 998
2 616 684
2 96 791
1 671 805
2 661 719
1 244 298
1 42 748
1 235 847
1 275 678
2 127 655
1 305 932
2 504 519
2 75 999
1 756 871
1 7 840
1 367 373
2 356 852
2 508 796
2 161 697
2 478 719
1 145 503
1 49 965
2 89 274
2 530 899
1 95 158
1 287 696
1 771 877
1 69 669
