1000 1000
618 264 1 240 753 282 405 169 994 925 796 185 20 203 547 84 899 519 834 645 977 437 586 315 622 429 686 596 717 763 344 450 277 257 807 909 590 778 567 367 263 423 919 854 262 914 534 27 756 345 178 414 701 613 258 52 338 54 865 165 641 268 194 795 816 527 208 88 501 570 286 981 962 521 812 106 146 48 436 711 355 406 160 38 579 248 960 420 379 481 143 779 580 93 531 373 591 571 323 191 553 111 511 983 349 422 892 299 934 990 328 751 44 800 35 13 66 295 505 776 147 87 126 652 691 219 515 424 752 552 197 928 573 89 4 504 798 322 615 805 251 588 346 353 938 198 851 544 234 911 852 375 78 599 780 562 483 142 388 967 312 557 396 674 247 326 900 154 168 679 446 550 362 848 235 893 96 761 913 56 931 468 659 755 471 694 204 757 968 348 272 125 952 278 621 542 730 577 799 475 564 494 676 740 744 658 644 440 600 545 293 332 857 150 811 135 745 432 859 765 627 991 668 665 784 180 493 412 646 305 117 324 764 929 885 115 808 455 376 100 70 352 319 917 175 334 331 72 284 17 741 948 972 182 759 365 787 304 743 650 63 368 651 733 777 568 403 506 813 727 697 192 461 946 609 232 61 592 179 569 565 940 55 850 333 15 549 748 162 253 473 75 880 141 361 29 163 667 998 770 229 793 491 572 271 939 74 858 151 279 67 399 684 943 595 76 712 566 897 664 585 91 607 887 685 789 46 230 930 767 427 888 90 910 866 479 31 611 771 714 65 862 841 241 533 172 488 932 782 716 838 603 508 783 148 116 159 606 273 503 894 226 418 623 64 495 496 327 797 43 949 918 215 921 879 476 411 363 380 218 289 574 246 985 997 794 924 290 138 526 318 32 742 956 371 144 167 920 737 827 999 393 500 864 878 832 953 356 525 383 250 85 347 785 266 988 750 95 83 725 212 631 130 433 959 518 976 140 703 109 907 201 843 555 875 119 301 903 133 945 152 107 112 174 735 904 916 23 358 746 317 868 36 889 104 602 397 19 965 149 781 155 439 177 297 408 233 41 445 713 821 238 873 214 874 844 906 196 842 449 145 612 871 634 707 639 970 895 950 905 139 992 512 747 604 62 477 187 199 973 663 855 497 123 298 810 285 978 507 935 923 806 114 636 426 25 132 979 259 915 465 624 682 548 817 980 532 944 394 554 98 354 610 654 407 860 431 688 205 902 839 404 364 739 530 337 99 536 448 425 82 129 269 537 710 529 53 908 558 16 434 758 638 736 351 551 387 227 12 243 966 261 79 6 256 342 957 690 819 487 984 825 156 971 300 320 484 872 734 389 922 377 239 891 291 510 912 128 657 522 986 728 335 121 467 995 927 559 616 706 402 274 265 103 898 556 195 221 444 231 34 546 378 662 69 21 458 969 993 815 441 704 689 122 73 523 673 582 786 614 721 901 683 989 982 188 629 681 10 597 608 478 485 886 210 700 826 296 996 386 40 401 861 217 687 718 18 211 39 384 769 671 837 316 869 97 310 202 528 270 77 308 391 482 343 68 499 51 120 524 339 220 421 853 410 189 7 252 678 447 480 593 206 224 303 863 153 987 428 382 847 954 183 2 453 598 514 413 492 788 766 336 341 110 57 867 896 372 719 101 964 417 309 452 560 933 705 517 669 698 601 955 472 280 275 222 430 836 581 709 359 350 462 649 443 876 814 166 538 856 400 708 584 722 81 306 124 8 288 80 845 942 131 790 831 936 509 415 720 648 3 325 575 200 254 442 802 877 223 824 157 287 849 186 26 294 466 762 137 647 416 791 540 583 1000 24 58 498 102 883 732 92 9 563 454 184 237 381 655 28 975 216 225 330 890 45 313 366 451 173 578 469 726 236 961 830 369 456 823 370 164 419 846 541 321 535 193 589 435 881 357 947 464 60 136 176 643 22 292 672 502 209 760 692 228 30 490 360 170 576 314 474 543 489 666 840 642 630 941 390 829 207 59 340 835 14 329 516 882 693 171 619 37 283 632 459 695 828 245 134 11 47 677 105 181 626 702 749 94 792 884 738 640 267 71 158 625 49 731 276 374 818 213 951 822 50 653 438 803 33 637 680 804 470 620 699 244 660 724 260 395 242 587 715 617 820 307 768 398 113 118 190 392 656 696 385 926 661 775 833 513 5 281 311 249 594 457 870 774 635 42 86 520 628 958 963 754 670 772 255 675 605 801 809 302 460 937 486 108 974 773 127 561 463 539 409 633 729 161 723
776 402 411 655 494 947 118 182 245 654 905 706 546 574 298 323 306 680 432 464 9 780 709 821 502 868 805 891 548 110 617 375 441 539 340 254 975 65 178 619 355 60 406 510 685 717 72 246 495 763 331 691 827 866 399 333 896 112 936 465 848 646 740 313 350 61 17 962 884 524 840 346 26 658 902 435 547 225 336 803 395 876 505 428 609 593 889 250 637 422 160 261 84 415 343 269 449 96 286 795 419 342 102 587 779 98 175 651 682 483 209 259 944 349 48 930 697 630 35 874 733 694 249 134 727 108 109 473 621 679 46 281 436 154 815 33 329 906 941 19 337 468 723 43 863 47 508 677 319 710 36 760 744 455 631 757 812 266 987 466 683 789 976 784 797 207 698 623 676 487 474 644 359 24 275 724 493 91 389 284 339 92 49 344 991 911 433 612 899 713 220 856 267 143 950 995 334 736 208 544 689 598 205 321 27 643 875 639 417 301 608 569 730 296 737 738 434 663 107 649 835 57 675 611 478 376 567 831 632 148 125 520 234 241 580 742 482 791 822 42 882 869 977 857 450 303 507 297 393 748 425 97 140 157 221 951 872 354 272 180 243 116 285 338 439 811 853 894 922 53 839 564 647 302 828 708 919 591 728 526 965 258 100 488 288 105 29 777 416 885 330 51 801 103 917 715 997 21 988 870 794 956 189 586 386 152 931 304 892 364 287 15 240 620 50 843 380 560 412 387 385 480 624 864 481 781 204 227 955 362 308 605 80 758 743 999 64 509 859 58 85 295 633 188 168 290 638 981 888 704 563 217 661 992 817 149 952 442 616 793 32 131 900 237 844 963 657 328 741 242 927 147 804 410 174 773 832 766 542 934 76 496 764 937 590 861 973 993 581 974 73 964 628 968 25 665 645 530 918 4 897 38 786 673 692 829 86 461 909 106 400 860 244 223 215 932 289 648 363 377 998 132 746 669 18 618 232 575 816 726 184 842 120 451 576 600 862 826 583 371 489 233 276 845 300 253 979 16 173 695 765 239 584 850 536 307 579 421 452 398 610 961 430 775 404 711 351 671 341 506 641 754 409 39 555 124 749 594 787 230 403 238 629 756 513 551 94 471 960 653 813 10 490 477 310 262 384 585 739 305 556 970 636 880 810 181 458 924 368 277 558 414 391 729 144 155 3 519 405 447 512 156 183 476 830 111 886 218 443 603 89 809 210 878 185 200 928 356 40 280 772 374 515 674 231 687 146 595 299 668 293 522 858 966 158 837 445 525 292 320 800 769 373 396 768 667 99 248 696 771 191 895 167 327 660 418 192 948 707 45 318 802 214 291 807 22 361 475 70 529 332 486 163 920 126 492 23 747 702 532 933 251 549 824 823 392 69 528 958 360 782 8 945 59 499 63 14 325 550 271 179 283 186 66 925 986 34 907 939 448 413 527 1 819 353 322 142 686 570 44 852 949 437 745 722 95 5 703 312 561 270 873 847 479 93 788 533 996 194 311 969 274 2 88 701 664 1000 716 672 198 20 523 912 833 666 378 279 408 74 662 607 545 358 825 367 559 427 335 604 273 577 161 352 778 206 565 397 460 953 883 236 390 814 552 136 957 235 121 135 423 971 379 195 841 62 71 162 153 719 462 994 438 165 82 463 720 151 79 426 659 541 357 383 731 972 114 503 721 914 904 517 984 211 128 929 37 967 670 498 770 309 767 345 893 104 690 942 150 571 457 820 388 761 923 615 122 589 6 790 424 222 453 910 467 921 139 347 216 101 202 755 759 750 799 169 566 177 877 903 472 263 592 935 596 484 83 725 627 67 196 714 420 145 634 554 753 946 176 123 818 372 518 774 978 916 366 31 224 626 87 52 700 247 28 732 429 54 606 735 796 865 537 915 41 838 983 30 294 543 348 792 887 538 264 785 521 252 440 712 201 119 491 265 851 170 990 557 381 734 454 752 326 229 908 982 260 137 568 635 597 199 642 7 684 257 511 12 255 141 268 315 68 601 751 762 77 129 980 500 614 602 834 656 553 938 117 13 256 369 578 622 534 456 959 798 562 650 535 78 881 806 172 573 431 55 867 226 588 164 901 90 469 190 808 11 197 985 314 56 504 855 324 501 278 316 75 459 166 187 382 407 213 317 370 954 113 159 783 940 171 989 890 138 531 879 678 365 898 849 540 718 115 203 836 81 514 133 846 497 444 625 926 212 228 516 599 943 127 219 401 693 394 854 613 470 485 282 652 572 913 193 699 688 582 681 446 705 640 871 130
1 156 214
2 203 965
2 676 960
1 119 516
1 280 449
2 19 751
1 332 748
2 221 951
2 344 839
2 306 325
1 3 28
1 241 807
2 107 392
2 456 608
2 276 740
1 269 292
2 54 367
2 122 662
1 443 942
1 710 945
1 77 731
2 424 521
2 382 422
2 747 859
1 648 868
2 86 994
2 130 603
2 302 801
1 801 926
1 70 397
2 539 832
1 358 391
2 160 925
2 18 680
2 806 926
1 635 796
2 155 869
1 170 905
1 426 510
2 754 808
1 466 952
2 174 681
2 474 549
1 167 932
2 326 519
1 659 859
2 252 841
1 196 999
1 138 219
1 65 114
2 519 794
1 257 797
1 95 882
1 574 794
2 242 423
2 75 985
2 316 581
2 626 728
2 39 619
2 84 720
1 464 929
1 221 335
1 9 810
1 282 321
2 9 186
1 230 249
2 282 966
1 94 934
2 369 536
1 694 880
2 38 973
2 133 297
2 440 594
1 256 587
1 175 866
1 402 694
1 96 185
2 6 934
1 14 352
1 823 832
1 125 214
1 49 637
2 252 957
2 153 941
2 23 922
1 102 569
1 135 630
1 156 606
1 120 218
2 210 626
2 662 797
2 444 930
2 353 818
2 508 946
2 393 754
1 46 543
2 154 919
2 136 511
2 378 610
1 294 519
2 722 735
2 287 557
2 494 898
1 315 463
2 172 596
2 502 858
1 77 736
2 449 740
2 24 184
2 296 592
2 63 902
1 4 429
2 6 753
1 411 667
2 748 759
2 592 729
2 16 714
2 111 170
2 492 896
2 805 974
2 15 402
1 881 967
1 214 271
1 31 251
1 36 942
1 386 538
2 503 825
2 24 529
1 98 504
1 74 151
2 148 670
2 335 826
2 255 582
1 253 498
2 346 954
2 197 545
2 928 954
2 274 966
2 215 480
1 49 826
2 934 945
2 433 817
2 865 886
1 348 391
1 295 783
2 534 785
1 719 954
2 465 834
2 522 908
2 878 991
1 446 471
2 65 307
2 100 699
2 112 635
2 577 719
1 154 491
1 49 215
2 135 866
1 186 283
1 40 332
2 315 626
2 276 575
1 162 171
1 49 741
1 305 581
2 69 543
2 105 252
1 579 651
2 575 938
2 381 440
2 758 880
1 495 721
2 284 664
1 64 262
2 829 891
1 120 659
1 216 658
1 597 668
1 180 816
2 823 831
2 59 301
2 33 105
2 423 464
1 420 721
2 105 855
2 18 426
2 339 421
1 493 909
2 249 410
2 222 516
1 826 916
1 71 813
1 427 844
2 464 678
1 304 835
2 628 664
2 402 705
1 852 938
2 260 623
2 18 53
2 208 504
1 751 800
1 539 876
2 169 916
1 56 954
2 124 803
1 391 921
2 34 522
2 535 638
2 363 862
2 687 886
2 259 436
1 729 914
1 94 792
1 475 503
1 411 897
1 31 890
2 380 894
2 205 341
2 354 694
1 318 661
1 50 123
1 8 351
2 358 534
2 367 905
2 189 542
1 39 653
2 748 801
1 732 953
2 34 807
2 599 610
2 679 697
1 166 651
2 563 928
2 355 512
2 482 598
2 725 928
2 356 564
1 460 536
2 423 446
1 419 454
2 966 985
2 278 826
1 193 542
2 441 914
2 450 817
2 820 900
1 554 761
2 137 766
2 164 917
2 564 864
2 18 770
2 798 991
2 141 467
2 190 204
2 45 788
2 22 756
2 337 352
2 543 785
1 384 965
1 103 887
1 238 557
2 421 803
1 539 934
2 347 594
1 143 962
2 269 358
2 68 739
2 45 291
2 607 609
2 546 949
1 231 468
1 142 649
1 37 686
1 242 401
1 150 994
2 156 408
2 460 704
2 70 186
1 501 967
2 425 917
2 322 828
2 170 333
2 765 936
2 239 732
2 163 655
2 461 588
2 32 192
2 840 896
2 245 687
1 494 819
2 270 537
1 119 236
2 69 372
1 97 329
1 612 974
1 234 551
1 101 796
1 538 837
2 752 846
1 26 166
2 388 688
1 31 328
1 187 330
1 439 591
1 467 798
1 104 973
2 29 166
2 225 865
1 2 984
1 143 404
1 61 712
2 517 751
1 339 957
1 513 616
2 272 726
2 86 966
2 548 612
1 530 619
1 77 586
2 371 407
1 293 896
1 783 885
2 222 722
2 71 664
1 507 602
1 30 758
2 361 362
1 438 969
1 787 810
2 49 947
1 220 652
2 176 730
1 218 380
1 626 711
2 362 535
2 41 414
1 164 612
2 291 495
1 509 893
1 63 403
1 429 450
2 194 639
1 140 894
1 142 622
1 235 912
2 78 203
1 579 697
2 200 286
1 697 738
2 284 525
1 129 565
1 648 988
1 87 510
2 253 1000
1 18 369
2 297 456
2 26 742
2 18 693
1 777 780
1 604 844
2 103 406
1 106 780
2 355 693
1 338 856
2 392 733
2 788 935
2 238 687
2 589 633
1 13 532
2 144 364
2 752 852
2 628 811
2 556 765
2 403 510
2 416 655
2 282 394
1 12 782
1 144 287
1 314 409
2 631 804
2 559 612
2 17 782
2 757 950
2 87 313
1 361 989
1 575 597
1 94 590
1 13 752
2 113 313
2 344 367
1 112 148
1 651 725
1 239 996
2 237 548
1 279 996
2 815 824
2 481 626
2 297 679
2 465 800
1 41 345
1 178 447
1 6 862
1 67 332
1 589 865
2 653 709
1 221 733
2 267 844
1 295 439
2 510 674
2 317 955
1 134 293
2 386 996
1 469 987
2 255 527
1 272 919
2 507 580
2 450 908
1 373 835
1 288 915
1 480 752
1 497 746
1 107 597
2 386 719
2 490 957
1 52 689
1 378 493
1 621 881
2 364 664
2 393 794
2 562 927
1 124 805
1 458 541
2 630 811
1 814 844
1 167 698
1 158 989
2 57 290
2 183 256
1 450 797
1 694 745
1 707 842
2 265 617
2 203 346
1 661 862
2 71 836
1 671 973
1 111 660
1 140 575
1 308 790
1 99 996
1 286 648
1 723 752
1 779 847
1 670 783
2 478 531
1 458 577
2 583 966
1 628 974
2 298 941
1 365 384
1 204 612
1 403 746
1 128 449
1 213 412
2 32 148
1 180 382
1 315 474
2 718 758
2 598 849
2 142 864
1 251 654
2 555 945
1 454 559
1 132 892
1 81 442
2 96 735
2 155 973
2 169 617
2 144 357
1 133 147
1 81 618
2 384 912
2 652 933
2 616 711
2 103 724
1 330 971
2 702 732
1 225 450
1 630 716
2 575 636
1 232 293
2 77 641
1 173 896
1 56 151
1 598 925
2 172 989
2 195 750
1 562 689
1 30 553
1 147 815
2 456 887
2 426 707
2 258 938
1 317 427
1 156 254
2 398 762
1 272 927
1 573 901
2 329 724
1 198 265
2 168 854
1 297 861
2 329 467
1 548 800
1 577 740
2 19 765
1 643 847
2 467 555
2 199 282
2 89 918
2 62 806
1 75 685
1 521 861
1 343 383
2 274 480
1 14 562
2 690 722
2 818 951
1 186 400
1 300 987
2 238 730
1 257 484
2 536 799
1 116 843
2 383 971
1 168 319
1 28 556
2 569 663
1 155 610
1 294 861
1 335 919
2 290 583
2 837 934
1 159 395
1 503 560
1 248 981
1 313 552
2 395 438
1 368 512
2 102 196
2 736 946
2 520 678
2 224 365
1 304 512
1 486 953
1 421 920
1 325 462
2 854 928
2 526 836
1 84 935
2 121 406
1 426 914
2 428 888
2 147 594
1 392 588
2 42 268
2 1 110
1 120 658
1 561 600
1 108 515
1 745 847
2 9 964
2 859 949
2 646 741
2 661 722
1 225 690
1 29 739
2 86 967
2 440 716
1 790 818
1 465 552
1 427 670
2 42 337
1 618 657
1 226 299
1 539 591
1 768 889
1 268 431
2 304 352
1 71 799
1 454 600
2 25 764
2 565 760
2 453 745
1 106 278
1 255 467
2 150 818
1 707 857
1 78 516
1 135 523
2 41 939
1 159 163
2 444 619
2 161 793
2 447 945
2 543 669
1 43 820
1 291 443
2 76 266
1 111 725
2 63 917
2 723 994
1 467 845
1 670 775
1 482 762
2 41 120
2 817 880
1 167 642
1 797 806
1 637 658
2 55 660
1 255 322
1 133 538
2 425 593
2 345 493
1 317 944
1 189 992
1 229 385
2 649 675
1 149 976
1 129 812
1 142 302
1 368 975
2 852 877
1 764 790
1 19 899
1 57 668
1 612 914
2 243 460
1 38 362
1 61 397
2 229 612
1 365 935
1 721 754
1 409 622
1 457 543
2 243 332
2 61 770
1 121 827
2 139 160
1 270 718
1 129 239
1 849 938
2 185 537
1 303 745
2 29 273
1 610 686
2 200 396
1 88 970
2 149 972
2 48 222
1 63 788
1 199 966
1 583 733
2 170 484
1 457 611
2 84 998
2 250 585
1 42 478
1 67 314
1 67 400
1 70 159
1 316 410
2 35 845
2 117 879
1 326 860
2 84 343
2 442 632
2 172 853
1 208 336
1 620 726
1 701 768
1 106 846
1 384 557
2 41 171
1 399 985
2 391 617
1 97 471
1 264 443
1 548 719
1 488 799
2 489 831
1 984 997
1 560 735
1 42 553
2 419 866
1 347 583
2 18 515
2 883 946
1 33 668
1 558 936
1 364 899
2 836 855
1 302 965
1 450 693
1 555 782
1 38 216
1 198 681
2 150 626
2 579 934
2 195 651
2 789 970
2 100 735
1 737 793
1 312 847
1 311 885
2 418 799
1 55 619
1 330 739
1 367 849
1 5 492
2 547 729
1 986 987
1 803 981
2 32 262
1 562 881
1 405 655
2 521 935
2 236 535
1 134 372
1 60 288
1 436 902
1 664 778
1 544 621
2 675 820
1 624 752
2 837 869
2 460 561
1 107 127
1 916 997
1 207 466
2 160 240
1 690 754
1 200 285
2 672 916
2 68 845
2 118 654
1 412 867
2 270 595
1 720 748
1 508 661
2 175 370
2 195 618
2 225 677
1 526 696
2 459 868
1 593 699
1 668 845
2 344 552
2 262 898
1 252 737
2 13 249
2 395 608
2 434 460
1 389 647
2 161 958
1 347 573
2 630 687
2 397 940
2 344 520
2 175 548
1 348 737
1 772 791
1 619 624
2 394 830
1 216 624
1 215 886
1 98 918
1 313 938
2 861 993
2 322 334
2 146 357
2 379 437
2 316 922
1 79 300
1 259 523
2 477 579
1 71 88
1 122 706
2 506 657
1 529 940
1 58 917
1 633 637
1 94 859
1 485 776
2 778 914
2 446 677
2 69 832
1 740 746
2 345 663
1 13 572
2 242 944
2 336 366
2 136 592
1 218 416
1 233 858
2 680 882
2 638 646
2 104 247
1 417 811
1 312 815
2 204 668
1 547 973
2 306 352
1 284 539
1 141 941
1 7 445
2 792 885
1 575 714
1 387 637
1 847 910
1 76 405
1 340 472
1 438 794
2 235 440
2 132 148
2 86 146
1 498 526
1 344 413
1 97 370
2 810 852
2 50 205
2 529 804
1 363 740
2 294 723
1 334 856
2 229 665
1 403 672
2 222 328
1 585 821
1 374 454
1 196 876
1 486 663
1 247 399
2 18 539
1 570 823
2 595 645
1 293 630
1 512 968
2 407 488
2 96 912
1 42 206
2 682 700
1 623 692
1 593 887
1 17 430
1 813 820
1 102 603
1 379 535
1 28 758
2 81 645
1 74 949
2 180 182
2 740 838
1 551 963
1 12 460
2 361 437
2 237 777
2 273 958
1 25 522
1 83 121
1 400 492
1 247 282
2 744 825
1 41 311
2 99 107
2 809 918
1 473 480
2 45 566
1 60 145
2 783 917
1 551 758
1 635 768
2 230 510
1 812 861
1 155 447
2 724 937
2 204 693
2 553 602
2 20 292
2 95 231
1 371 862
1 648 922
1 372 465
2 100 937
1 620 705
1 862 896
2 262 414
1 425 928
2 660 756
1 386 981
2 73 922
2 352 969
2 162 564
1 58 156
2 259 891
2 391 899
1 753 916
2 37 115
2 85 924
2 27 763
2 17 960
2 325 437
1 460 569
1 154 303
2 441 896
1 338 866
1 696 818
2 6 161
2 365 730
2 844 972
2 632 959
2 42 175
2 9 785
2 175 758
2 313 648
2 92 843
2 456 797
1 139 895
1 1 168
2 147 783
1 409 518
1 718 884
1 866 956
1 396 486
1 219 749
2 115 445
2 162 748
1 91 306
2 439 874
1 536 857
1 457 768
1 343 943
1 218 893
1 63 65
2 548 805
1 31 221
1 314 344
2 162 867
1 793 898
2 967 998
1 399 657
2 205 990
2 719 940
1 90 793
2 98 471
2 69 907
2 742 974
2 252 542
1 395 954
1 784 851
2 187 902
2 66 455
2 423 674
2 137 138
1 68 355
2 199 872
2 263 479
1 882 993
1 309 814
1 34 400
2 226 950
2 86 438
2 249 952
1 50 611
2 664 935
2 334 849
1 284 395
2 108 275
2 70 401
1 240 635
2 201 556
2 559 592
2 23 654
1 466 741
1 563 762
2 55 307
2 212 469
2 423 803
1 673 897
2 605 814
1 314 883
2 126 985
1 22 192
2 62 922
1 151 958
2 430 564
1 349 576
