1000 1000
723 849 888 23 561 396 974 186 743 427 51 568 495 883 938 384 862 497 32 797 174 930 878 27 555 910 323 645 324 382 421 670 88 813 718 58 20 377 655 462 656 583 119 570 507 955 635 685 464 830 445 909 861 239 331 541 387 680 378 151 918 112 261 355 215 164 872 375 874 37 908 519 455 678 717 616 234 837 360 784 24 177 726 93 966 389 67 709 481 10 922 383 604 785 821 602 264 533 637 610 963 834 782 588 976 810 894 1 236 344 12 441 818 145 141 819 275 622 39 474 833 690 504 725 138 245 167 684 484 580 838 413 75 919 542 179 734 156 920 305 906 505 760 465 295 132 405 90 463 844 999 737 757 347 336 537 359 21 111 76 733 266 9 276 968 801 292 398 903 728 158 348 695 131 254 697 285 235 740 820 346 896 687 857 893 230 432 420 406 612 947 683 889 951 554 822 8 789 672 897 94 181 975 814 283 654 329 466 885 696 114 517 96 170 898 699 634 366 615 137 613 85 225 165 404 869 523 162 721 780 644 980 315 950 182 321 411 195 84 578 945 850 143 486 299 783 660 865 269 185 935 126 104 586 605 941 124 601 835 332 944 620 706 80 907 470 16 352 776 652 26 793 711 447 70 964 238 198 210 771 599 659 779 312 606 425 250 202 265 628 956 328 271 763 796 98 433 567 712 388 839 506 589 727 692 753 715 992 457 476 768 631 34 14 190 646 828 370 852 915 319 534 777 927 102 381 376 812 73 65 565 886 350 409 152 267 702 832 693 713 509 661 752 149 438 62 60 590 662 426 169 902 952 642 338 914 514 762 527 218 492 361 63 557 531 759 296 499 220 719 795 136 349 988 416 750 923 207 511 193 560 573 317 825 647 911 994 995 440 191 525 916 705 860 41 241 229 859 942 45 453 435 159 540 965 248 673 574 674 548 66 188 372 55 231 638 722 761 767 729 827 394 948 247 972 113 454 97 550 875 668 178 367 970 710 928 515 803 766 399 650 677 804 572 475 7 357 356 657 876 127 730 353 663 591 621 68 547 854 53 536 44 996 731 802 584 973 993 751 800 880 300 538 385 201 842 478 4 929 211 826 469 18 805 682 758 50 742 351 998 989 217 472 415 581 887 54 553 513 197 458 487 786 491 741 526 798 788 412 651 279 109 11 778 402 320 430 392 418 764 340 83 720 799 105 214 48 912 163 593 592 959 882 442 327 310 38 6 879 311 571 829 899 626 92 259 836 25 528 42 510 508 318 600 665 33 224 293 322 901 576 689 653 853 688 807 532 562 263 333 237 95 337 629 410 222 401 611 262 817 858 47 343 772 78 633 870 128 168 166 609 260 770 754 579 666 632 549 564 2 369 294 187 724 129 171 985 765 698 107 781 64 623 371 881 823 374 958 309 675 544 704 516 59 446 933 471 691 681 746 736 732 147 524 306 790 118 19 139 408 115 72 106 931 735 979 228 558 110 967 120 192 424 89 864 496 913 846 393 745 335 397 439 707 939 272 490 563 921 434 716 302 545 153 173 808 932 485 289 232 422 270 535 904 146 608 855 290 373 91 180 451 986 477 739 56 280 847 444 81 585 395 307 227 867 892 154 714 226 240 3 686 978 983 252 86 756 135 937 419 794 905 150 701 391 354 971 255 871 450 954 627 774 243 57 467 1000 891 437 273 648 641 498 251 982 473 206 773 552 926 130 658 249 594 176 987 569 961 161 29 417 679 649 36 452 365 362 379 530 203 488 700 284 282 614 121 216 483 368 274 13 423 61 204 313 984 791 792 87 873 117 787 556 253 949 82 314 824 480 100 607 815 744 304 288 219 630 125 617 640 79 448 636 339 287 619 49 40 940 551 624 503 208 809 518 962 522 308 133 431 575 566 199 30 200 160 461 748 334 291 703 493 301 577 667 303 189 708 936 811 539 969 625 543 196 991 934 414 256 595 277 890 841 209 184 512 155 213 981 924 108 429 122 848 456 71 749 529 596 77 380 671 582 330 52 747 325 341 639 843 597 900 428 664 977 316 364 990 223 917 233 43 400 468 242 69 501 286 489 953 172 15 116 194 101 755 268 866 46 5 738 144 598 22 460 669 502 358 851 297 769 99 587 643 103 831 390 845 925 157 863 868 17 35 500 943 775 459 175 521 436 123 559 142 694 258 140 257 895 386 676 212 28 363 479 806 856 449 246 946 403 298 342 482 877 618 603 884 221 546 205 281 183 443 326 816 244 278 407 74 997 148 957 840 345 31 494 960 520 134
965 752 821 336 148 572 352 401 392 564 998 735 704 86 171 237 677 953 932 289 775 219 691 341 613 987 631 187 624 303 910 627 931 320 726 769 10 147 423 701 278 236 241 246 771 284 569 522 546 908 279 139 824 693 985 228 193 580 947 547 460 198 243 906 27 552 933 656 405 792 730 610 258 697 767 491 842 162 545 948 331 923 363 975 738 354 29 728 272 50 528 69 146 503 766 112 648 604 620 378 994 784 7 615 476 789 170 379 825 232 479 695 165 302 115 437 758 837 875 276 11 606 939 101 82 209 498 662 253 509 976 535 844 118 127 261 149 532 588 920 4 251 540 959 182 427 777 511 477 577 832 534 505 603 938 623 636 887 618 91 922 955 260 665 221 409 475 360 977 377 176 487 809 902 28 418 525 103 946 687 215 387 666 244 61 43 949 849 889 36 659 376 80 37 199 892 533 979 649 74 524 663 903 93 502 154 296 712 157 571 619 583 605 306 328 161 576 743 488 53 213 776 464 65 481 325 808 32 89 478 126 202 688 928 556 357 857 440 870 496 95 345 461 133 859 110 749 670 506 770 755 997 651 113 891 311 472 470 799 39 733 782 262 370 500 596 721 265 523 214 160 14 217 989 473 719 995 621 664 882 754 567 285 444 562 646 791 541 68 489 538 815 951 679 19 795 222 874 607 629 855 204 486 81 45 417 367 611 382 840 177 886 179 798 774 26 999 757 852 907 653 78 443 188 282 400 319 739 287 717 573 371 643 137 316 143 841 661 334 257 413 338 655 212 587 396 899 895 353 184 970 753 169 869 196 33 570 983 230 548 312 402 725 765 632 638 628 868 897 657 510 800 929 814 581 20 871 117 150 944 601 455 867 652 467 309 963 64 329 751 917 130 51 612 732 937 168 786 422 915 945 63 729 22 52 283 851 54 971 741 421 351 41 248 927 531 925 430 669 403 271 13 58 346 785 31 890 984 878 635 723 600 192 804 894 973 747 554 471 866 263 124 166 249 811 861 783 962 397 299 828 877 301 16 504 424 817 561 242 183 83 116 67 203 590 494 235 845 796 734 159 264 3 543 364 56 772 598 896 407 174 459 559 682 395 466 132 275 501 930 736 71 465 727 17 348 9 457 374 710 990 853 469 75 862 831 858 368 34 131 981 807 731 934 516 674 60 48 474 15 255 593 297 18 584 553 425 898 818 122 537 744 788 696 335 521 144 119 518 942 145 432 742 70 172 308 519 362 57 375 97 921 614 558 393 189 211 158 530 46 383 66 399 247 30 355 641 941 517 507 337 290 714 819 912 640 745 713 813 141 560 497 575 293 602 250 848 87 458 585 259 274 968 42 218 366 240 591 412 280 155 672 442 936 216 820 748 565 385 746 267 333 608 860 520 388 805 281 185 617 960 62 595 313 266 350 996 690 419 138 685 330 416 1000 394 344 234 563 318 986 406 843 456 446 884 916 703 943 238 114 992 414 716 706 441 245 838 597 321 72 850 794 156 142 658 339 781 974 173 332 389 25 49 315 582 568 881 551 856 668 492 429 452 952 699 106 834 21 373 645 980 803 913 340 779 434 307 323 830 186 698 384 529 2 829 536 197 681 490 760 972 277 961 190 5 349 47 822 295 555 135 654 673 750 163 100 630 650 574 206 164 107 810 956 801 167 676 823 707 705 59 24 128 451 12 806 954 592 191 123 76 462 226 526 410 740 718 991 463 633 239 513 40 702 361 372 94 1 256 178 254 125 88 225 408 365 369 724 940 950 493 96 919 6 433 485 300 639 233 594 224 542 642 694 454 793 566 982 207 958 909 448 508 644 515 846 151 426 391 358 435 686 210 85 398 153 616 780 671 104 484 380 689 904 557 911 764 102 181 550 957 711 324 709 918 356 527 136 109 883 924 90 327 864 105 291 768 92 964 8 812 286 438 885 966 411 79 120 762 468 195 514 134 55 436 778 539 720 292 77 684 495 73 700 499 579 802 512 578 978 314 386 763 872 893 876 787 227 180 609 715 270 200 229 993 84 873 667 756 647 854 900 969 342 926 935 108 480 268 589 381 294 390 44 129 322 833 483 847 637 888 816 447 967 23 99 359 304 708 761 252 759 634 988 121 208 879 111 415 310 449 737 675 914 549 863 453 625 317 901 905 680 420 175 98 298 152 220 773 445 269 797 404 431 201 326 439 140 790 305 599 622 865 205 626 660 288 836 450 231 722 880 194 544 678 223 347 835 827 343 826 273 38 586 692 35 839 683 482 428
2 119 944
1 407 631
2 132 668
1 427 530
2 97 499
2 28 572
1 548 832
1 540 926
1 207 399
1 284 722
2 511 938
1 60 547
1 100 132
2 599 704
1 645 937
2 187 643
2 230 512
1 118 367
2 185 777
1 25 763
2 124 209
2 743 898
2 744 977
1 17 413
1 154 305
2 782 922
1 682 938
1 691 836
2 337 465
1 94 673
1 164 536
1 221 422
2 657 984
2 506 644
1 238 314
1 81 226
2 201 994
2 4 943
2 674 976
1 142 404
1 428 834
2 459 636
2 196 267
2 488 877
2 377 411
1 166 820
2 221 736
2 535 656
1 613 993
1 660 696
1 77 460
1 280 778
1 380 757
1 187 624
1 384 772
1 828 840
2 48 385
2 104 962
1 24 96
1 883 909
2 299 716
1 119 268
1 66 893
2 544 691
1 259 583
2 116 571
1 62 146
1 129 137
1 75 124
1 785 939
2 139 402
2 774 834
2 62 966
1 247 323
2 212 268
1 42 410
2 413 678
2 189 492
2 115 522
2 340 772
2 182 634
2 170 586
2 55 497
1 482 689
2 28 284
2 410 729
2 32 344
2 865 932
1 203 534
1 806 875
1 649 854
2 752 840
2 270 992
1 189 827
2 655 884
2 371 642
1 262 847
2 193 364
1 404 430
2 92 653
1 497 782
2 105 393
2 37 949
1 38 178
2 40 738
1 170 963
2 12 917
2 163 859
1 846 850
2 80 312
1 331 626
1 315 523
2 312 468
1 639 826
1 780 854
1 408 671
2 14 814
2 241 670
1 680 957
1 89 934
1 229 336
1 777 787
1 231 890
1 57 871
1 339 368
1 755 757
2 528 847
1 242 657
2 412 552
2 230 426
2 104 649
2 242 808
2 737 806
1 565 729
1 60 820
2 175 206
2 877 895
2 13 578
1 619 695
2 261 815
2 858 971
1 330 690
1 140 708
1 457 849
2 409 417
1 433 644
1 419 517
2 634 969
2 705 965
2 442 524
1 69 365
1 556 996
2 38 385
2 56 306
2 213 399
1 347 943
2 523 672
1 67 249
2 236 681
2 335 599
1 433 591
1 163 805
2 813 887
2 296 670
2 610 643
1 112 557
1 639 825
1 556 677
1 324 626
1 68 771
1 872 915
2 709 905
1 408 753
2 657 881
2 223 619
1 237 440
2 893 969
2 326 559
1 324 704
1 803 963
1 18 679
1 405 671
2 55 683
1 40 358
2 123 565
1 918 966
2 109 729
1 312 538
2 699 992
2 134 683
1 20 752
1 197 513
2 4 660
2 203 221
1 785 941
1 220 336
1 144 606
1 1 213
2 264 330
2 963 991
2 232 859
1 85 860
1 889 902
1 396 537
1 335 413
2 279 863
2 59 539
2 321 538
2 414 670
1 343 735
2 567 592
1 384 930
2 70 84
2 327 807
1 429 446
2 57 109
1 32 948
2 739 747
1 498 621
2 554 979
1 37 361
1 218 728
1 288 357
1 773 964
1 410 414
2 29 713
1 674 985
1 473 644
1 727 831
1 26 607
1 212 288
1 233 724
2 85 351
1 616 983
1 100 426
1 185 581
1 277 629
1 281 706
2 260 533
2 232 373
1 420 591
2 281 685
2 441 487
1 822 982
1 274 638
2 541 948
2 470 930
1 415 543
2 315 584
1 127 297
2 225 257
1 165 947
2 563 618
2 332 616
1 123 868
1 143 856
1 62 797
1 113 369
2 476 911
1 792 860
1 595 875
1 570 873
1 38 358
2 428 499
2 331 859
2 689 802
2 99 296
1 619 953
1 109 152
2 259 702
1 331 385
1 229 576
2 796 934
2 319 561
2 430 518
1 589 729
2 229 961
2 224 758
1 346 928
2 425 874
2 409 441
1 342 417
1 95 393
2 433 776
2 95 810
2 19 305
1 748 940
2 602 789
1 83 688
2 645 857
2 829 936
1 115 154
1 77 836
1 463 708
2 30 543
2 702 736
2 659 864
2 11 691
1 35 184
2 568 893
1 272 416
2 549 997
2 403 744
2 100 797
2 299 350
2 98 813
1 636 948
2 275 866
1 184 908
2 48 181
2 352 897
2 74 77
1 146 803
2 50 878
1 9 993
2 382 933
1 25 468
1 618 648
1 628 667
2 6 68
1 32 768
1 602 980
2 527 597
1 514 860
1 455 697
1 295 677
1 105 471
2 152 217
1 264 769
1 451 966
1 853 977
2 117 835
2 193 958
1 300 719
1 20 916
2 321 709
2 15 712
1 50 873
2 612 821
2 370 597
1 640 838
1 71 607
1 175 765
1 779 972
1 507 651
2 518 713
1 30 374
1 929 959
2 464 857
2 509 793
1 126 591
1 427 967
2 183 610
1 374 713
1 164 696
2 265 501
2 107 723
2 500 688
1 242 378
2 40 336
2 146 330
2 309 379
2 120 600
2 329 377
1 167 582
1 181 207
2 562 728
2 78 268
1 84 754
1 229 604
2 348 504
2 603 745
1 203 924
1 316 518
2 194 813
1 162 867
1 71 869
2 141 950
2 667 812
1 328 866
1 399 657
1 327 562
1 35 757
1 359 914
2 423 877
1 462 854
1 261 540
2 226 936
2 802 837
1 599 616
1 279 534
1 455 812
1 231 982
1 101 984
2 880 909
2 439 628
1 568 669
2 535 929
2 3 768
1 337 378
1 92 904
2 222 947
2 585 908
1 248 928
1 287 928
1 213 440
2 97 953
1 246 644
1 908 910
1 157 692
2 111 893
2 388 498
2 15 483
2 130 671
2 537 808
1 47 349
2 718 777
2 219 594
1 90 543
1 311 317
1 318 539
2 196 553
2 502 999
1 323 411
2 350 538
1 25 705
1 86 987
1 90 717
2 224 352
1 35 883
1 640 914
1 4 504
1 299 897
1 30 493
2 714 930
1 21 540
1 164 772
2 297 408
2 336 882
2 126 370
2 92 593
2 348 459
1 175 243
1 564 751
2 94 445
2 819 920
2 752 767
1 604 743
1 137 245
1 168 275
1 421 741
1 197 598
1 280 994
1 303 938
2 52 357
2 264 505
2 275 915
2 427 921
2 953 955
2 132 271
1 559 784
2 200 946
2 353 354
1 96 898
1 66 911
1 383 546
2 565 729
2 427 645
1 17 423
1 243 288
1 328 808
1 323 493
2 71 751
2 65 474
2 173 885
1 341 778
2 645 692
2 283 687
1 582 974
2 670 856
2 723 930
2 147 575
1 302 323
1 817 830
1 470 859
2 438 776
1 642 941
1 716 863
1 338 342
1 403 960
1 314 662
2 81 91
2 61 951
1 398 745
2 569 865
1 625 905
2 311 404
2 278 990
2 152 640
2 377 657
2 226 504
2 387 849
1 151 703
1 610 952
1 385 687
1 82 679
2 688 777
2 729 865
1 296 763
1 27 815
2 649 997
2 505 847
2 22 333
1 186 811
1 262 540
2 44 565
2 23 748
2 420 676
1 273 339
2 49 622
1 292 666
2 412 657
2 465 487
1 205 517
1 452 683
1 498 661
2 186 339
1 180 345
1 297 901
2 212 387
2 155 638
2 451 934
2 56 315
1 52 409
2 30 680
1 212 677
2 290 846
1 855 868
2 457 960
1 311 510
2 5 129
2 111 845
2 385 522
1 413 979
1 374 616
1 530 653
2 222 948
2 186 331
2 523 636
2 689 781
1 252 679
2 139 559
2 447 704
1 276 809
1 393 802
1 237 838
2 901 938
1 181 251
2 118 244
1 199 717
1 556 564
1 146 630
2 300 839
2 296 501
1 645 708
1 463 507
1 635 786
2 906 968
2 284 401
1 178 892
1 256 768
2 57 976
2 35 500
2 8 921
1 208 640
2 45 204
2 265 827
1 286 679
2 432 945
1 197 862
2 40 811
2 532 779
2 876 924
1 214 469
2 281 515
1 110 947
2 440 517
1 240 692
1 108 541
2 791 907
1 650 712
1 156 898
2 319 531
2 425 471
1 31 696
1 840 922
2 575 637
2 151 473
1 701 746
2 209 622
2 349 818
1 678 755
2 219 534
2 497 688
1 829 919
1 25 787
2 57 476
1 195 676
2 48 615
2 391 940
2 435 720
2 70 848
2 392 977
1 24 670
2 137 218
1 263 372
1 58 718
2 707 804
2 441 978
1 778 816
1 543 897
2 39 212
2 664 755
1 88 223
2 749 937
1 269 330
1 699 914
1 120 293
2 339 904
1 202 454
1 66 682
2 136 860
1 879 903
2 574 934
1 321 955
1 668 980
2 288 709
2 600 832
1 120 182
1 626 966
1 180 873
1 723 954
2 61 356
1 52 218
1 326 600
2 222 890
2 612 746
1 65 478
1 79 153
2 281 695
1 172 285
1 262 714
1 499 698
1 169 308
1 183 537
1 242 746
1 69 885
1 850 993
2 223 774
2 553 572
1 293 996
1 81 963
1 270 721
1 21 999
1 424 629
1 601 796
1 592 692
1 102 664
1 15 121
2 174 206
2 629 938
2 351 608
2 8 428
2 76 134
1 358 628
1 868 929
2 117 165
2 580 795
1 115 361
1 535 744
2 279 485
2 479 667
1 57 568
1 11 330
2 94 957
2 466 701
1 521 662
1 155 314
1 381 991
2 113 215
1 425 635
2 60 952
1 126 319
2 506 585
2 235 398
2 663 690
2 425 766
1 40 871
1 247 431
2 452 966
2 688 785
2 205 759
1 491 874
1 228 245
1 887 904
2 124 856
2 297 470
2 160 996
1 9 499
1 251 636
1 255 496
2 363 871
2 367 718
1 419 803
1 447 808
1 145 175
1 416 803
1 140 337
2 417 469
2 244 844
1 175 202
2 394 537
1 228 413
2 123 412
2 278 499
1 493 888
2 65 638
1 420 531
2 169 330
2 266 900
2 329 387
2 79 794
2 49 861
1 90 770
2 460 853
1 13 178
1 784 801
1 458 998
2 383 821
1 220 549
2 227 392
2 596 677
1 577 632
1 240 419
1 276 465
2 150 485
2 159 831
1 361 386
2 212 263
1 71 210
2 675 890
1 639 921
1 48 799
2 545 676
2 606 944
1 658 783
2 126 379
2 21 75
2 608 695
2 184 847
1 45 56
2 376 443
1 626 783
2 88 404
1 100 667
1 598 635
2 90 934
1 64 252
2 47 265
2 323 531
2 627 920
2 644 776
1 209 287
1 405 478
2 586 940
1 546 581
1 153 669
2 457 555
2 629 662
2 107 752
2 455 767
2 773 976
2 49 669
1 179 323
1 136 445
2 103 519
2 341 911
1 37 526
1 425 950
2 42 111
1 437 473
2 182 300
2 415 781
1 412 763
2 433 961
1 111 905
1 364 923
1 30 666
1 674 848
1 608 799
1 121 819
2 134 278
1 62 922
2 555 918
2 793 887
1 230 786
2 157 771
2 62 100
1 112 871
1 177 598
2 841 946
2 364 954
1 443 704
2 789 897
2 944 966
1 254 887
1 571 851
1 236 922
2 707 925
2 327 487
1 477 599
1 360 685
1 227 949
2 178 974
2 559 803
1 264 703
2 103 243
2 18 70
1 940 981
2 404 760
2 474 907
1 728 859
1 533 893
1 434 873
1 217 848
1 364 974
1 442 460
2 445 853
2 240 838
1 262 765
2 165 568
1 64 939
1 359 725
2 417 579
2 524 695
1 217 650
1 800 987
1 406 922
2 192 622
2 407 831
2 172 224
2 64 325
2 97 371
1 373 567
1 628 792
1 175 465
2 100 522
2 575 921
1 312 496
1 671 770
2 335 879
2 59 380
2 905 917
1 64 893
2 12 369
2 523 709
2 146 563
2 877 978
1 72 170
1 680 702
1 35 184
2 109 331
2 551 929
2 8 78
1 190 372
1 253 440
1 333 961
2 77 429
1 317 358
2 811 818
1 422 850
2 92 754
2 645 811
1 47 813
2 282 634
2 505 709
1 9 279
2 400 977
2 169 638
1 364 593
1 273 965
1 483 559
1 134 864
1 66 384
1 229 976
2 713 924
2 558 932
2 519 830
1 287 288
1 188 209
2 257 416
1 54 629
2 119 508
1 287 842
2 559 630
1 151 656
2 681 938
2 580 857
2 132 283
2 261 990
1 22 215
1 663 873
1 38 519
1 270 282
2 405 508
2 99 979
1 40 708
1 312 516
1 184 863
1 427 898
2 526 693
1 206 273
2 405 834
1 15 965
2 47 998
1 251 445
2 79 389
1 205 466
1 670 702
2 341 785
2 488 876
2 365 683
2 216 881
2 1 360
1 293 815
2 384 526
1 750 932
2 553 755
2 353 420
1 175 722
1 813 905
2 25 543
1 581 824
2 482 882
2 109 674
1 730 992
2 767 881
1 93 380
2 213 266
2 396 659
2 311 977
2 104 501
1 117 137
1 576 759
1 41 526
1 848 899
1 264 519
1 602 813
1 203 752
2 971 975
1 312 647
2 64 487
1 402 998
2 172 940
1 542 650
2 338 745
1 430 737
2 109 983
2 877 895
1 222 868
1 13 951
2 64 818
2 450 927
2 681 708
1 338 534
1 123 230
2 98 168
1 653 664
1 128 381
2 174 855
2 783 829
2 58 66
1 243 580
2 161 510
2 152 160
2 74 919
1 341 467
2 72 89
1 631 684
2 64 854
1 898 904
1 468 991
1 603 685
1 810 826
1 116 622
1 235 255
1 627 733
1 492 769
1 187 781
