507388
507388
508388
508388
509388
509388
510388
510388
509388
509388
509388
509388
509388
509388
509388
508388
508388
508388
507388
508388
508388
508388
508388
508388
510388
511388
511388
511388
512388
512388
512388
511388
511388
513388
513388
512388
512388
512388
512388
512388
511388
510388
510388
510388
510388
510388
510388
511388
511388
511388
511388
511388
511388
510388
512388
512388
511388
510388
510388
510388
510388
511388
511388
512388
512388
512388
512388
512388
511388
511388
511388
511388
512388
512388
512388
510388
511388
510388
511388
512388
512388
511388
511388
510388
510388
510388
510388
510388
510388
510388
510388
510388
510388
509388
508388
509388
509388
509388
509388
508388
508388
508388
509388
509388
509388
509388
509388
510388
512388
511388
511388
513388
513388
512388
512388
512388
512388
511388
512388
511388
511388
511388
510388
511388
512388
512388
513388
514388
513388
514388
514388
515388
514388
514388
513388
512388
512388
511388
510388
510388
509388
508388
508388
508388
509388
509388
509388
509388
509388
508388
508388
507388
507388
505388
505388
505388
505388
504388
504388
505388
504388
504388
505388
506388
505388
506388
506388
505388
505388
505388
506388
507388
507388
507388
509388
508388
508388
509388
510388
510388
510388
508388
507388
507388
507388
505388
505388
504388
503388
502388
501388
499388
499388
500388
500388
501388
501388
501388
501388
502388
502388
503388
503388
504388
504388
504388
504388
503388
503388
503388
503388
504388
505388
505388
506388
506388
506388
506388
506388
507388
507388
507388
507388
507388
507388
507388
507388
508388
508388
509388
509388
510388
510388
509388
510388
510388
510388
509388
508388
508388
508388
508388
508388
510388
510388
511388
511388
509388
509388
508388
508388
507388
507388
507388
505388
504388
505388
505388
504388
506388
504388
503388
503388
503388
503388
503388
503388
504388
504388
504388
504388
505388
504388
505388
505388
505388
504388
504388
505388
503388
502388
501388
502388
502388
502388
502388
501388
500388
499388
499388
498388
500388
500388
499388
498388
499388
500388
500388
500388
500388
499388
499388
497388
498388
497388
497388
497388
498388
499388
499388
498388
499388
499388
498388
497388
498388
498388
498388
499388
499388
499388
500388
499388
501388
501388
500388
500388
499388
499388
501388
500388
500388
500388
499388
499388
499388
498388
497388
497388
498388
498388
496388
496388
497388
496388
495388
495388
494388
493388
494388
495388
495388
496388
496388
496388
496388
497388
497388
497388
497388
498388
498388
498388
498388
498388
497388
497388
496388
496388
495388
495388
494388
494388
494388
494388
493388
493388
493388
493388
493388
493388
494388
494388
494388
494388
493388
493388
493388
492388
492388
492388
493388
493388
493388
494388
494388
494388
494388
494388
494388
494388
493388
493388
494388
495388
495388
495388
495388
494388
493388
493388
492388
492388
492388
492388
491388
491388
493388
493388
493388
492388
492388
493388
492388
492388
492388
492388
492388
491388
491388
492388
491388
491388
491388
491388
492388
493388
492388
494388
495388
496388
496388
495388
494388
495388
495388
496388
497388
498388
498388
499388
499388
499388
499388
500388
500388
499388
499388
500388
499388
498388
499388
500388
500388
500388
500388
500388
502388
502388
503388
503388
504388
504388
504388
504388
504388
504388
504388
502388
501388
500388
501388
499388
499388
499388
498388
499388
498388
499388
499388
499388
499388
499388
499388
499388
499388
500388
500388
502388
502388
502388
503388
503388
504388
505388
505388
505388
505388
506388
506388
505388
504388
503388
503388
502388
501388
503388
504388
504388
505388
505388
505388
504388
504388
504388
504388
504388
503388
503388
503388
503388
504388
505388
507388
509388
508388
508388
507388
507388
507388
507388
508388
509388
508388
509388
508388
508388
508388
507388
508388
509388
508388
508388
508388
508388
509388
509388
509388
508388
508388
509388
510388
510388
510388
511388
512388
512388
510388
510388
511388
512388
512388
512388
512388
513388
513388
512388
512388
512388
512388
511388
512388
512388
512388
512388
512388
512388
512388
512388
512388
512388
513388
513388
512388
514388
516388
514388
515388
515388
515388
515388
514388
514388
513388
513388
513388
513388
512388
513388
514388
514388
514388
514388
516388
516388
516388
516388
515388
515388
514388
515388
514388
514388
515388
513388
512388
511388
512388
512388
513388
511388
510388
509388
509388
509388
509388
509388
510580
508580
508580
508580
508580
507580
507580
506580
506580
505580
506580
506580
505580
505580
507580
507580
508580
509580
509580
510580
510580
511580
512580
511580
511580
511580
511580
511580
510580
510580
511580
510580
510580
510580
510580
510580
510580
511580
511580
511580
511580
511580
510580
509580
509580
509580
509580
509580
510580
510580
510580
510580
511580
510580
510580
510580
509580
510580
509580
509580
509580
509580
510580
510580
510580
511580
510580
510580
510580
510580
512580
511580
511580
512580
511580
511580
512580
512580
512580
511580
511580
511580
510580
510580
511580
512580
511580
510580
511580
512580
512580
511580
511580
512580
512580
512580
512580
513580
512580
511580
511580
510580
510580
510580
510580
510580
509580
509580
509580
508580
506580
506580
506580
505580
505580
506580
506580
506580
505580
505580
505580
504580
505580
505580
505580
505580
504580
504580
504580
504580
504580
504580
502580
502580
503580
504580
505580
505580
505580
505580
506580
508580
510580
510580
510580
510580
509580
509580
511580
510580
509580
509580
508580
506580
507580
507580
509580
510580
511580
512580
512580
513580
514580
513580
512580
511580
511580
510580
510580
510580
511580
510580
508580
508580
508580
507580
506580
506580
506580
507580
507580
508580
509580
510580
510580
510580
510580
510580
510580
509580
509580
510580
510580
510580
509580
509580
510580
509580
507580
506580
507580
508580
507580
506580
506580
505580
505580
506580
507580
507580
507580
508580
508580
507580
507580
507580
507580
506580
506580
505580
505580
507580
509580
509580
509580
509580
510166
511166
510166
509166
509166
509166
510166
510166
508166
508166
509166
509166
509166
509166
509166
509166
509166
509166
508166
508166
508166
507166
508166
508166
509166
510166
511166
511166
511166
511166
512166
512166
512166
511166
513166
513166
514166
515166
514166
512166
512166
512166
511166
512166
512166
512166
512166
512166
512166
512166
511166
510166
509166
510166
508166
508166
508166
507166
507166
506166
506166
506166
506166
506166
507166
507166
506166
506166
507166
505166
506166
506166
506166
506166
504166
505166
504166
504166
504166
504166
504166
504166
504166
504166
503166
501166
499166
498166
498166
498166
499166
499166
498166
498166
499166
498166
498166
499166
499166
498166
499166
499166
499166
499166
499166
499166
499166
499166
499166
499166
499166
501166
501166
501166
502166
502166
502166
502166
503166
504166
504166
505166
504166
502166
503166
502166
502166
501166
502166
502166
501166
502166
502166
502166
501166
502166
501166
