1000 1000
639 737 122 120 969 762 103 93 5 382 540 82 988 49 41 570 343 919 12 97 529 428 143 4 496 252 460 767 70 616 317 380 759 864 583 844 89 965 366 472 316 874 578 397 436 271 91 244 660 812 177 595 939 502 732 742 151 675 237 628 695 771 658 992 931 807 249 201 276 634 956 106 443 527 242 746 241 96 924 156 315 392 259 535 913 160 233 556 652 188 752 430 354 225 304 848 448 501 923 141 432 301 707 474 228 901 83 307 47 445 285 406 192 926 803 360 246 10 473 369 64 46 942 409 615 805 763 240 216 101 915 90 466 139 903 174 890 766 567 791 21 891 936 609 592 943 441 885 417 81 355 412 906 916 313 594 562 604 608 71 289 67 39 553 467 690 450 546 200 27 543 35 882 974 128 840 302 921 905 617 337 511 370 363 794 758 934 650 809 385 350 167 55 444 593 896 50 508 781 353 990 811 589 176 470 293 929 476 716 100 922 888 764 152 504 209 797 124 550 814 772 744 256 600 829 957 449 492 950 148 25 310 837 381 153 290 314 324 607 169 836 612 699 757 323 390 719 131 483 910 341 663 372 827 694 439 114 702 524 907 339 95 761 676 346 303 116 925 356 598 633 636 9 881 649 215 581 311 8 280 914 661 671 821 756 440 420 798 227 681 585 487 437 459 620 279 909 940 351 74 66 138 326 402 17 190 842 645 747 168 889 365 465 933 75 982 331 489 559 364 573 523 38 760 515 832 486 734 163 258 498 269 99 264 129 379 127 6 810 855 22 884 308 902 261 54 207 721 222 142 133 755 773 563 640 232 859 697 203 679 415 947 786 477 447 235 739 44 2 500 908 65 978 219 105 686 478 391 897 202 972 996 560 109 26 23 541 194 575 134 777 852 817 210 937 561 749 715 557 395 547 458 48 251 724 189 404 945 822 212 868 674 530 16 706 245 332 806 463 287 788 130 952 579 358 804 393 503 917 468 92 497 584 514 741 849 51 850 703 991 479 857 211 376 247 997 273 622 517 214 291 963 253 368 267 539 221 284 665 866 426 77 830 808 59 481 223 418 69 623 20 208 461 84 220 828 108 43 792 499 158 433 150 125 867 876 754 999 86 456 186 260 861 651 673 520 569 948 912 643 528 53 819 618 813 135 113 119 655 205 40 689 886 403 488 117 147 396 34 399 977 871 320 32 733 295 262 318 62 204 3 435 537 525 779 429 85 670 299 692 751 580 87 995 410 170 178 684 104 602 680 281 880 401 691 720 984 935 236 941 344 31 841 672 877 423 552 183 15 512 394 856 226 265 506 145 879 971 359 182 56 371 118 309 161 438 400 37 985 30 14 820 545 199 700 1 605 565 642 229 292 181 146 386 521 277 137 266 98 625 872 713 845 858 526 172 723 688 576 938 685 785 58 568 769 198 738 582 614 405 610 155 740 457 180 322 790 234 587 505 336 898 362 869 555 455 571 387 826 816 588 900 853 76 231 577 319 375 750 294 342 57 566 107 653 899 268 846 197 825 678 838 878 927 480 217 288 831 422 94 801 976 549 731 136 424 522 954 278 980 542 250 726 490 218 389 799 613 68 730 19 414 966 509 132 11 783 989 932 373 327 471 774 536 243 33 953 195 171 238 683 894 659 851 451 887 347 630 647 61 534 248 591 78 709 513 955 704 960 452 964 736 306 725 904 962 835 718 206 52 787 597 961 631 300 154 224 425 710 558 911 967 431 860 944 121 312 728 705 378 693 551 196 611 544 193 334 696 745 321 482 833 714 115 275 776 491 179 374 839 968 554 453 408 427 173 230 729 606 981 928 626 272 254 184 333 818 191 847 454 657 123 648 892 187 345 110 646 883 843 361 765 329 753 533 60 619 149 484 469 274 638 601 464 18 862 140 407 748 159 800 717 564 388 708 349 257 519 282 664 958 495 986 793 413 667 166 7 824 735 834 743 949 975 485 352 875 994 340 411 893 475 111 548 263 635 112 538 641 213 998 987 815 144 918 662 782 442 946 296 993 865 162 632 348 165 421 88 621 802 283 398 789 863 666 13 712 532 164 239 1000 627 72 590 727 73 462 63 28 384 654 24 768 297 629 338 126 711 895 687 185 701 959 644 518 335 510 669 656 677 80 574 286 795 586 416 507 596 419 29 328 270 722 79 434 36 298 493 873 796 970 45 823 780 637 42 973 330 930 983 770 157 531 367 494 305 377 446 951 979 870 255 778 516 698 599 784 102 775 668 357 175 854 603 624 572 325 682 920 383
238 798 251 509 705 821 594 459 412 701 282 267 953 804 676 209 909 800 566 237 266 769 842 577 786 126 801 4 725 76 197 647 191 855 13 664 240 146 758 81 154 45 924 885 515 106 680 816 846 817 253 596 140 578 859 192 834 523 965 296 389 848 10 603 132 277 704 964 477 262 110 542 914 927 268 207 734 145 107 72 12 421 552 433 809 367 890 880 152 73 172 437 321 906 780 40 468 308 844 920 88 991 217 604 278 460 833 436 543 875 247 863 937 5 56 248 624 317 111 874 309 445 785 824 369 1 462 895 564 691 289 934 160 905 416 135 888 838 83 143 739 316 279 731 491 942 148 114 864 975 514 746 93 118 318 951 967 929 427 930 601 585 310 183 171 976 405 383 825 692 151 299 903 473 698 945 576 99 411 170 869 766 755 311 493 443 419 641 246 292 696 288 878 796 244 348 18 921 457 686 470 323 532 777 918 478 472 349 185 694 591 116 573 897 572 232 50 7 510 926 265 256 891 326 645 689 94 652 615 657 724 431 530 616 354 904 51 67 613 400 590 285 139 137 295 344 768 340 954 581 899 896 271 339 893 831 672 757 527 856 225 223 917 210 293 669 498 386 709 117 950 655 803 502 200 524 549 219 750 892 670 835 451 260 488 174 53 841 575 448 407 453 122 742 343 396 438 233 789 733 944 33 529 979 719 584 490 847 865 633 489 913 588 788 872 916 505 627 123 331 494 362 8 430 195 337 338 987 239 273 291 877 815 440 638 500 837 902 806 259 62 822 231 300 434 84 557 155 907 68 922 161 933 586 439 287 390 649 115 24 908 814 570 420 482 550 447 121 659 96 936 726 23 89 432 881 119 997 74 280 879 79 522 66 534 230 883 373 870 772 843 621 665 395 516 511 77 919 28 628 463 312 512 31 186 910 325 485 688 990 178 190 229 35 955 983 671 571 41 794 730 962 980 609 452 65 162 978 646 862 764 839 165 19 75 211 650 187 36 675 461 352 813 455 63 632 283 168 592 198 351 16 401 845 702 559 710 163 305 556 808 866 466 20 599 414 298 261 957 264 602 639 391 263 994 711 360 378 737 760 336 695 188 682 656 770 61 97 59 819 49 782 499 124 797 442 749 245 735 92 598 900 614 425 175 327 276 450 648 479 938 779 441 681 667 551 423 612 384 392 857 44 545 707 658 998 105 144 379 43 673 968 332 748 347 313 861 949 533 995 254 507 330 275 915 393 827 250 548 307 732 716 206 518 960 662 582 565 57 554 787 849 521 715 17 243 996 925 961 204 301 46 109 626 740 993 860 666 297 157 941 660 54 184 640 677 977 215 101 959 216 435 956 69 476 940 563 387 886 619 103 828 718 242 752 366 754 574 486 64 683 156 618 540 179 27 465 767 102 274 553 525 328 218 342 858 21 818 605 708 224 464 355 314 517 981 481 901 48 158 30 935 610 47 792 693 873 728 127 394 852 356 611 173 781 867 350 38 357 241 547 255 159 593 2 898 674 744 791 643 751 234 974 775 34 417 333 741 341 761 100 377 745 520 252 290 508 635 381 9 483 663 607 113 684 408 402 202 805 108 1000 569 802 678 531 617 370 679 324 771 642 939 793 359 562 501 700 221 876 836 537 368 55 932 783 519 475 587 39 790 90 608 136 595 131 306 258 972 365 176 29 303 334 736 58 721 189 544 403 376 812 947 413 480 970 713 868 580 506 399 820 272 487 999 630 82 329 699 474 167 388 319 371 196 714 762 353 631 181 471 454 205 446 228 456 428 385 429 91 579 948 653 78 444 541 807 153 142 513 706 597 112 889 257 811 37 539 180 644 765 982 458 697 946 712 182 141 969 985 286 424 854 213 853 703 11 535 984 406 687 60 426 236 380 850 988 504 774 3 220 756 568 717 404 32 528 42 636 409 199 851 722 130 320 634 546 294 134 753 375 497 469 776 729 911 193 738 526 871 249 422 104 6 884 363 629 85 882 164 923 625 284 70 95 720 270 208 654 398 992 361 133 799 829 322 335 685 418 227 484 364 177 147 128 986 943 759 120 169 345 763 558 52 966 928 15 622 952 989 894 374 22 281 832 567 346 98 784 560 973 778 25 214 372 358 315 589 503 129 661 86 150 87 620 495 269 795 668 887 222 203 382 931 830 826 747 26 840 555 201 235 810 561 727 600 606 149 583 71 637 651 125 166 14 467 410 912 743 723 823 958 449 194 304 971 492 963 212 302 623 538 138 80 496 226 690 773 397 536 415
1 521 785
1 549 821
1 95 478
1 359 492
1 324 328
2 767 880
2 484 654
1 540 645
2 352 655
1 187 599
2 68 106
2 879 998
2 40 111
2 250 406
1 948 962
1 345 856
2 466 859
2 254 424
1 192 222
2 217 278
2 220 871
1 346 609
2 50 362
1 229 633
1 38 461
1 814 876
2 542 864
2 162 982
1 884 981
1 31 618
1 738 790
2 58 208
1 577 578
1 507 614
2 796 931
1 410 808
2 292 576
2 245 255
2 6 1000
1 86 885
2 667 915
1 891 898
1 633 822
1 758 973
1 14 550
1 313 599
1 214 975
1 308 561
2 322 389
1 536 978
2 816 840
1 517 674
1 589 805
2 532 681
2 480 1000
1 80 723
1 160 759
1 732 860
1 423 807
2 838 890
2 91 374
1 147 837
1 314 794
1 308 680
2 149 609
2 243 384
2 651 965
2 541 960
1 463 674
2 255 515
2 125 782
1 98 107
2 765 839
2 123 413
2 39 372
2 676 681
2 778 909
2 260 383
2 236 566
2 653 685
1 518 645
1 103 531
2 609 919
2 484 598
2 183 502
2 603 977
2 845 880
1 236 680
1 221 625
1 373 426
1 598 824
1 376 462
1 120 713
1 416 631
1 162 835
1 392 445
1 83 166
2 189 989
2 22 152
1 679 854
1 508 718
2 492 649
2 306 510
1 667 899
1 953 978
2 541 670
2 17 800
2 225 329
1 634 977
2 314 504
2 509 969
1 116 663
2 520 565
2 37 90
2 282 361
1 441 812
2 742 752
1 227 868
2 179 483
2 509 660
2 170 275
1 486 779
1 222 676
2 366 642
2 208 797
2 880 936
2 811 952
2 67 653
1 685 709
1 38 277
2 223 930
2 311 737
2 264 862
1 302 541
2 494 654
1 309 383
1 366 962
1 229 298
1 157 936
2 37 362
2 56 761
1 13 772
2 464 633
2 149 982
1 662 784
1 409 483
1 464 721
2 591 759
1 106 578
1 20 260
2 523 560
1 676 886
2 645 715
2 304 551
1 241 850
2 351 744
2 129 189
2 112 523
2 680 913
1 189 469
1 403 842
1 449 555
2 5 692
1 719 771
2 177 865
2 678 978
1 26 361
1 260 658
2 141 180
2 193 909
1 457 858
2 729 880
2 86 700
2 98 685
2 586 789
2 464 713
2 16 864
1 303 850
1 375 947
1 27 497
2 511 678
2 356 792
2 381 595
2 636 664
1 321 345
2 146 823
2 118 906
2 309 433
1 708 820
1 145 503
2 394 403
1 251 552
2 60 131
2 196 449
1 820 922
1 313 689
2 374 659
1 191 273
2 101 187
2 156 822
1 519 765
2 732 872
1 709 848
2 123 404
1 352 870
1 267 301
2 764 989
2 620 905
1 102 175
1 100 748
1 49 378
1 181 689
2 322 663
1 134 284
1 563 963
2 56 350
1 822 881
2 498 534
1 13 281
1 400 471
2 167 799
1 131 765
2 219 953
1 595 661
2 633 775
1 21 963
2 503 813
1 502 678
2 405 726
2 381 444
2 25 177
2 33 638
2 479 527
1 145 970
2 334 405
2 256 545
2 349 878
1 396 479
1 570 666
1 425 950
1 97 996
2 614 685
1 682 756
2 670 991
2 171 592
2 39 568
2 420 442
2 421 454
2 350 394
2 125 800
1 595 634
2 245 1000
1 285 850
1 354 934
2 548 555
2 36 231
2 610 799
1 380 641
1 127 182
1 190 821
1 107 938
2 423 908
1 81 662
1 513 616
2 170 960
1 60 430
2 48 763
1 482 983
1 600 846
1 180 714
2 272 550
2 736 991
2 77 239
1 634 776
1 250 944
2 151 458
2 856 892
1 133 286
2 23 962
2 245 623
1 243 609
2 388 672
2 482 575
1 636 902
1 405 740
2 593 637
2 83 123
1 402 913
1 414 650
1 80 640
2 391 981
1 318 663
2 255 617
2 788 915
1 258 938
2 223 715
1 361 699
1 387 407
2 41 95
2 488 905
2 891 926
1 235 752
2 38 225
1 251 935
1 75 196
2 150 508
1 208 522
1 69 290
1 473 687
2 48 411
2 170 896
1 624 816
2 228 277
2 519 995
2 219 921
2 736 787
1 72 516
1 275 870
2 121 921
2 175 845
2 646 774
2 18 409
1 159 292
2 477 974
2 242 807
2 361 541
1 474 661
2 14 460
2 3 391
1 507 661
2 95 987
1 358 831
2 296 430
2 722 948
1 194 197
2 61 762
1 387 425
2 16 629
1 350 870
2 63 471
1 253 590
2 116 243
2 875 876
2 263 671
1 124 405
1 174 786
2 212 779
1 183 506
2 719 986
2 13 607
1 241 480
1 16 468
2 672 692
2 533 972
1 629 847
1 118 623
1 158 457
1 200 360
2 80 322
2 211 385
2 312 750
1 98 424
2 403 910
1 138 750
2 190 488
2 259 651
1 757 816
1 554 900
1 525 586
2 246 984
1 233 550
2 199 755
2 279 817
2 35 472
1 775 920
2 12 867
2 329 382
2 15 694
2 22 794
2 84 894
2 611 955
1 326 877
1 126 685
2 484 575
2 175 585
2 78 223
2 318 931
1 32 221
2 496 946
2 75 228
2 241 660
2 240 317
1 339 801
2 378 686
2 50 195
1 408 569
1 711 830
2 251 677
1 769 835
2 274 706
2 237 649
2 219 303
1 375 914
1 20 450
2 48 327
1 901 947
1 438 505
2 100 962
2 559 981
1 133 385
1 411 628
2 348 894
2 146 721
2 65 908
2 853 941
2 45 231
1 598 772
1 41 305
1 635 665
1 117 576
1 724 823
2 550 746
1 366 604
1 123 166
2 639 846
2 29 267
1 584 789
1 649 918
1 173 756
2 59 436
2 5 225
2 612 676
2 16 206
1 23 137
1 304 709
2 462 690
1 467 985
2 698 917
1 551 968
2 585 644
1 596 910
1 598 703
2 476 683
1 333 741
2 176 485
2 715 724
2 452 837
1 122 985
1 446 754
1 111 134
1 319 383
1 384 597
1 784 910
2 20 483
2 505 905
2 119 424
2 511 755
1 474 906
2 260 798
1 47 972
2 94 155
1 286 587
1 289 598
1 55 840
1 456 680
2 359 985
1 544 768
2 135 798
1 198 679
1 667 727
2 440 529
2 668 709
2 268 517
2 455 570
1 49 196
1 43 216
1 211 628
2 653 774
2 248 663
2 410 586
2 283 734
1 132 320
1 196 229
1 531 667
2 612 719
1 449 464
1 173 981
1 285 554
1 605 846
2 332 503
1 324 580
1 569 899
2 684 952
2 409 873
2 259 274
2 9 817
2 429 925
1 318 333
2 132 302
1 44 891
1 478 856
1 138 850
2 159 498
2 312 782
2 155 958
2 263 759
1 288 985
1 201 430
2 773 804
2 78 535
1 6 730
2 344 522
1 586 827
1 88 993
1 877 979
2 254 866
1 110 957
2 395 553
1 2 585
1 121 570
2 119 161
2 631 914
2 122 710
2 81 336
2 658 767
2 161 602
2 840 928
2 149 900
1 423 470
1 436 636
1 329 468
1 65 626
2 289 525
2 147 957
1 52 179
2 349 498
2 114 353
1 38 154
1 511 871
2 173 951
1 19 297
1 915 990
1 123 145
2 300 954
2 822 900
1 245 831
2 121 698
1 244 622
2 70 592
2 162 348
2 145 325
1 163 719
1 496 668
1 117 948
1 66 70
1 181 418
2 415 433
1 202 577
1 18 79
2 259 804
2 365 663
1 16 163
1 369 460
1 172 367
2 422 533
2 157 182
1 328 367
1 395 503
1 519 834
1 635 677
1 475 952
1 408 489
1 201 715
2 437 871
1 285 762
2 530 892
1 160 401
1 50 310
1 863 889
2 226 874
1 58 593
2 533 916
2 601 960
2 205 506
1 193 259
1 340 489
1 203 627
1 378 429
1 783 869
1 59 281
1 73 338
1 576 586
1 306 740
1 408 596
2 104 184
1 15 478
1 715 767
1 442 463
2 434 647
2 590 775
1 328 596
2 149 150
2 691 935
1 721 984
1 766 792
1 271 788
2 19 923
1 418 833
2 151 601
2 111 479
2 62 833
1 205 997
1 32 418
2 744 753
2 385 522
1 369 911
1 568 593
1 544 608
1 533 534
1 17 869
1 332 796
1 429 461
2 856 894
1 148 238
1 726 795
2 20 169
1 498 598
2 174 457
2 326 797
2 195 577
2 367 549
2 373 895
2 602 940
2 47 706
2 500 506
2 791 960
1 97 591
2 679 764
1 330 961
2 250 471
1 418 735
2 30 901
2 565 934
1 483 656
2 187 573
1 260 921
2 557 961
1 474 523
1 210 274
2 567 663
2 118 198
1 64 668
2 212 761
1 477 784
2 38 372
2 59 247
1 458 517
2 57 842
1 164 475
2 14 586
1 436 627
2 478 659
1 829 833
1 300 684
1 672 729
2 38 106
2 216 971
1 109 549
2 454 593
2 95 193
2 231 427
1 378 793
1 221 322
2 321 461
2 208 955
2 760 886
2 399 840
1 245 938
2 412 665
2 335 602
1 711 752
2 35 459
1 722 894
1 171 411
2 885 922
2 95 281
2 472 476
2 267 597
2 482 660
2 495 643
2 154 201
1 526 849
2 258 797
2 400 484
1 512 997
2 235 406
1 360 628
2 377 389
1 103 838
2 321 613
1 57 279
1 569 708
2 34 516
2 262 523
2 37 246
1 742 940
1 182 499
2 356 740
2 196 830
1 80 215
2 270 756
2 437 595
2 422 606
1 143 614
1 266 775
2 66 91
2 96 725
1 623 957
2 135 487
2 323 363
1 500 775
2 32 593
2 41 158
2 44 985
2 556 858
2 845 979
2 164 748
1 625 973
1 345 975
2 120 230
1 298 749
2 566 786
1 317 781
1 57 376
1 53 730
2 81 727
1 556 574
1 7 385
1 460 574
1 808 867
2 333 616
1 310 811
2 421 678
2 40 720
2 176 809
1 742 873
1 207 305
2 262 776
1 772 849
2 143 359
2 355 984
2 321 759
2 368 694
1 145 370
2 173 389
1 173 542
1 681 960
2 272 310
2 201 346
1 414 558
1 277 697
1 99 568
2 783 866
2 248 754
1 308 731
2 103 258
2 500 696
1 432 515
1 427 824
1 347 395
2 21 928
2 15 411
1 55 597
2 214 903
1 313 964
1 62 64
2 50 695
1 746 898
2 151 195
2 882 982
2 6 209
1 513 583
2 265 423
2 308 320
2 137 711
1 395 674
2 212 632
1 548 973
2 297 811
1 428 824
1 540 608
2 296 514
2 455 828
1 321 525
2 159 445
1 905 987
2 282 937
2 99 331
1 125 524
2 149 436
1 862 903
1 70 235
2 106 634
2 504 902
2 649 888
1 463 548
2 528 924
2 90 956
2 447 730
2 116 890
1 228 724
1 451 999
1 241 743
1 238 905
1 48 386
1 520 607
2 26 915
2 512 525
2 395 469
2 270 920
2 469 735
1 296 589
1 367 891
1 484 755
1 577 864
1 636 777
1 48 821
2 43 453
2 50 782
1 959 988
1 35 60
2 571 994
1 61 312
2 26 250
2 8 71
2 25 744
1 390 793
2 226 948
2 868 992
1 702 738
2 298 779
2 33 188
1 8 200
1 82 748
2 667 675
1 135 903
1 365 576
2 354 866
2 50 554
1 75 695
2 603 619
2 75 141
1 216 497
1 724 786
2 208 947
2 424 801
1 193 793
2 49 856
2 212 919
2 410 895
2 48 148
2 111 489
1 710 1000
2 235 481
2 184 697
1 6 519
2 201 795
1 343 461
2 550 765
2 594 1000
1 239 362
1 662 874
2 390 829
2 141 280
2 345 982
1 347 553
1 78 902
2 323 478
1 683 840
1 595 727
2 247 604
1 214 276
1 779 971
2 35 713
2 62 208
1 16 865
1 52 928
1 170 530
1 295 994
1 528 896
1 347 908
1 222 366
2 289 504
1 429 931
1 92 294
1 376 822
2 67 670
1 633 975
1 56 673
1 766 953
2 388 439
2 297 833
1 424 998
1 167 861
2 792 943
2 9 994
1 713 932
2 239 602
1 756 873
2 425 701
1 238 585
1 63 272
1 630 823
1 280 374
2 139 752
2 29 597
2 31 87
1 187 527
2 895 936
1 335 949
2 167 263
1 42 64
1 316 683
1 200 454
2 399 777
1 131 650
2 59 723
2 288 714
2 190 383
1 573 889
1 176 262
1 178 790
1 238 756
2 581 743
1 330 508
2 163 878
1 714 744
1 81 100
1 743 839
2 417 675
2 595 986
2 296 524
1 749 845
1 161 987
2 348 819
1 340 597
2 99 937
1 4 748
1 180 681
2 70 744
2 57 208
1 109 457
1 29 848
2 106 315
1 490 662
1 185 490
2 531 999
2 704 868
2 385 947
1 540 563
2 725 750
2 281 898
1 70 301
1 132 337
2 63 602
1 110 285
2 182 884
2 511 614
1 299 566
1 303 666
1 350 356
1 45 92
2 353 476
1 674 945
2 102 721
2 607 786
2 350 717
1 264 547
1 413 901
2 803 808
2 558 587
1 631 633
1 28 920
2 262 945
2 308 894
2 845 880
1 225 995
1 39 897
2 248 723
1 623 751
1 389 983
2 879 940
1 212 478
1 14 70
2 407 577
1 363 805
1 14 788
2 56 624
2 748 911
