496361
496361
495361
495361
495361
495361
495361
494361
494361
495361
495361
494361
494361
493361
493361
493361
492361
492361
492361
492361
491361
492361
492361
491361
491361
490361
490361
491361
490361
490361
489361
489361
490361
490361
491361
491361
491361
490361
489361
489284
489284
488284
488284
488284
488284
488284
488284
488284
489284
490284
490284
489284
488284
489284
488284
488328
488328
488328
488328
487328
488328
487328
487328
488328
489328
487328
487328
486328
486328
487328
487328
487328
487328
488328
488328
487328
487328
486328
486328
486328
487328
488328
489328
490328
490328
489328
488328
487328
487328
487328
487328
487328
487328
487328
488328
487328
487328
487328
487328
487328
487328
487328
487328
487328
488328
488328
489328
489328
490328
489328
490328
490328
490328
490328
490328
491328
492328
492328
492328
493328
494328
495328
495328
496328
496328
496328
496328
497328
496328
495328
495328
496328
496328
495328
495328
494328
494328
494328
494328
493328
492328
492328
492328
493328
493328
493328
493328
493328
494328
495328
495328
495328
497328
499328
498328
497328
495328
495328
495328
494328
493328
493328
493328
493328
493328
493328
492328
493328
493328
493328
492328
492328
492328
493328
492328
493328
492328
492328
492328
490328
490328
491328
492328
493328
494328
494328
493328
493328
493328
493328
493328
491328
491328
491328
492328
492328
492328
491328
491328
491328
491328
491328
491328
490328
490328
490328
490328
492328
492328
493328
492328
492328
491328
491328
491328
491328
491328
491328
491328
491328
491328
490328
490328
490328
490328
491328
491328
489328
488328
488328
488328
488328
489328
490328
490328
491328
493328
492328
492328
492328
493328
493328
493328
494328
494328
492328
491328
492328
492328
492328
492328
492328
492871
492871
493871
493871
494871
495871
495871
495871
495871
495871
494871
495871
495871
496871
497871
498871
497871
497871
498871
497871
497871
496871
495871
496871
496871
496871
496871
496871
495871
495871
494871
494871
494871
494871
495871
495871
497871
498871
499871
499871
500871
500871
500871
500871
499871
499871
500871
501871
500871
501871
502871
502871
502871
503871
503871
502871
502871
502871
501871
502871
503871
503871
503871
502871
501871
500871
499871
499871
499871
499871
500871
501871
501871
502871
501871
501871
500871
501871
501871
500871
501871
502871
500871
500871
500871
499871
501871
501871
502871
502871
503871
502871
502871
501871
500871
501871
501871
500871
500871
501871
501871
501871
501871
501871
500871
501871
501871
500871
500871
499871
499871
499871
499871
500871
500871
500871
499871
499871
500871
499871
499871
499871
499871
499871
499871
498871
498871
498871
498871
497871
497871
497871
498871
496871
496871
496871
496871
494871
494871
494871
494871
496871
496871
496871
495871
495871
495871
496871
495871
495871
496871
496871
498871
498871
498871
498871
497871
497871
497871
497871
497871
498871
498871
498871
498871
498871
499871
499871
498871
498871
499871
498871
498871
498871
498871
498871
498871
498871
498871
498871
498871
497871
497871
497871
496871
495871
495871
497871
497871
497871
497871
496871
495871
495871
495871
496871
495871
496871
496871
496871
496871
496871
495871
494871
494871
494871
496871
496871
496871
497871
497871
497871
498871
498871
498871
499871
499871
500871
500871
499871
500871
500871
500871
499871
499871
499871
499871
499871
497871
498871
499871
499871
500871
500871
500871
500871
500871
501871
501871
501871
501871
500871
501871
499871
499871
500871
500871
500871
500871
500871
500871
500871
500871
500871
500871
499871
498871
498871
498871
497871
497871
498871
498871
497871
498871
499871
499871
500871
501871
501871
501871
501871
500871
501871
501871
501871
502871
502871
502871
502871
501871
501871
502871
502871
502871
503871
503871
503511
504511
504511
504511
504511
504511
504511
505511
505511
505511
507511
507511
508511
509511
509511
509511
509511
510511
511511
512511
512511
513511
512511
512511
512511
511511
513511
513511
513511
513511
511511
511511
511511
511511
512511
512511
513511
513511
513511
513511
513511
513511
513511
513511
513511
513511
513511
513511
512511
512511
512511
513511
513511
513511
512511
513511
512511
512511
512511
512511
512511
511511
510511
511511
511511
511511
511511
513511
515511
516511
517511
518511
518511
517511
516511
514511
514511
514511
514511
514511
514511
514511
514511
514511
514511
514511
514511
515511
515511
517511
515511
516511
517511
516511
516511
516511
516511
515511
516511
516511
515511
515511
516511
517511
515511
515511
515511
515511
516511
516511
516511
516511
517511
517511
515511
515511
515511
514511
514511
514511
513511
514511
515511
515511
515511
513511
513511
515511
515511
514511
512511
512511
512511
513511
513511
514511
514511
516511
516511
517511
518511
518511
518511
518511
519511
519511
518511
517511
517511
517511
517511
518511
517511
517511
517511
515511
515511
515511
515511
515511
514511
514511
513511
513511
514511
515511
514511
514511
513511
513511
511511
511511
509511
509511
508511
509511
509511
509511
509511
509511
509511
509511
509511
509511
510511
509511
508511
507511
508511
508511
510511
512511
513511
514511
513511
514511
513511
513511
513511
511511
511511
511511
510511
510511
510511
510511
510511
510511
508511
509511
509511
510511
511511
510511
510511
509511
509511
509511
507511
508511
508511
509511
508511
507511
509511
509511
509511
509511
510511
510511
508511
508511
507511
507511
508511
508511
508511
508511
507511
507511
509511
510511
510511
510511
508511
508511
508511
508511
508511
508511
507511
507511
508511
509511
509511
509511
510511
511511
511511
513511
513511
513511
512511
512511
512511
513511
513511
514511
512511
511511
511511
512511
512511
510511
509511
509511
511511
511511
511511
511511
511511
511511
511511
509511
509511
510511
510511
509511
509511
509511
508511
508511
508511
508511
507511
507511
507511
507511
506511
506511
506511
505511
506511
504511
503511
505511
504511
504511
503511
502511
502511
502511
500511
499511
499511
499511
500511
500511
500511
500511
501511
501511
501511
500511
500511
500511
498511
498511
500511
500511
500511
500189
500189
500189
500189
500189
499189
498189
499189
498189
498189
498189
500189
500189
500189
499189
499189
499189
499189
499189
498189
499189
499189
498189
498189
499189
500189
500189
500189
499189
498189
497189
497189
496189
496189
494189
494189
495189
495189
494189
494189
494189
496189
496189
496189
496189
496189
495189
496189
496189
496189
494189
493189
493189
494189
495189
495189
495189
495189
495189
496189
495189
495189
496189
496189
496189
497189
496189
496189
496189
496189
496189
496189
497189
496189
496189
496189
496189
497189
498189
500189
500189
499189
500189
500189
500189
500189
501189
501189
501189
501189
501189
500189
499189
499189
500189
501189
501189
501189
501189
500189
501189
501189
501189
500189
501189
502189
502189
500189
500189
500189
499189
500189
500189
500189
500189
500189
500189
499189
499189
501189
501189
501189
501189
501189
501189
501189
502189
500189
501189
500189
