500352
499352
498352
498352
498352
499352
498352
497352
497352
497352
496352
496352
495352
496352
498352
498352
498352
498352
498352
498352
498352
498352
498352
498352
497352
495352
495352
494352
494352
494352
495352
494352
493352
492352
493352
492352
492352
493352
494352
492352
493352
494352
493352
495352
496352
496352
497352
495352
496352
496352
495352
495352
496352
497352
496352
494352
494352
494352
494352
496352
496352
496352
496352
497352
497352
497352
496352
495352
496352
496352
496352
497352
496352
496352
496352
497352
497352
497352
498352
499352
499352
500352
500352
501352
501352
501352
502352
502352
503352
505352
505352
505352
505352
505352
504352
504352
503352
503352
504352
504352
504352
505352
505352
505352
504352
503352
501352
501352
502352
502352
503352
505352
503352
503352
502352
503352
503352
503352
501352
501352
502352
501352
501352
501352
502352
502352
502352
503352
502352
502352
500352
500352
500352
500270
500270
499270
500270
502270
503270
502270
502270
501270
501270
501270
501270
501270
501270
501270
501270
501270
500270
500270
500270
500270
500270
501270
501270
500270
500270
500270
501270
503270
502270
502270
503270
504270
503270
503270
504270
505270
505270
504270
503270
503270
502270
502270
503270
503270
501270
502270
502270
502270
502270
502270
500270
499270
500270
500270
501270
501270
500270
500270
500270
501270
501270
501270
501270
503270
504270
504270
505270
504270
505270
504270
504270
504270
503270
503270
503270
503270
503270
502270
502270
503270
503270
502270
501270
502270
501270
501270
503270
503270
502270
502270
504270
503270
503270
503270
504270
503270
503270
503270
503270
503270
502270
502270
502270
502270
501270
501270
501270
502270
502270
500270
500270
501270
500270
500270
501270
501270
501270
501270
500270
500270
498270
498270
498270
498270
498270
498270
498270
498270
497270
497270
498270
498270
498270
498270
498270
498270
498270
498270
498270
497270
496270
496270
496270
496270
495270
497270
497270
498270
496270
497270
497270
496270
496270
496270
497270
495270
493270
493270
493270
494270
494270
494270
495270
493270
493270
493270
493270
492270
493270
493270
492270
492270
492270
492270
490270
490270
490270
490270
490270
489270
487270
486270
486270
487270
487270
489270
489270
491270
491270
490270
490270
490270
490270
490270
489270
487270
486270
486270
486270
487270
487270
486270
487270
485270
484270
484270
485270
485270
485270
484270
484270
485270
483270
483270
484270
484270
485270
484270
484270
484270
484270
484270
485270
486270
485270
485270
485270
485270
486270
487270
487270
487270
485270
485270
484270
484270
483270
483270
483270
483270
483270
482270
481270
482270
482270
482270
483270
483270
483270
483270
483270
484270
484270
485270
485270
486270
486270
485270
486270
485270
484270
484270
484270
483270
483270
482270
483270
482270
482270
482270
483270
482270
482270
483270
482270
481270
480270
481270
481270
481270
482270
482270
481270
482270
482270
482270
483270
485270
486270
488270
488270
488270
489270
489270
490270
492270
493270
492270
491270
490270
491270
491270
491270
491270
489270
490270
491270
491270
492270
491270
491270
491270
489270
489270
489270
489270
489270
489270
488270
486270
487270
488270
489270
490270
489270
491270
490270
490270
489270
491270
491270
491270
491270
491270
491270
491270
492270
492270
492270
491270
490270
489270
489270
489270
488270
487270
486270
486270
486270
486270
486270
487270
487270
487270
486270
486270
486270
487270
489270
489270
489270
489270
489270
489270
488270
488270
488270
486270
486270
487270
487270
487270
488270
488270
487270
487270
487270
487270
487270
487270
487270
488270
489270
488270
487270
487270
488270
487270
489270
490270
490270
489270
488270
489270
489270
490270
489270
489270
488270
487270
488270
486270
487270
486270
486270
487270
488270
487270
489270
489270
489270
489270
488270
489270
491270
490270
490270
490270
490270
492270
491270
491270
491270
492270
493270
493270
493270
492270
492270
491270
492270
491270
491270
490270
490270
490270
489270
489270
488270
487270
486270
486270
487270
487270
486270
486270
486270
486270
487270
487270
487270
487270
486270
485270
485270
485270
486270
486270
486270
487270
486270
486270
486270
486270
487270
488270
487270
487270
488270
487270
486270
486270
487270
488270
488270
488270
487270
489270
489270
490270
490270
490270
490270
490270
490270
490270
489270
489270
489270
490270
490270
491270
492270
492270
491270
492270
493270
493270
493270
495270
495270
497270
497270
497270
498270
499270
498270
497270
497270
498270
499270
499270
499270
499270
499270
500270
500270
500270
500270
501270
502270
503270
503270
502270
502270
502270
502270
501270
500270
500270
500270
501270
501270
502270
502353
503353
502353
502353
503353
503353
504353
503353
502353
502353
501353
501353
501353
501353
500353
502353
503353
504353
504353
504353
503353
503353
503353
503353
503353
502353
501353
502353
503353
504353
505353
505353
504353
504353
504353
504353
503353
502353
501353
500353
500353
501353
500353
501353
501353
501353
501353
502353
502353
502353
502353
502353
503353
503353
503353
503353
503353
503353
502353
502353
503353
503353
503353
503353
503353
502353
501353
501353
500353
500353
501353
502353
502353
502353
502353
502353
504353
505353
506353
506353
505353
505353
504353
504353
504353
504353
502353
502353
501353
501353
501353
501353
501353
501353
502353
501353
501353
502353
503353
503353
503353
502353
502353
503353
503353
503353
503353
503353
504353
505353
505353
505353
506353
506353
508353
508353
508353
508353
508353
507353
507353
508353
508353
508353
509353
509353
509353
511353
511353
510353
510353
510353
510353
509353
508353
508353
509353
509353
509353
511353
513353
513353
513353
512353
513353
514353
512353
512353
512353
512353
511353
510353
510353
509353
509353
509353
510353
510353
510353
510353
510353
510353
510353
509353
509353
511353
510353
510353
510353
511353
510353
510353
511353
510353
509353
511353
511353
511353
511353
511353
512353
513353
515353
515353
514353
514353
514353
515353
517353
516353
516353
516353
515353
516353
516353
516353
516353
516353
516353
516353
516353
516353
515353
515353
515353
516353
515353
516353
516353
515353
516353
514353
514353
514353
515353
514353
514353
513353
511353
512353
513353
513353
514353
514353
514353
515353
515353
515353
514353
515353
514353
514353
514353
514353
513353
515353
515353
515353
516353
516353
514353
514353
514353
514353
514353
515353
515353
516353
516353
514353
514353
516353
515353
515353
514353
513353
512353
512353
511353
511353
512353
512353
512353
512353
513353
512353
512353
513353
513353
514353
515353
515353
515353
515353
515353
515353
516353
516353
517353
517353
518353
519353
520353
520353
520353
520353
520353
520353
518353
518353
517353
518353
518353
518353
518353
518353
518353
519353
518353
517353
517353
518353
518353
517353
517353
517353
519353
518353
518353
519353
520353
519353
519353
518353
518353
518353
518353
517353
518353
518353
518353
518353
519353
517353
516353
517353
518353
517353
517353
516353
516353
516353
