1000 1000
781 763 923 558 219 730 917 667 899 352 357 276 586 168 626 248 362 787 433 581 669 573 264 745 277 208 495 71 434 340 918 446 909 468 293 729 716 926 247 24 904 270 23 888 181 985 666 85 482 798 163 170 886 253 916 813 944 793 712 283 18 914 692 116 280 143 786 566 599 260 687 532 570 411 353 932 875 769 234 715 285 103 882 278 534 211 756 489 955 465 881 60 175 665 282 820 133 855 614 66 948 903 192 938 947 274 689 764 739 726 986 530 698 384 800 409 460 132 737 302 714 642 848 307 11 150 345 830 241 96 440 72 239 912 837 69 492 814 841 394 708 137 356 287 3 160 15 801 505 17 467 404 490 198 676 927 26 484 368 636 547 521 183 699 631 254 369 298 693 439 585 135 701 290 602 316 563 898 851 942 16 383 936 20 990 379 645 776 674 123 336 393 821 402 609 179 36 792 146 518 7 291 354 312 531 347 928 843 70 397 284 470 879 217 381 662 220 346 835 193 854 301 982 945 447 577 153 723 186 64 580 27 513 915 46 358 765 237 707 838 939 456 919 709 430 994 51 643 789 846 438 121 560 847 810 502 911 721 588 443 1 195 19 432 378 151 128 203 364 205 608 52 501 567 28 459 359 457 819 171 231 832 458 350 969 811 900 56 910 622 510 63 158 5 437 177 210 147 288 768 451 751 304 138 236 40 318 877 421 225 164 476 795 83 310 638 267 718 686 461 934 429 268 332 34 386 732 297 114 412 774 644 555 341 524 673 420 376 206 417 817 308 864 619 705 161 474 542 120 118 773 603 907 333 79 493 322 901 388 471 21 129 700 870 407 876 403 892 498 977 717 245 1000 263 752 529 414 659 419 295 617 91 450 584 144 202 670 554 101 634 550 710 872 508 824 553 979 762 536 565 374 833 633 582 396 478 952 661 731 607 695 873 230 469 805 679 306 275 539 537 812 8 265 809 593 90 406 891 552 535 681 25 869 677 935 309 156 685 511 423 822 279 807 93 759 250 503 767 597 523 784 240 464 956 957 802 12 894 754 449 294 365 35 159 475 500 967 218 428 658 647 313 415 861 996 970 80 788 426 684 696 68 448 618 75 319 190 238 533 335 300 45 528 924 343 251 946 229 559 836 884 30 613 629 943 58 435 48 850 9 152 544 269 895 86 485 883 887 281 392 180 185 740 825 113 993 772 635 796 656 37 749 257 620 564 127 598 272 965 95 372 615 783 987 803 978 548 44 706 680 391 931 575 130 67 671 997 758 541 823 57 246 337 961 885 2 660 223 22 201 488 141 382 579 119 583 678 653 196 937 187 444 94 148 744 893 249 330 780 380 549 174 216 252 61 221 831 799 326 491 694 351 442 711 995 258 682 506 315 59 557 973 741 727 227 625 896 349 785 472 486 324 964 81 568 172 543 463 878 481 42 199 178 748 303 591 111 771 852 779 515 441 611 683 327 266 791 840 826 989 628 422 47 233 139 176 400 165 235 639 842 697 191 921 538 74 296 200 571 243 88 621 166 750 262 675 107 587 84 757 940 314 605 321 736 514 858 650 738 244 425 797 436 976 735 188 828 958 734 890 933 126 902 473 520 361 724 54 862 39 849 853 232 988 323 43 691 197 778 194 416 753 10 89 413 596 601 578 818 720 431 405 834 984 410 377 874 344 389 286 53 623 857 224 214 398 14 663 104 827 959 106 477 112 142 867 299 453 427 487 108 155 590 140 182 522 87 102 452 329 766 215 105 385 794 157 612 804 775 968 569 242 55 954 713 92 76 370 999 212 213 657 162 189 975 806 334 815 504 99 668 951 517 483 610 719 320 747 649 992 339 728 50 651 167 65 856 868 479 338 348 373 760 755 616 545 880 509 38 974 606 540 311 41 115 863 497 462 136 600 971 110 546 499 122 920 342 960 925 455 551 641 507 725 82 929 480 328 124 561 418 399 305 576 292 496 983 632 526 777 261 331 145 905 908 574 972 702 630 981 790 906 226 387 366 562 13 494 770 228 913 207 889 816 652 949 375 445 963 733 930 29 289 367 125 980 100 782 355 371 572 761 688 839 154 527 556 4 525 654 117 865 408 655 169 604 454 998 209 589 664 62 33 962 173 512 966 742 941 704 922 97 592 131 950 637 860 743 317 808 866 32 672 897 646 703 134 77 184 640 256 73 31 844 273 466 395 519 624 49 627 991 845 594 595 953 78 360 109 829 648 746 424 690 222 255 722 859 401 6 516 98 149 271 259 363 871 325 390 204
442 263 473 198 294 536 125 716 957 76 884 250 371 265 677 600 475 804 995 378 31 75 405 83 514 489 339 290 418 135 746 602 374 636 581 490 754 372 820 344 80 340 827 694 928 50 301 620 533 661 782 758 731 113 66 828 741 561 491 242 33 663 410 375 780 244 606 646 99 172 325 195 579 153 436 62 755 144 47 471 580 896 821 594 486 174 959 167 888 762 644 203 669 15 520 632 241 700 249 991 20 253 255 840 452 461 425 89 778 440 295 59 248 210 504 633 359 415 126 550 377 526 825 124 220 823 201 54 94 307 640 446 119 648 106 542 478 302 292 456 873 811 138 217 500 696 487 488 185 427 430 151 769 692 12 268 765 939 97 885 4 261 842 601 297 299 196 781 423 338 599 269 869 697 289 879 155 691 864 610 170 469 345 707 34 439 121 978 990 904 29 822 717 122 688 612 566 141 46 476 856 422 587 586 899 791 604 786 379 956 698 525 628 13 654 874 316 411 639 407 737 365 752 913 233 704 524 800 894 837 380 453 739 327 152 867 989 184 872 870 236 854 69 619 773 547 608 693 245 605 225 95 819 159 286 161 479 729 653 507 177 557 56 932 216 941 280 512 877 127 559 319 53 318 575 252 260 973 806 73 799 28 992 385 816 772 744 895 448 748 850 186 40 685 958 592 634 67 498 87 229 361 853 156 719 63 757 355 10 227 77 541 764 788 166 37 551 215 699 64 397 670 324 615 622 282 866 412 472 107 449 197 49 123 104 496 862 389 952 459 435 890 65 300 832 273 310 403 593 590 60 567 219 78 312 907 399 695 563 690 70 192 734 419 573 351 882 564 334 495 257 223 552 674 865 211 179 93 484 527 92 745 337 132 931 997 555 288 886 278 655 898 353 133 642 199 438 522 807 391 147 785 881 296 643 68 272 848 531 927 283 101 130 523 569 732 139 398 341 532 321 671 624 585 17 763 936 251 482 925 915 651 413 589 876 503 783 381 468 795 240 108 175 976 770 394 270 851 635 441 949 501 18 623 406 112 247 937 951 494 759 1000 103 52 818 625 652 116 464 266 730 445 421 171 571 360 222 686 917 287 776 630 972 812 61 451 332 603 975 902 19 1 638 650 465 983 660 574 986 173 238 480 364 30 994 787 366 320 493 657 462 354 509 91 154 313 328 960 923 9 105 875 218 226 950 27 72 930 649 11 187 224 136 140 545 71 256 911 900 134 582 826 675 597 424 760 239 789 57 906 922 614 383 243 750 673 82 546 645 689 955 611 88 358 176 797 676 535 165 146 517 232 833 373 145 556 934 298 306 323 163 715 538 761 903 637 284 736 570 506 390 938 993 429 336 678 672 502 711 404 944 920 954 668 431 901 205 38 967 86 109 131 115 160 970 21 291 701 279 893 908 810 940 285 370 267 443 767 343 718 682 150 387 149 568 596 5 554 317 749 16 947 687 916 843 838 910 528 926 128 618 98 202 979 508 841 534 356 458 460 485 414 81 912 529 357 980 598 400 738 271 844 664 333 276 275 510 735 544 919 158 200 162 539 518 58 481 8 246 14 434 409 392 667 348 751 847 666 728 315 985 946 921 897 402 684 505 839 24 591 961 42 987 51 714 352 118 32 708 181 208 966 346 835 794 45 999 887 996 455 420 314 26 515 432 178 834 43 607 182 382 725 349 779 817 963 665 871 212 39 880 386 777 613 565 918 6 157 712 329 368 204 25 206 437 193 753 36 824 129 137 335 148 110 562 96 194 41 981 878 830 207 929 860 679 774 209 308 953 401 768 444 974 617 852 616 588 802 363 305 117 543 849 311 180 558 102 553 801 914 792 722 169 450 44 433 583 183 836 259 467 709 809 627 683 595 775 846 309 845 463 519 733 483 740 237 962 656 942 578 3 274 428 861 647 322 727 293 945 408 576 189 513 497 747 706 621 347 7 771 470 369 234 326 264 384 726 803 724 22 466 713 723 965 743 254 859 426 477 710 48 277 516 855 114 681 474 641 230 84 883 702 998 863 228 304 943 142 815 74 454 742 868 577 609 984 766 784 417 457 79 977 492 721 889 659 905 808 367 55 120 988 540 857 350 499 680 262 796 2 376 35 831 964 626 143 790 258 396 858 511 971 447 549 584 221 829 330 111 968 393 814 342 793 213 658 924 891 560 362 805 281 388 948 85 416 705 23 168 231 909 331 303 629 935 214 892 100 188 982 164 756 969 548 235 537 521 191 662 798 720 190 395 572 703 90 813 631 933 530
1 541 905
1 289 565
2 579 677
1 403 442
2 443 633
1 226 516
2 340 670
1 765 834
2 404 687
2 40 467
2 436 908
2 28 815
1 338 475
1 99 970
2 37 976
1 731 969
2 345 850
2 40 727
2 452 631
2 799 976
2 291 468
1 109 142
2 303 487
1 134 558
2 435 581
1 462 682
1 128 772
1 3 1000
2 114 123
2 64 698
2 180 991
1 51 530
1 604 943
1 166 695
1 531 999
2 78 630
1 312 979
1 597 906
2 342 411
1 387 595
2 130 804
1 756 778
2 298 374
1 366 525
1 511 582
1 283 669
1 86 359
1 398 571
1 84 623
1 299 784
2 456 909
1 187 596
1 861 896
2 161 932
2 363 407
2 365 774
2 469 596
2 526 755
1 253 544
2 435 937
1 78 668
2 459 768
2 596 659
1 404 800
2 379 561
2 335 907
2 366 391
2 286 754
1 13 682
1 31 188
2 136 962
2 79 879
1 405 490
2 382 553
1 316 357
1 574 867
1 140 350
1 281 839
2 15 809
1 267 621
2 279 342
1 531 880
1 78 970
2 449 952
2 54 661
2 70 788
1 755 856
1 163 237
2 383 541
2 215 924
2 116 702
1 122 523
2 790 861
1 170 261
2 254 686
2 57 897
2 184 412
1 264 864
1 767 976
2 70 319
2 137 167
2 134 399
1 294 435
2 97 447
2 586 888
1 755 976
1 119 445
2 251 337
1 46 638
1 414 941
1 23 999
1 210 496
2 236 786
1 268 952
2 236 885
2 357 695
2 370 993
2 400 570
1 236 419
2 692 954
2 151 715
1 438 689
1 174 505
1 527 758
1 49 547
1 856 935
2 528 901
1 33 604
2 294 511
2 223 978
2 502 851
2 762 814
1 372 845
2 70 612
2 538 829
1 285 790
1 547 602
2 800 854
1 920 937
1 136 422
2 220 811
1 123 231
2 469 773
2 562 774
2 312 472
1 598 892
2 93 381
2 181 334
1 105 681
1 476 929
1 92 962
1 282 410
2 62 332
1 477 630
1 123 397
2 623 718
1 749 809
2 60 805
1 38 282
2 102 737
1 345 917
2 397 895
2 481 870
2 51 617
1 46 536
2 697 960
1 528 758
1 43 369
2 404 881
2 662 670
1 769 856
1 332 894
1 48 593
2 529 878
2 143 391
2 18 189
2 398 722
2 194 268
1 195 721
1 113 596
2 205 779
2 395 449
2 136 667
2 154 219
1 900 995
1 437 460
2 321 517
2 33 608
1 220 554
1 183 233
1 208 862
2 701 896
1 643 888
2 284 859
2 456 549
1 141 788
1 593 707
2 171 947
2 362 464
2 39 160
1 412 465
1 136 483
2 820 831
1 648 718
1 20 207
1 576 599
1 618 667
2 201 671
1 23 738
2 219 221
1 724 803
1 564 679
2 142 774
1 193 432
1 112 941
1 395 772
1 346 937
2 761 766
1 261 867
1 276 689
1 623 984
2 236 264
2 385 393
1 597 895
1 156 336
2 413 516
1 129 999
1 338 774
2 272 457
2 286 610
2 344 469
2 43 795
2 242 595
1 404 916
2 5 643
1 440 736
1 334 801
1 133 497
2 281 292
2 190 349
2 24 423
1 81 731
1 394 722
1 870 999
1 208 356
2 142 243
1 508 783
2 73 364
2 22 892
2 54 983
2 271 824
1 504 519
2 139 612
1 193 343
1 8 214
1 428 733
1 349 595
2 682 813
1 386 912
2 53 642
1 156 165
1 536 781
2 456 587
1 176 945
1 657 703
2 236 504
1 239 259
2 127 541
2 701 839
2 316 518
2 177 897
2 346 793
1 554 565
1 83 342
2 77 969
2 108 933
1 107 983
2 25 485
2 294 901
2 347 490
1 183 683
2 886 915
2 27 958
1 208 989
1 885 986
2 335 620
2 845 935
2 814 870
2 130 544
2 151 313
2 701 993
1 348 889
1 439 776
1 248 717
1 162 881
2 262 790
1 71 119
2 106 137
2 658 940
1 480 519
2 411 540
2 171 878
2 485 760
2 650 872
2 223 540
1 750 977
1 21 489
1 112 778
1 3 471
2 244 588
2 225 588
1 229 880
1 376 966
1 144 260
1 234 368
1 218 535
1 138 254
1 241 343
1 514 689
1 38 463
2 111 901
1 282 593
2 563 867
2 74 885
1 661 886
1 361 869
1 364 871
1 488 1000
2 15 768
2 362 675
1 217 718
2 379 779
1 588 984
2 412 507
2 318 466
2 329 375
1 709 848
1 559 772
2 346 462
1 277 470
2 463 858
2 617 910
1 934 936
2 53 275
2 378 774
1 237 854
1 244 904
1 98 722
1 733 915
1 492 532
1 616 618
2 312 945
2 250 642
1 103 108
2 182 247
2 208 375
1 679 860
2 13 75
2 508 804
2 841 853
1 263 719
2 416 502
1 535 623
1 60 566
2 555 848
1 734 857
2 634 843
2 81 566
2 403 797
2 283 320
1 872 929
2 325 385
2 430 611
1 614 984
1 9 531
2 558 915
1 7 778
2 551 637
2 807 844
2 590 759
2 500 560
1 809 814
2 180 786
1 646 933
1 448 899
1 357 968
1 262 443
2 278 579
2 110 925
1 195 548
1 62 175
2 687 792
2 269 549
1 215 980
1 271 447
1 69 456
2 785 985
2 706 914
2 363 749
1 596 648
2 229 597
2 506 799
2 530 703
2 451 744
1 454 465
2 200 708
2 368 889
1 461 530
1 197 262
1 473 881
1 114 807
2 474 554
2 1 428
2 585 673
2 4 769
2 145 472
2 91 641
2 285 977
2 24 824
1 763 961
2 495 577
2 849 972
1 702 740
2 217 959
1 230 937
1 483 534
2 883 916
2 362 636
2 710 879
2 546 848
1 611 905
1 697 1000
1 291 965
1 648 834
2 185 941
2 690 719
1 310 647
1 201 212
1 305 753
2 345 872
1 50 426
1 200 751
1 41 312
1 265 393
1 461 789
1 349 397
2 13 690
1 261 639
2 197 811
2 13 575
2 53 816
1 65 555
2 55 500
1 583 598
1 354 712
1 269 287
1 611 755
2 328 488
2 315 931
2 288 713
2 83 688
1 225 669
1 630 862
1 233 510
1 313 434
1 77 376
2 588 721
2 598 930
2 413 931
1 206 779
2 122 424
2 183 563
1 571 885
1 17 485
1 46 996
2 420 472
2 761 925
1 10 981
1 558 725
2 290 349
2 29 291
1 145 645
1 74 812
1 277 580
2 109 667
1 86 246
2 335 364
2 154 158
1 867 962
1 737 930
1 486 500
2 399 604
1 405 723
2 683 801
2 265 567
2 11 336
2 709 861
2 193 920
2 308 609
1 140 144
2 91 184
2 881 983
1 131 853
2 303 360
1 155 236
1 176 698
2 416 859
1 631 711
2 478 620
2 839 909
2 585 882
2 255 314
1 427 607
1 301 425
2 485 946
1 893 965
1 60 127
2 732 904
2 317 986
1 266 1000
2 339 533
2 655 833
2 802 877
2 202 673
2 630 774
1 352 848
2 431 631
2 392 490
2 724 969
1 244 667
1 701 707
1 134 935
2 68 633
2 150 231
1 469 833
1 389 994
2 24 32
1 376 427
1 168 910
2 903 906
1 535 752
2 24 410
1 488 600
2 31 140
1 11 413
2 282 946
2 583 704
2 474 528
1 442 792
1 140 286
2 375 926
1 226 842
2 546 995
2 853 908
2 16 226
1 501 529
1 122 250
1 9 383
1 799 812
2 53 787
2 270 717
1 319 432
1 22 524
1 40 276
1 518 777
2 18 992
1 27 375
2 346 996
2 157 353
1 66 866
2 183 376
2 327 535
1 261 467
2 608 787
1 180 846
2 31 524
2 794 817
2 607 909
1 284 752
1 98 257
1 91 952
2 235 461
1 86 309
1 592 730
2 494 935
1 252 306
2 77 305
1 441 592
2 131 349
1 160 557
1 696 967
2 724 807
2 491 870
2 475 899
2 418 847
1 35 990
1 485 744
1 92 280
1 197 901
2 98 807
1 317 775
1 503 684
1 103 938
1 301 795
1 482 970
1 11 322
2 11 777
1 140 707
1 160 663
1 694 828
2 175 610
1 382 397
1 113 993
2 57 846
2 25 353
2 323 441
1 15 393
2 204 931
1 505 847
1 180 441
1 57 398
1 434 860
2 164 736
2 296 714
2 247 558
1 234 679
2 672 975
2 137 869
2 29 103
1 545 691
2 5 520
1 954 955
1 702 703
1 328 852
1 130 608
2 297 587
1 269 579
2 14 430
1 767 873
1 101 368
2 12 463
2 613 693
2 326 327
2 328 907
2 308 479
1 235 980
1 66 181
1 326 939
1 117 247
1 414 718
2 646 822
2 145 305
1 286 998
2 617 831
2 499 792
1 111 621
2 274 863
1 52 323
1 489 693
2 301 890
2 676 897
2 306 625
2 22 240
1 450 926
2 129 698
2 255 852
1 583 930
2 798 994
1 255 766
1 755 844
1 706 767
1 83 169
1 205 686
2 709 765
2 23 335
1 254 338
2 495 564
2 272 521
2 8 127
2 67 479
1 602 954
2 483 898
2 147 609
2 194 993
2 214 791
1 323 840
2 375 967
1 398 592
1 64 775
1 72 217
1 322 809
1 204 622
1 207 374
1 318 985
1 362 891
2 667 696
1 71 602
1 239 619
2 166 401
1 359 360
2 128 197
2 65 150
2 251 267
2 63 547
1 54 985
1 145 520
1 577 650
2 386 814
1 63 300
1 320 726
1 763 874
2 465 746
2 60 607
2 222 429
1 379 443
2 398 809
2 648 710
2 277 770
2 219 897
1 68 786
1 267 749
1 602 748
2 115 354
2 300 883
1 45 986
1 142 313
2 385 740
1 361 506
1 459 575
1 185 747
1 68 546
1 285 364
2 509 711
2 469 501
1 581 966
1 601 811
2 601 815
2 718 929
2 31 685
1 61 993
1 8 943
1 814 866
1 5 672
2 720 800
1 535 769
2 216 702
2 598 897
1 320 472
2 316 700
2 222 953
2 152 825
2 62 754
1 107 201
1 264 954
1 163 621
2 403 525
2 126 629
2 151 884
1 330 825
1 172 774
1 955 966
1 88 244
1 197 510
2 466 915
1 575 861
1 61 992
1 27 800
1 19 806
1 228 956
2 123 392
1 491 522
1 261 445
2 160 517
2 163 491
1 23 824
2 170 414
2 140 372
2 552 933
1 6 692
1 2 811
1 537 603
1 619 713
2 150 448
2 405 667
2 167 344
1 294 716
2 361 482
2 537 786
1 630 878
1 186 997
1 213 804
2 22 324
2 640 949
1 296 484
1 253 609
2 239 429
1 723 920
2 433 624
1 113 412
1 534 980
2 782 846
1 195 434
1 28 361
1 282 970
1 732 910
2 85 736
2 675 754
1 573 757
1 436 519
1 518 555
1 548 643
1 197 435
1 239 571
2 104 562
1 78 558
2 497 759
2 630 829
2 84 434
1 730 984
2 338 988
1 676 890
2 312 976
2 278 687
2 605 932
1 222 722
2 436 706
1 106 595
2 974 979
2 54 90
1 279 744
2 338 403
2 202 578
2 633 774
1 436 606
2 930 973
1 631 986
2 729 797
2 746 840
1 208 913
2 812 897
1 358 421
2 360 481
1 282 386
1 93 749
2 150 199
1 580 828
2 239 481
1 395 728
1 288 492
2 796 891
1 261 518
1 80 901
1 160 288
2 125 609
2 110 973
1 716 784
1 24 309
1 75 254
1 636 898
1 526 719
1 136 885
2 336 873
1 119 152
1 233 282
1 413 950
2 631 691
2 190 739
1 614 986
2 206 576
2 84 898
2 173 786
1 138 359
2 835 860
1 127 710
2 556 765
2 507 903
2 252 816
1 422 766
2 215 393
2 147 802
1 130 447
2 634 778
2 76 198
2 718 988
1 719 808
1 414 893
1 159 641
2 675 982
2 179 409
2 23 619
2 313 991
2 339 910
2 809 848
2 379 805
1 540 801
2 197 249
2 186 852
2 16 650
1 523 772
2 928 938
2 74 291
1 479 507
2 699 803
1 348 694
2 128 779
2 38 434
1 211 452
2 313 568
1 23 196
1 82 815
2 421 603
1 242 944
1 702 859
2 22 101
2 243 316
2 187 905
2 78 468
1 392 932
2 183 227
2 728 951
2 91 799
2 677 863
1 80 621
1 144 221
1 96 748
2 697 743
2 360 388
1 294 415
2 873 956
2 222 694
2 175 724
1 341 844
1 255 733
1 346 460
2 211 566
1 347 691
1 248 519
2 226 883
2 674 1000
2 63 663
1 658 928
2 344 964
2 473 901
2 792 965
2 15 432
2 197 563
1 102 242
2 18 136
1 863 974
2 682 798
2 125 724
1 114 262
2 254 787
2 263 955
1 114 683
1 97 571
2 715 765
2 146 514
1 546 847
1 111 771
1 521 861
1 356 739
1 533 588
1 259 500
2 601 669
2 503 778
1 728 817
1 753 911
1 475 648
1 290 449
2 509 635
2 244 277
1 733 740
2 29 396
1 372 771
2 521 746
1 167 645
1 58 66
2 625 701
1 273 764
2 910 915
2 748 964
1 133 144
1 14 95
1 370 605
2 50 97
2 260 303
1 342 566
1 444 882
1 271 495
1 316 399
1 504 931
2 376 570
1 42 90
2 284 864
2 468 946
1 658 745
1 443 782
1 318 368
