1000 1000
618 118 11 502 394 65 990 582 490 739 72 732 385 381 869 55 420 42 567 449 246 156 10 843 338 457 742 668 747 686 922 577 758 370 760 621 487 322 874 40 835 781 923 384 551 200 211 52 849 942 386 378 833 6 474 284 663 794 111 175 772 432 350 511 242 237 149 549 707 885 533 460 558 700 74 709 695 775 699 183 348 198 94 776 520 473 483 911 675 978 962 945 545 26 943 769 882 996 135 765 224 143 784 851 366 68 578 438 766 197 973 904 14 436 778 120 261 539 624 630 112 639 756 34 393 685 883 523 796 608 379 251 588 662 547 757 587 364 398 106 145 999 177 560 666 377 47 956 301 46 206 13 930 66 80 800 985 174 89 345 667 293 994 967 979 762 606 20 807 838 179 419 140 192 41 983 955 902 575 360 267 987 510 786 469 513 161 696 431 793 828 29 610 218 70 527 492 123 222 532 343 702 598 101 731 441 495 518 167 421 564 677 37 556 725 840 798 49 294 889 164 142 401 434 229 36 834 374 604 399 275 905 859 188 4 676 481 991 750 593 824 802 571 291 488 252 894 228 881 641 205 755 468 629 921 497 137 534 586 721 988 878 235 648 530 290 735 447 298 56 2 910 917 965 404 989 409 649 425 595 317 912 15 931 128 24 8 358 67 937 493 390 853 433 249 337 903 870 295 446 93 823 813 456 276 814 737 944 283 219 681 627 213 684 716 738 35 740 826 581 822 186 472 812 299 626 491 273 84 382 201 185 919 389 313 891 316 562 746 846 799 791 400 790 170 216 505 516 804 524 782 719 845 16 44 426 373 418 622 333 286 100 938 844 462 243 924 673 247 272 365 952 210 801 703 908 340 62 332 789 25 194 78 770 271 555 569 496 602 580 279 214 541 147 341 195 402 351 915 349 855 274 178 413 566 465 854 424 585 959 857 339 356 464 107 506 974 992 172 407 129 872 76 470 451 91 184 711 644 617 162 321 877 976 127 248 7 715 257 415 861 710 238 180 126 150 444 387 957 557 171 517 405 157 771 939 28 480 679 173 722 808 795 940 934 605 403 79 958 654 688 302 96 368 927 897 187 325 729 43 811 701 526 260 652 500 634 410 484 58 19 664 406 75 774 1 723 478 12 189 792 113 525 498 714 963 315 430 691 809 330 730 412 215 968 395 767 9 133 240 269 60 866 282 336 285 239 820 946 832 655 95 435 816 255 687 613 258 226 22 909 631 103 929 439 307 158 981 442 223 661 141 352 759 204 926 169 121 936 552 86 594 21 357 81 253 245 519 635 727 964 694 266 361 860 476 920 139 565 90 887 895 821 559 831 281 592 50 899 777 324 969 234 536 98 543 507 995 310 865 335 678 196 355 825 672 741 221 841 181 736 453 220 879 583 515 115 950 690 445 367 309 314 880 839 590 509 614 375 160 847 104 323 744 540 993 32 304 745 270 225 752 609 155 693 638 842 783 546 726 704 548 303 651 59 584 311 347 779 277 71 359 817 805 852 818 806 467 785 134 596 388 573 554 563 300 848 600 907 466 698 289 975 392 193 191 165 640 670 932 486 864 612 743 623 632 116 231 512 529 124 815 646 233 312 733 475 363 788 803 458 966 450 342 601 764 99 383 914 97 669 320 982 948 5 152 749 836 408 773 125 986 863 136 901 671 264 461 724 682 837 906 131 720 787 369 977 69 209 984 61 537 354 380 166 660 33 305 318 30 570 553 875 288 77 482 372 319 102 254 344 454 933 448 947 265 683 528 508 615 531 697 636 326 522 568 900 443 27 230 951 138 576 689 712 159 574 876 628 376 146 297 1000 144 954 650 440 327 208 287 132 371 718 346 334 494 706 411 250 892 38 176 997 625 873 653 960 856 579 489 328 73 18 88 154 619 868 422 751 429 589 471 971 396 485 244 148 3 479 414 713 108 217 780 114 633 54 656 63 263 858 550 692 521 728 611 117 761 708 423 680 428 913 57 64 961 182 970 51 463 591 935 643 754 119 607 647 890 949 437 427 599 236 753 850 657 896 893 256 278 39 972 862 499 292 665 168 998 659 674 23 105 514 884 163 268 918 810 362 45 417 203 329 797 151 17 620 637 925 353 867 331 207 645 391 85 763 871 83 87 544 819 130 705 110 829 48 768 53 916 199 190 572 241 597 603 455 262 830 538 397 306 501 82 109 734 212 898 31 296 888 561 658 928 227 504 122 153 953 280 232 416 717 503 459 259 477 941 452 542 92 886 980 748 642 308 202 535 616 827
20 775 59 888 716 958 506 761 453 223 159 400 711 886 344 867 141 97 675 604 606 825 165 380 647 624 893 389 454 924 265 385 122 349 987 13 643 937 801 768 588 476 653 210 261 152 982 130 383 6 350 376 951 613 404 362 881 918 138 330 191 249 498 766 883 99 4 556 533 560 25 333 990 284 244 593 377 940 438 823 485 230 591 247 213 65 725 200 855 36 137 359 772 192 170 72 813 884 393 862 487 187 955 859 527 714 922 41 605 304 21 587 699 444 325 598 564 873 592 946 770 3 723 347 835 511 708 465 927 566 665 583 603 837 320 585 563 66 428 63 589 791 357 119 278 726 401 33 236 167 286 297 418 470 50 676 448 828 81 256 572 24 599 798 422 568 911 398 756 111 892 280 732 23 499 205 694 698 212 237 101 709 166 432 16 346 746 121 207 318 193 221 529 332 765 938 306 314 94 931 793 785 764 491 49 898 387 960 275 157 317 670 740 749 180 826 890 701 933 146 550 536 276 245 682 196 407 651 105 440 779 133 392 728 358 981 74 77 31 431 259 343 420 897 396 161 47 307 153 831 799 48 846 352 274 973 516 445 690 441 102 303 425 272 32 800 375 309 190 810 954 365 577 34 45 1 183 246 148 812 953 295 806 678 283 522 260 850 964 625 524 298 254 182 356 459 429 734 594 430 443 991 226 957 502 294 595 436 388 140 781 865 126 769 457 689 680 534 618 994 620 263 648 424 150 75 942 541 959 495 107 656 790 164 744 46 713 887 241 85 660 382 875 863 84 177 703 321 17 434 956 128 427 224 372 406 515 446 974 674 162 630 409 451 848 968 421 435 215 173 243 727 523 239 472 507 720 721 762 668 907 11 637 14 879 543 42 952 44 739 821 760 9 849 730 83 655 784 222 211 567 645 37 851 232 127 654 830 908 666 154 513 669 308 53 242 677 323 774 181 273 891 250 135 288 469 667 51 622 736 635 562 302 759 225 662 115 753 978 270 602 751 312 366 889 755 220 279 787 921 838 456 447 202 807 329 948 125 22 763 832 871 989 984 360 277 950 827 417 681 289 868 926 544 627 123 88 820 483 351 687 976 552 110 19 885 501 151 639 691 792 696 442 354 378 945 988 530 822 70 158 56 545 966 633 866 777 829 896 474 184 834 234 175 189 52 729 672 546 322 928 477 98 816 514 38 919 608 913 227 902 124 559 353 269 462 496 710 96 504 616 581 282 450 640 379 548 144 10 39 219 55 90 248 900 977 972 579 198 963 997 629 584 489 649 93 315 112 839 895 671 494 251 132 943 844 932 742 108 384 233 480 858 368 815 301 488 818 783 171 73 468 185 623 397 58 92 235 43 439 520 750 796 745 369 877 758 542 217 920 67 482 5 664 478 80 186 118 335 842 573 969 715 939 231 856 267 18 1000 531 986 500 804 996 697 962 808 909 402 147 580 992 290 342 617 460 693 817 901 35 748 861 971 229 658 925 497 646 463 293 364 26 916 961 228 970 549 854 208 414 757 310 578 490 139 537 782 899 337 535 168 341 702 634 30 195 109 15 733 61 607 262 174 917 853 471 287 819 650 240 930 557 54 194 316 975 611 178 525 967 551 348 847 374 291 426 517 685 754 936 794 993 103 218 985 621 416 258 626 788 686 597 7 724 688 845 553 538 475 571 619 319 509 305 612 419 590 415 467 117 160 894 355 172 505 735 860 840 876 391 155 558 852 136 526 811 631 843 983 142 570 872 113 64 935 169 82 452 492 395 464 636 684 2 394 324 934 824 864 539 944 880 433 706 327 106 574 586 747 145 285 40 512 340 28 731 561 481 100 614 299 403 929 869 104 683 268 271 518 995 300 411 95 767 540 704 89 673 370 257 252 786 582 331 253 610 814 214 209 461 789 120 437 679 510 508 841 575 386 68 458 176 797 371 328 473 795 266 216 87 503 780 705 717 915 129 367 657 906 569 652 413 76 737 870 86 641 999 408 600 455 904 255 659 381 642 143 707 596 29 949 628 149 809 979 771 874 802 264 547 201 903 449 555 833 778 423 776 836 576 882 486 363 941 519 663 857 338 334 296 609 116 998 718 738 410 532 695 399 692 773 114 373 156 914 405 484 615 336 661 78 199 206 878 281 912 311 412 493 203 204 179 326 8 965 601 923 805 565 947 292 910 700 479 313 743 752 163 134 131 741 339 57 27 638 554 712 62 466 345 60 197 390 521 188 905 632 69 803 361 12 722 79 91 644 71 980 238 528 719
2 136 169
2 451 639
2 5 95
2 471 757
2 7 714
1 48 270
2 374 879
1 274 278
2 160 832
1 486 892
1 305 350
1 166 966
2 108 561
2 471 636
1 3 631
1 126 166
1 165 251
2 124 990
1 859 865
2 281 969
2 618 820
2 148 996
1 801 844
2 268 277
2 663 723
2 288 862
1 392 607
2 157 256
1 376 397
1 206 473
2 835 969
1 452 825
2 81 789
2 782 937
2 156 309
1 63 634
1 99 766
2 730 746
2 194 456
1 38 332
2 179 683
1 83 963
1 203 415
2 693 771
1 411 548
1 191 446
2 116 622
2 128 267
1 130 970
1 50 742
1 423 960
1 333 589
1 57 362
1 237 907
1 217 805
1 956 981
1 427 500
1 98 930
2 95 167
2 6 107
2 243 608
1 163 660
1 311 524
1 611 723
1 397 677
2 302 964
2 292 792
2 63 432
1 115 726
2 673 819
1 342 578
2 310 705
1 129 852
1 743 748
2 486 911
2 599 782
2 3 226
2 692 919
2 648 704
1 437 669
1 612 739
1 520 684
2 406 535
2 351 722
1 376 390
1 459 790
1 464 718
2 484 503
1 364 751
1 385 536
1 452 803
2 380 567
1 114 874
1 308 585
2 719 929
2 237 459
2 256 668
1 56 574
2 332 503
1 194 927
2 358 395
1 580 922
2 87 409
1 2 599
1 414 666
2 544 734
1 595 949
2 155 666
1 503 801
1 310 687
2 228 375
2 423 491
2 205 585
2 460 535
1 299 914
1 567 727
2 629 895
2 9 788
2 762 961
2 30 653
1 309 627
2 658 842
1 34 968
2 538 954
1 17 421
2 368 761
2 455 595
2 401 551
2 238 774
1 17 539
1 25 139
1 232 337
1 270 352
1 613 937
2 449 486
2 179 518
1 66 322
2 115 854
1 232 888
2 144 945
1 357 658
1 756 833
1 743 756
2 415 875
1 512 544
1 9 973
2 177 555
2 173 208
1 187 607
1 639 936
2 911 916
2 899 924
1 10 645
1 233 282
1 376 928
1 240 295
1 36 488
1 468 724
2 463 891
1 395 540
2 306 866
2 139 756
2 278 557
1 157 769
2 155 439
2 657 864
1 868 927
1 385 520
2 296 648
2 205 494
2 58 810
1 13 886
2 572 672
1 299 669
2 103 450
1 126 756
2 721 929
1 444 664
2 541 659
2 230 669
1 608 797
2 235 792
2 137 535
1 259 737
2 411 845
2 474 587
2 478 666
2 439 706
2 249 512
2 609 846
1 130 139
1 787 908
2 79 143
2 723 768
2 59 926
2 256 666
1 2 559
1 590 877
1 280 463
1 108 877
1 202 949
2 244 278
2 654 750
1 88 160
2 108 756
2 344 980
2 96 494
1 419 607
1 915 971
1 167 690
2 764 952
1 441 638
2 224 945
1 23 152
2 655 661
1 750 964
2 816 845
1 301 539
1 865 914
1 438 627
2 82 738
1 391 499
1 821 894
2 301 817
2 453 533
1 745 797
1 753 856
1 514 641
2 513 885
2 318 990
1 52 200
2 249 263
1 513 674
2 387 710
2 356 428
1 153 243
2 63 507
2 142 888
2 267 705
1 723 860
2 459 527
2 39 690
1 271 644
1 275 754
2 607 850
1 165 955
2 896 934
2 450 945
2 31 886
2 66 600
1 96 408
1 287 684
1 128 962
1 6 390
2 446 587
1 282 642
1 790 856
1 364 492
1 298 347
2 55 845
1 187 292
2 134 748
2 269 363
1 82 293
1 409 861
2 170 843
2 484 616
1 56 151
1 145 350
2 166 704
1 867 918
1 6 857
2 84 226
2 190 801
1 393 993
2 179 190
2 121 855
1 297 942
1 375 828
1 126 288
1 71 391
2 77 569
1 301 698
2 32 452
1 841 942
1 13 369
2 152 198
1 52 571
1 92 207
1 359 762
1 800 830
2 414 557
2 839 908
1 495 746
1 222 406
1 72 109
2 160 230
1 62 834
2 112 481
2 430 564
2 315 993
1 14 811
1 630 986
1 417 632
1 54 976
1 714 735
2 35 806
1 160 638
2 270 376
2 214 480
2 476 500
1 575 686
1 203 786
2 405 611
2 163 783
1 68 867
2 215 799
2 35 839
2 280 852
2 765 843
1 248 722
1 702 775
1 664 949
2 260 872
2 99 344
1 237 250
2 703 918
2 350 446
2 648 847
2 211 725
2 690 971
1 326 846
2 205 387
2 371 622
2 500 622
2 141 875
2 166 540
1 415 523
2 423 831
1 492 750
1 136 966
1 428 965
2 182 865
1 733 999
1 598 650
2 168 283
1 951 978
2 686 998
2 549 999
2 584 832
2 84 744
1 6 505
1 734 815
2 559 661
1 119 911
2 318 739
2 530 618
1 16 712
2 236 392
2 561 747
1 71 714
1 68 647
2 162 668
1 611 820
1 131 993
1 323 873
1 217 652
1 332 718
1 691 962
2 63 931
1 238 789
2 140 701
1 340 380
2 6 436
1 123 407
1 450 988
2 55 593
1 153 236
2 374 578
2 457 526
2 76 99
1 222 277
1 587 719
2 113 437
2 497 627
1 679 903
2 384 867
2 531 880
1 604 888
1 520 867
1 384 558
1 346 950
1 318 817
2 605 920
1 751 778
1 95 674
2 392 963
1 196 394
1 15 171
1 73 609
1 27 590
2 460 699
1 299 753
1 316 883
2 235 667
1 158 987
1 608 971
2 79 756
2 758 798
2 174 954
1 56 790
1 279 381
1 282 616
2 204 783
1 108 282
2 265 548
2 523 663
2 186 254
2 113 660
2 91 763
2 325 556
1 247 913
2 184 599
2 54 345
1 25 566
2 360 914
1 815 860
1 114 402
2 604 759
2 274 640
1 456 820
2 42 593
2 739 868
2 191 261
2 131 775
2 55 394
1 469 939
1 475 894
2 350 738
2 429 701
1 49 309
2 51 269
1 450 562
1 369 840
2 282 290
1 256 952
1 870 883
1 222 397
1 466 583
2 120 988
2 97 282
2 902 927
2 507 748
1 146 479
2 188 837
1 116 564
2 357 369
1 730 783
1 252 508
1 372 986
1 744 877
1 472 821
1 45 965
1 2 767
2 339 611
2 191 857
1 364 409
1 685 813
1 426 583
1 119 290
1 337 470
2 508 828
1 559 821
1 87 592
2 304 776
2 174 475
1 54 849
1 235 450
1 44 238
2 330 672
2 199 235
1 651 720
2 416 710
1 314 430
2 514 871
1 489 915
1 573 672
2 584 665
1 63 826
1 389 420
2 506 964
2 194 300
2 584 821
1 403 431
1 297 749
1 55 798
2 200 688
1 213 938
1 367 937
1 652 736
2 698 706
1 487 544
2 131 165
1 271 442
1 268 674
1 101 722
2 847 992
1 853 997
2 391 999
2 581 928
1 100 476
2 2 721
1 109 807
2 943 956
1 438 995
2 228 611
1 394 603
1 898 971
2 367 634
2 96 950
2 274 312
1 269 467
2 568 705
2 402 910
2 132 724
1 348 538
1 127 360
2 868 881
1 9 512
2 278 473
1 6 274
1 14 713
2 198 798
1 208 991
2 290 387
2 785 788
2 477 583
1 776 908
1 230 499
2 301 959
1 514 902
1 225 571
2 115 426
2 340 534
2 259 452
2 161 760
1 175 812
1 772 945
2 152 361
2 409 681
1 77 707
2 651 696
2 315 492
2 52 102
2 222 840
2 435 683
1 825 964
1 299 563
1 845 894
1 445 825
1 18 896
2 763 949
1 226 476
1 422 748
2 202 678
1 305 566
2 203 502
1 293 695
1 395 497
2 72 678
2 448 496
2 637 848
1 261 798
1 167 532
2 16 640
2 201 410
1 10 402
2 585 948
2 435 686
1 637 656
2 447 716
2 27 536
2 597 828
1 898 965
2 362 388
2 386 480
2 75 996
2 77 90
2 217 270
2 711 779
1 173 642
2 192 651
1 319 945
1 310 649
1 195 862
1 462 502
2 332 848
2 266 963
1 310 985
2 31 908
1 484 1000
1 755 948
2 329 424
2 644 918
2 2 581
2 256 281
1 353 946
2 143 463
2 28 890
2 305 351
1 633 793
2 827 839
2 223 825
1 690 727
2 367 394
2 251 569
2 180 982
1 871 887
1 154 940
1 483 891
1 795 822
1 122 955
1 56 621
2 118 663
2 365 479
1 177 773
1 159 417
1 299 766
1 206 407
1 327 805
2 498 668
1 508 586
1 217 680
2 265 532
2 113 848
1 421 595
2 298 943
2 32 869
2 179 985
1 450 955
1 110 991
1 50 195
2 7 10
2 197 801
2 247 857
1 139 343
2 383 968
1 653 657
1 36 765
1 72 195
2 625 788
2 89 352
2 167 478
1 236 892
2 168 252
1 634 749
1 335 549
1 298 643
1 593 863
2 570 619
2 534 583
1 168 427
2 418 957
1 167 348
2 615 971
2 144 790
1 152 637
1 270 353
2 371 548
1 509 621
2 461 490
2 842 875
1 149 166
2 455 767
2 859 953
2 178 394
2 180 618
1 99 290
1 731 960
1 563 931
1 288 319
2 135 491
1 193 858
1 712 986
1 624 808
1 583 658
2 243 719
2 192 778
1 961 980
1 168 253
1 21 124
2 434 907
1 581 906
1 462 914
2 313 438
2 23 421
1 435 797
1 231 785
2 244 600
1 161 324
2 30 33
2 219 771
1 234 854
1 176 917
1 331 933
2 280 777
2 199 832
1 454 573
2 647 869
1 171 743
2 540 770
1 40 869
2 624 976
2 260 606
1 61 326
2 344 988
1 183 736
1 62 780
1 759 861
1 411 674
1 846 941
1 10 506
1 16 361
2 421 944
2 9 69
1 113 406
2 138 720
2 520 827
2 1 77
2 963 970
1 310 613
1 231 242
2 767 876
2 453 982
2 144 563
2 637 890
1 727 771
2 538 886
1 39 734
2 94 889
1 729 852
2 98 784
2 98 805
1 557 934
2 424 573
1 267 341
2 638 800
1 33 564
2 715 981
2 753 931
1 209 969
2 280 949
1 303 409
2 55 636
1 724 960
1 209 640
1 433 590
1 1 916
2 259 889
1 284 426
2 65 227
1 123 399
1 480 694
1 468 647
2 138 830
2 340 918
1 14 352
1 375 405
2 152 655
1 24 106
1 493 868
2 418 488
1 381 681
1 522 669
1 428 985
2 6 87
1 394 906
1 392 508
1 83 301
1 393 629
2 494 556
1 313 695
1 2 292
2 99 536
2 788 806
2 451 587
1 73 764
1 39 267
1 100 523
2 201 462
2 57 272
2 746 889
2 20 124
2 73 613
2 185 873
2 471 892
2 609 861
1 374 824
2 328 849
1 786 848
1 136 856
2 306 448
2 273 595
1 318 932
2 8 211
2 40 595
1 195 628
1 120 479
2 322 553
2 549 576
2 88 878
2 292 565
1 579 848
1 270 675
2 206 405
2 594 844
2 706 972
1 505 979
1 265 500
1 904 931
1 275 594
2 624 681
1 235 546
2 408 544
1 71 136
2 322 684
1 432 563
1 296 904
1 60 491
1 88 193
1 230 808
2 409 895
2 403 688
1 85 605
1 99 918
1 448 532
1 128 358
2 652 685
2 614 772
1 193 504
2 430 807
1 337 611
1 547 737
1 392 977
1 386 509
2 158 934
1 58 282
1 267 693
1 310 547
2 109 778
2 385 725
1 191 628
2 72 185
2 193 738
2 18 700
1 35 936
1 473 776
2 146 994
2 348 735
1 30 534
1 339 537
1 23 397
2 214 899
1 443 807
1 565 582
1 761 993
2 355 976
2 423 970
1 203 319
2 58 853
2 272 278
1 498 507
1 496 704
2 283 966
1 110 771
2 294 568
1 576 916
2 372 445
1 372 714
2 350 359
1 262 693
2 640 764
2 21 661
2 140 244
1 35 586
2 553 669
2 258 397
2 90 405
1 61 330
2 755 933
1 793 995
2 788 958
2 629 654
1 8 682
1 645 746
2 102 367
1 425 561
2 251 623
1 93 133
1 69 326
2 103 311
2 400 902
2 399 652
2 51 227
1 138 583
2 45 427
1 410 594
1 364 942
1 701 860
2 562 952
1 142 240
1 744 946
2 623 782
2 438 489
2 104 601
2 195 660
1 91 518
1 617 905
2 135 447
2 365 801
1 981 992
2 16 344
1 11 506
1 655 950
1 211 653
1 265 699
2 117 257
2 619 945
1 955 992
2 478 570
2 139 323
2 51 710
1 8 278
2 442 814
1 238 627
1 507 628
2 125 695
2 291 628
1 276 277
1 104 602
2 379 663
1 775 991
2 40 886
2 35 948
2 52 63
2 547 703
1 374 686
1 141 177
2 332 682
2 11 352
1 39 56
2 49 698
1 728 814
2 504 645
2 266 553
2 297 419
2 653 905
1 101 817
2 51 260
2 581 826
1 355 778
1 94 714
2 82 758
1 58 993
1 607 944
2 232 804
1 82 546
1 423 758
2 319 783
1 105 247
1 23 485
1 370 382
2 261 851
1 76 655
2 73 681
2 60 548
1 277 846
1 199 480
1 651 962
1 249 559
2 703 741
2 9 470
1 109 566
2 366 452
1 311 423
1 411 701
1 607 845
1 547 599
2 659 763
2 356 580
1 180 598
2 780 882
1 220 893
2 691 912
2 302 775
1 560 655
1 96 508
2 14 753
1 348 967
