1000 1000
987 160 259 54 473 138 321 253 817 427 766 107 176 634 750 992 692 8 68 868 507 396 53 889 123 252 841 350 807 661 15 238 257 273 913 6 381 971 864 234 323 338 561 912 877 515 964 201 91 735 893 690 285 669 694 145 714 881 313 883 498 302 950 113 503 21 411 263 33 769 80 897 684 479 757 547 4 827 522 279 367 191 589 88 901 996 813 772 733 809 952 521 939 609 122 277 786 172 890 989 405 229 419 208 251 335 57 451 496 597 696 857 878 900 150 65 686 222 851 115 826 399 573 388 308 499 97 562 305 377 899 518 60 382 210 658 756 25 565 205 294 171 965 805 452 794 755 343 51 56 610 627 802 932 373 549 108 946 280 353 731 10 938 349 125 337 370 243 529 74 865 712 96 361 736 217 415 791 459 927 228 774 352 94 455 283 227 663 360 776 999 20 552 845 220 606 293 520 476 159 325 241 78 298 872 651 730 330 581 165 408 603 482 105 991 111 780 724 106 226 333 291 975 95 162 198 121 153 653 790 687 85 768 563 221 745 528 29 402 270 246 979 608 631 512 726 289 921 276 567 89 954 806 801 679 183 292 781 182 472 446 652 722 836 439 250 385 371 144 332 532 544 554 339 267 585 531 445 742 709 973 701 282 152 703 519 449 683 179 976 943 944 453 664 672 843 729 569 810 458 545 837 922 514 248 470 299 863 955 612 149 593 38 525 237 44 436 719 657 533 40 354 157 19 619 130 450 181 821 407 963 34 432 369 190 885 204 633 311 902 467 319 822 195 300 997 616 983 71 133 783 947 180 607 873 588 258 620 26 357 255 928 815 212 147 83 351 903 483 392 670 372 968 224 268 739 882 517 430 509 142 469 87 431 553 383 358 265 702 956 523 118 773 491 555 797 656 792 808 788 261 429 3 640 426 782 196 384 434 814 795 394 322 948 233 50 646 846 716 624 862 754 796 632 79 566 389 680 764 548 697 760 192 301 114 706 892 90 306 911 595 41 859 64 194 481 356 264 331 42 188 825 216 838 855 852 824 662 587 940 510 617 800 961 720 647 860 675 974 628 831 820 596 668 286 894 486 812 723 497 424 849 146 601 304 52 442 440 290 297 957 112 324 671 494 990 591 478 124 906 654 365 213 466 425 910 101 461 896 744 642 708 770 711 409 318 582 988 930 269 73 501 348 875 677 43 98 580 725 86 284 412 422 538 639 215 247 281 417 611 970 387 443 728 835 214 116 929 995 558 969 416 713 700 189 972 132 840 592 117 103 778 334 197 887 102 14 513 602 433 420 816 556 463 575 485 18 789 151 104 126 959 644 143 721 698 960 895 174 316 583 136 336 391 691 718 600 468 630 320 406 156 76 288 715 858 576 856 945 937 178 625 465 907 534 262 613 379 787 495 775 236 870 364 326 487 235 951 994 135 362 175 129 22 578 428 966 314 935 621 447 158 418 100 748 69 915 7 891 880 260 762 574 707 861 346 771 626 559 599 767 72 193 746 315 734 46 527 504 886 5 779 564 17 92 884 75 678 272 500 740 39 342 980 119 949 842 225 344 137 543 295 925 127 879 923 240 681 375 598 368 685 758 24 753 676 516 84 635 832 850 541 30 141 209 605 49 539 535 47 638 13 167 131 170 674 804 765 798 460 139 828 109 296 421 761 967 738 31 876 93 493 648 23 398 218 1000 570 834 695 275 506 363 830 732 717 28 327 526 993 618 82 413 749 759 623 63 378 59 414 867 128 169 67 242 256 888 985 254 629 239 650 475 168 27 2 505 380 660 400 530 984 981 643 751 340 705 551 464 511 223 655 546 386 659 303 480 931 710 819 784 941 36 206 641 164 278 35 347 560 866 177 524 550 936 622 508 579 604 594 207 615 636 161 404 70 953 747 403 163 219 665 366 435 401 811 699 166 410 743 666 81 898 45 962 839 847 785 586 244 614 584 590 844 998 777 55 649 916 457 173 438 317 134 16 307 230 231 110 942 423 924 397 148 1 61 32 211 310 140 474 245 853 271 682 155 477 977 577 62 448 488 737 752 536 249 537 484 444 202 99 833 557 958 328 917 395 454 854 741 727 799 441 355 871 673 66 829 287 376 11 982 492 688 154 203 199 978 390 918 345 200 637 266 908 48 274 909 374 934 689 874 986 823 437 904 187 803 704 77 572 926 393 667 341 793 848 693 359 37 120 818 185 905 869 542 471 571 12 490 540 186 920 645 329 914 184 9 502 919 232 456 312 933 309 489 58 763 462 568
972 554 136 298 616 8 309 293 56 418 835 708 482 364 414 174 646 330 802 416 472 674 669 273 855 79 734 882 173 335 730 611 963 683 415 944 460 666 541 263 606 745 104 387 796 12 214 988 737 836 484 200 234 235 279 395 239 307 147 183 573 965 702 781 718 440 164 439 518 815 832 989 926 377 254 202 504 807 326 735 447 462 633 586 195 348 249 612 624 862 738 424 63 798 642 877 853 81 72 911 291 875 843 381 974 398 346 408 160 631 393 663 420 190 232 140 289 806 142 333 213 827 60 113 409 940 794 185 376 889 686 169 78 570 271 513 191 304 731 493 705 43 695 801 138 242 990 598 993 677 73 458 222 775 930 546 661 732 218 980 52 749 970 483 454 597 977 315 668 883 400 706 405 340 771 517 442 543 266 110 924 510 363 31 106 821 187 422 13 241 339 660 455 257 45 746 556 449 437 404 711 312 25 471 784 577 193 523 486 514 92 27 822 3 22 101 793 337 316 865 834 768 736 68 180 528 728 331 284 950 904 837 604 314 917 502 649 196 700 897 37 15 572 111 301 960 748 99 500 341 729 750 932 618 588 664 19 975 534 614 830 181 526 893 143 490 189 826 825 931 747 918 752 403 938 131 507 443 688 596 149 474 704 277 846 100 895 34 694 922 914 485 966 884 899 459 270 103 368 334 16 394 349 651 311 699 652 94 2 786 578 258 14 753 120 332 622 987 691 380 144 433 515 792 991 188 33 894 76 956 962 949 563 170 367 601 690 509 892 425 384 383 46 929 866 436 57 480 329 569 811 28 655 613 620 139 841 782 168 840 24 992 576 243 898 247 933 561 227 428 878 874 407 445 223 49 67 145 26 709 302 742 87 236 375 580 659 512 850 551 759 35 116 9 264 246 934 863 544 828 964 151 389 373 643 774 272 662 494 984 93 468 206 824 701 722 496 639 365 205 856 448 371 982 727 888 220 70 219 10 648 210 864 172 171 524 833 137 342 53 521 948 562 630 531 204 297 7 545 253 155 475 985 976 450 153 910 568 657 679 444 725 860 773 978 321 161 119 96 959 274 754 658 83 229 322 644 808 215 574 687 501 353 177 795 981 124 592 656 192 32 788 600 653 559 55 479 319 299 469 58 537 896 108 74 593 590 209 354 391 819 906 230 207 323 530 105 378 199 95 857 123 252 697 810 628 623 125 20 310 817 300 937 867 996 163 635 498 231 347 552 38 406 955 851 641 887 238 869 797 885 900 901 845 831 344 871 803 961 117 39 282 451 629 848 461 184 520 359 1 287 294 411 225 567 954 336 112 390 673 912 575 11 983 179 564 491 739 122 804 318 276 973 952 351 505 957 535 157 118 506 838 130 615 237 927 182 285 696 755 162 710 166 107 744 632 939 715 654 156 487 197 707 82 427 772 115 785 369 951 217 645 839 358 152 109 65 873 766 516 858 280 636 724 640 250 791 256 968 211 478 647 372 870 638 947 780 799 765 610 909 723 128 296 328 388 463 854 91 553 352 85 849 915 603 426 385 571 945 121 47 413 208 176 386 820 269 360 86 619 532 240 261 672 465 224 595 212 767 379 251 941 126 345 783 681 637 260 216 617 743 36 770 953 508 42 84 4 430 141 286 762 998 525 925 935 880 317 492 21 88 712 221 549 591 308 790 392 59 548 787 423 908 905 133 259 522 275 511 779 499 431 539 550 466 290 634 776 538 923 675 547 265 879 343 435 667 916 305 129 324 306 477 607 920 886 69 245 676 627 402 5 382 928 527 397 829 446 355 481 842 268 159 994 726 626 48 357 154 18 61 473 44 453 54 41 608 813 441 689 582 540 283 587 891 6 410 609 999 361 818 267 412 503 401 844 823 761 589 158 714 374 135 529 438 946 594 419 338 692 175 470 816 680 971 178 288 943 557 64 936 670 605 75 693 186 703 29 769 146 756 847 456 417 97 902 325 789 741 809 560 800 986 228 295 17 921 942 327 278 872 698 62 429 51 536 861 132 650 757 758 997 77 71 602 558 881 763 366 194 890 665 370 320 621 671 903 396 733 751 134 50 868 233 777 313 167 165 876 684 362 1000 967 713 203 913 432 497 248 457 90 464 685 584 717 244 678 89 995 599 716 859 721 583 907 150 40 350 852 421 719 812 579 805 969 148 533 919 488 979 23 198 399 292 566 764 255 958 495 778 452 356 555 476 581 226 585 720 740 114 467 760 489 262 565 102 66 542 519 625 30 281 98 80 201 303 682 127 814 434
1 578 952
2 356 503
1 547 571
2 74 794
2 279 325
2 410 987
1 343 378
1 141 485
2 465 770
1 631 699
1 26 575
2 579 713
1 451 754
1 199 969
1 306 492
2 86 407
2 362 501
2 44 881
2 244 488
1 894 972
1 504 684
2 132 773
1 144 881
2 224 691
1 81 584
2 197 852
2 549 914
2 396 646
2 50 910
2 571 613
2 61 941
2 439 723
2 26 343
1 220 560
1 59 871
1 375 769
2 315 893
2 694 775
1 352 661
2 184 381
2 256 934
2 121 679
2 631 778
1 208 927
1 67 828
2 602 808
1 281 860
2 174 648
1 832 899
1 273 579
2 786 833
2 364 366
2 7 646
1 718 867
1 657 904
2 551 576
2 486 583
1 3 770
2 278 771
1 649 795
2 49 464
1 392 751
2 129 425
2 471 738
2 387 766
2 622 921
2 781 980
2 78 755
1 321 660
2 27 630
2 26 565
2 94 820
1 153 182
2 27 593
2 918 919
2 435 644
2 20 595
1 210 500
1 628 758
1 948 953
2 618 904
2 86 986
1 81 415
1 475 548
1 340 900
2 228 894
2 91 628
2 312 781
1 158 165
1 375 426
2 51 596
2 57 903
2 413 629
2 308 611
2 282 619
1 148 978
1 381 590
2 621 975
1 201 715
1 138 403
2 94 535
2 856 999
2 197 558
1 25 948
1 409 800
1 418 938
1 248 463
2 596 842
2 31 140
2 220 440
2 200 679
1 355 370
2 317 552
2 31 100
2 580 705
2 132 589
2 217 371
1 307 371
2 163 630
1 83 647
2 582 713
1 795 981
2 15 103
2 161 601
1 556 699
2 115 776
1 280 824
1 268 631
1 89 240
2 69 325
2 619 695
1 2 317
1 208 626
2 23 987
2 250 434
2 143 888
1 217 964
1 49 692
1 934 991
2 26 760
2 594 617
2 435 995
1 297 745
2 422 720
1 107 340
2 867 1000
1 738 997
1 55 948
1 699 957
1 344 620
1 402 568
1 454 858
1 48 535
1 232 307
2 443 772
1 126 305
1 535 671
2 427 829
2 609 860
1 325 848
2 215 438
1 83 104
1 661 779
2 61 704
2 129 960
2 346 893
1 157 361
2 67 507
2 363 540
2 528 754
1 6 369
1 375 949
1 427 620
1 488 912
1 105 176
2 345 463
1 67 572
1 590 847
2 236 890
2 692 997
2 375 873
1 84 749
1 145 424
1 515 874
2 26 98
2 399 823
2 69 101
1 72 245
1 242 788
1 69 333
2 28 400
2 444 452
2 607 702
1 545 934
2 573 770
1 427 890
2 744 899
1 213 235
2 150 625
1 151 861
2 546 775
1 161 816
1 334 376
2 844 983
2 544 754
1 588 680
1 342 735
2 614 783
2 245 257
2 147 519
2 263 811
2 941 993
1 153 435
2 78 567
2 24 473
2 128 826
2 626 926
1 281 728
2 55 930
1 557 696
2 328 815
2 276 340
1 159 727
1 119 813
1 717 731
1 537 828
2 383 495
1 321 796
2 110 590
1 370 559
1 268 628
1 735 906
1 262 689
2 520 677
2 606 607
1 189 520
1 335 384
1 367 626
1 409 656
1 158 933
2 511 655
2 495 799
2 684 981
2 110 924
2 764 987
2 27 404
1 564 613
1 248 639
1 496 559
1 659 980
2 207 244
1 254 390
1 718 891
2 171 597
1 385 430
2 731 828
1 6 749
2 146 532
1 100 528
2 47 919
2 192 213
2 469 513
1 362 647
2 326 941
1 303 903
1 80 523
2 29 553
2 13 609
2 159 663
1 96 317
2 684 980
2 716 952
2 482 916
2 427 520
2 68 663
2 85 430
1 59 711
1 345 458
1 762 939
1 247 870
2 715 956
1 83 123
1 42 354
2 148 841
2 112 636
1 452 481
2 733 815
2 139 237
1 811 894
2 173 722
1 551 776
2 664 809
1 139 153
2 146 276
2 154 289
2 49 784
1 533 633
2 241 762
1 76 182
1 227 311
1 245 619
1 258 860
2 77 614
1 396 572
1 35 390
1 382 984
1 109 943
2 663 890
1 701 945
2 120 298
1 171 387
2 312 935
2 394 521
1 87 637
1 61 535
2 234 607
2 159 844
2 32 796
1 214 442
1 1 809
1 571 935
1 431 824
2 89 775
2 364 548
1 167 897
2 324 611
2 823 875
1 50 137
2 67 763
1 576 971
1 964 991
2 484 954
2 513 931
1 678 757
2 309 991
1 145 208
1 768 816
2 203 239
2 458 882
1 407 521
2 404 939
2 140 828
1 240 713
1 308 539
2 168 545
2 575 943
1 844 927
1 27 30
2 217 308
2 163 717
2 528 583
1 400 596
1 426 474
2 176 807
2 505 515
1 193 665
1 263 772
1 725 990
2 232 844
1 427 692
2 578 824
2 119 403
1 109 358
1 197 529
1 702 834
2 708 773
2 267 521
1 376 905
1 71 842
2 464 995
2 48 387
1 121 478
1 13 999
2 775 989
2 486 841
1 592 649
2 303 891
1 297 916
2 472 830
1 117 244
2 706 932
1 670 891
1 76 331
1 222 993
2 279 858
1 220 805
1 56 512
1 24 542
1 27 765
1 195 509
1 687 772
2 629 900
1 385 887
1 434 631
1 225 862
2 180 367
2 48 586
2 243 402
2 720 733
1 763 806
1 508 996
2 301 726
1 378 871
2 276 543
1 19 433
2 673 861
1 576 973
1 655 952
2 333 653
2 400 504
2 412 683
2 54 433
1 250 992
1 251 649
1 40 96
1 322 591
1 319 977
1 119 965
2 654 766
1 90 406
1 9 631
2 528 799
2 456 719
2 50 111
2 136 690
1 205 847
1 8 407
1 519 962
1 222 494
2 403 597
2 525 793
1 108 852
1 45 723
1 380 526
1 921 939
1 1 990
2 343 428
1 602 867
2 538 846
1 604 784
2 392 771
1 290 638
1 306 510
1 369 615
2 364 610
2 924 958
2 326 625
2 215 376
2 621 855
1 560 739
2 398 457
1 492 987
2 302 554
1 483 489
2 48 109
1 145 963
1 91 992
1 404 583
1 155 197
1 416 697
2 214 765
1 532 609
2 351 852
2 638 833
2 77 264
2 399 969
1 351 571
2 797 828
2 311 323
1 459 810
2 437 595
2 311 536
2 702 910
2 620 632
1 218 789
1 286 465
1 15 955
2 516 639
2 202 988
2 662 682
1 185 423
2 752 870
1 118 851
1 257 869
1 768 808
1 434 834
2 16 912
2 326 497
1 152 899
2 240 836
1 659 817
1 108 894
1 641 882
2 229 446
1 159 726
2 156 796
2 161 985
1 533 675
1 827 884
2 347 511
2 469 706
2 140 425
1 351 951
2 322 876
1 210 349
2 522 885
2 30 956
2 62 393
1 130 526
2 936 946
2 104 356
1 247 567
1 87 603
2 355 874
1 226 516
1 532 789
1 85 495
1 26 990
1 103 944
2 418 511
1 33 336
1 187 963
2 612 618
1 563 737
2 270 592
2 168 290
2 703 741
2 134 329
1 48 975
1 298 738
2 715 860
1 855 877
2 879 939
1 71 419
1 653 971
2 250 532
1 356 763
1 667 709
2 418 501
2 334 962
1 535 608
2 250 502
2 206 869
1 645 900
2 467 748
1 297 991
1 453 892
1 212 214
1 434 514
1 360 542
2 111 662
2 584 781
2 576 618
2 17 246
2 720 846
2 89 820
2 141 427
2 210 353
1 427 570
2 435 774
2 462 882
2 261 892
1 285 403
2 367 409
1 399 593
2 685 870
1 424 966
2 403 732
2 339 485
1 296 823
1 86 261
1 572 999
2 315 392
1 227 315
2 242 930
2 272 888
1 524 996
2 23 472
2 109 529
1 35 820
2 101 983
1 77 122
1 280 752
2 542 671
1 161 883
1 58 568
2 592 922
2 176 864
2 275 330
2 72 365
2 792 933
1 471 515
2 372 736
2 361 431
2 336 482
2 525 959
1 178 483
2 243 393
1 324 579
2 29 387
1 26 222
1 359 859
1 58 710
1 879 910
1 13 978
2 147 700
2 193 576
1 495 863
1 382 839
1 496 667
2 493 815
1 193 353
1 373 798
1 497 772
1 216 604
1 232 630
2 208 424
1 614 744
1 268 936
2 455 768
1 378 764
1 119 785
2 122 187
2 534 598
2 262 602
2 219 381
1 26 59
1 504 994
2 743 996
2 369 416
1 325 410
1 806 842
1 281 288
1 908 926
2 212 549
1 41 664
1 535 839
2 373 402
2 658 868
2 297 688
2 734 896
1 75 202
2 448 743
2 696 979
2 260 903
2 381 577
2 522 573
2 839 963
1 103 135
1 539 998
2 579 897
1 315 546
1 446 449
2 604 620
1 408 750
1 380 814
2 155 647
1 151 287
1 379 514
2 485 967
2 111 735
2 135 638
2 218 223
1 171 701
1 35 359
1 434 924
1 311 732
2 78 425
2 376 717
1 354 615
2 310 867
2 878 918
2 562 993
2 3 358
1 220 842
1 848 874
1 462 725
1 203 407
2 305 884
2 106 885
2 213 527
2 479 965
2 579 942
2 63 454
1 154 669
2 425 715
1 356 357
2 213 274
2 78 675
1 575 871
1 675 791
1 454 616
2 228 598
1 235 554
2 422 528
2 825 827
2 74 287
2 90 509
2 322 902
1 238 287
2 334 730
1 57 752
1 140 732
2 525 861
1 105 682
2 279 946
2 276 697
1 471 722
2 137 538
1 322 377
1 38 922
1 72 987
2 333 985
2 32 52
2 207 687
1 296 468
2 333 957
2 174 779
2 37 393
2 586 663
2 131 594
2 123 317
2 393 800
2 498 777
2 205 361
2 705 718
1 41 157
1 151 519
2 359 930
1 682 757
1 765 945
1 784 844
2 262 928
1 698 734
1 446 675
2 182 984
2 155 894
1 766 945
2 411 701
2 149 712
2 146 785
2 155 461
2 546 722
2 105 413
1 521 790
2 102 125
1 84 303
1 244 794
2 20 566
2 423 807
2 144 279
2 130 652
1 166 853
2 270 900
1 158 580
2 34 764
1 291 919
2 208 391
2 597 653
1 107 713
1 338 852
2 636 948
2 254 920
2 38 603
1 460 971
2 733 913
2 129 652
2 37 231
1 432 795
2 611 772
1 241 683
1 144 229
1 324 581
2 332 996
1 1 824
2 9 592
1 561 651
2 455 679
1 159 521
1 39 578
2 325 821
2 172 696
2 35 790
1 529 608
1 59 523
1 265 427
2 58 480
1 306 489
1 201 707
1 500 853
2 605 680
1 475 685
2 287 498
1 125 274
2 266 401
2 1 225
2 95 875
1 45 55
2 113 379
2 256 429
2 807 918
1 154 580
2 275 362
2 367 739
2 70 609
2 285 979
1 23 245
2 38 824
1 473 690
1 458 663
2 322 482
2 22 992
2 54 842
1 332 547
2 462 543
1 676 835
1 46 579
2 79 495
1 607 649
1 401 549
1 45 949
2 246 498
2 124 854
1 717 985
2 528 843
2 242 579
1 727 939
1 323 397
1 40 761
2 55 340
2 841 943
2 420 722
1 516 621
2 822 913
1 69 89
1 104 428
1 129 638
2 582 817
2 179 983
1 391 607
1 107 246
1 464 897
2 322 495
1 378 485
1 377 489
1 194 926
2 613 625
1 212 863
2 233 694
2 162 538
2 234 922
2 374 597
2 406 968
1 338 847
1 92 615
1 485 838
2 123 923
1 908 944
2 328 768
2 559 982
1 1 585
1 48 114
2 94 305
2 45 681
1 722 733
1 245 730
2 87 641
1 244 556
1 744 755
1 253 341
2 139 191
1 321 927
1 382 514
2 283 924
1 515 973
1 611 635
2 92 270
1 331 967
1 552 830
1 132 711
1 221 930
2 310 780
1 128 154
1 273 531
1 216 808
2 124 390
2 182 303
1 44 895
2 136 473
1 146 531
2 535 604
1 596 966
1 205 508
2 181 329
1 255 571
2 216 476
2 172 175
1 90 696
1 114 622
1 431 538
2 268 566
1 739 862
2 300 859
1 287 953
2 325 542
1 469 798
1 83 577
1 152 907
2 204 680
2 584 973
1 745 794
1 122 560
2 567 764
1 596 886
1 63 698
1 242 383
2 363 804
1 2 362
1 71 201
2 652 747
2 244 471
2 706 829
2 65 609
1 410 737
1 259 834
1 527 878
1 456 709
2 521 780
2 472 506
1 805 870
1 66 334
2 17 31
1 184 710
2 149 527
2 67 932
1 291 752
2 398 657
2 275 924
1 319 451
2 486 882
1 6 563
1 629 810
1 272 559
2 14 914
1 228 798
2 460 646
2 610 988
2 301 670
2 424 893
1 257 612
2 459 512
2 160 610
1 484 722
1 51 361
2 23 878
2 12 160
2 399 859
2 103 307
2 360 571
2 467 920
2 761 889
2 146 251
2 198 581
1 269 911
2 147 669
1 311 752
2 339 969
1 558 869
2 325 767
1 339 856
1 728 922
2 128 559
1 279 472
1 139 989
1 537 712
2 205 997
2 582 776
2 210 498
1 58 695
1 38 724
1 348 859
1 72 597
1 856 971
1 607 639
1 812 921
1 18 667
1 439 602
1 561 861
1 482 539
1 401 956
2 686 784
2 347 349
2 459 982
1 58 443
2 684 732
1 260 548
2 22 562
1 233 858
2 433 702
