1000 1000
332 895 591 550 220 754 752 316 223 395 990 936 780 10 993 94 916 559 210 189 109 629 2 816 864 12 934 578 343 523 624 999 476 866 310 438 978 717 331 695 601 26 984 291 888 769 618 817 454 445 988 32 625 847 265 477 399 913 106 470 35 876 204 169 33 482 729 519 548 75 749 685 600 409 584 341 285 61 369 840 820 647 14 178 823 889 299 13 851 632 503 306 154 250 596 165 544 885 832 612 281 819 706 128 313 968 553 242 776 346 686 193 500 54 392 187 427 312 215 672 969 900 311 880 407 449 586 290 703 631 173 997 852 887 517 490 200 130 604 725 406 530 356 65 254 36 131 690 724 336 387 882 474 731 698 43 37 46 853 45 373 137 666 608 441 133 994 213 712 526 433 1000 129 557 915 949 927 430 386 44 522 870 733 38 209 665 576 777 605 761 932 798 295 571 897 185 740 824 96 263 382 372 446 854 668 19 753 207 145 502 649 996 41 203 560 444 20 691 946 855 872 630 540 464 216 374 922 297 67 762 118 255 239 452 878 711 684 335 186 626 598 985 737 68 103 82 458 903 459 542 785 150 681 806 79 261 746 767 768 199 501 378 117 520 614 342 763 4 539 940 963 825 472 561 3 279 759 112 757 157 160 778 243 670 489 906 585 300 507 555 377 164 366 671 784 860 218 83 933 460 302 830 353 404 875 320 739 856 88 892 22 344 881 303 567 451 158 58 351 380 833 563 886 948 952 966 89 455 235 7 492 262 648 713 709 656 535 358 466 531 298 939 231 136 702 208 971 267 485 148 796 678 288 861 140 815 950 863 638 688 546 405 581 271 628 52 390 514 393 570 357 898 230 77 225 813 367 659 62 615 276 970 123 421 869 857 848 995 983 487 617 152 534 667 764 640 735 867 583 229 621 679 972 987 146 375 155 839 574 1 176 528 728 842 834 59 181 72 439 738 93 904 388 55 469 201 589 809 799 797 113 616 727 627 480 39 442 119 121 349 379 730 11 423 766 134 419 964 884 326 645 228 506 256 496 172 365 941 722 418 789 401 692 828 917 222 674 428 314 53 238 846 942 171 775 893 247 980 194 348 90 174 9 98 700 960 273 566 890 976 17 602 431 166 499 27 911 750 488 467 845 85 644 991 457 359 272 277 765 81 822 843 370 595 24 928 821 268 658 453 411 115 259 340 188 396 792 87 862 478 883 60 197 355 425 391 593 533 850 414 167 249 660 634 910 354 219 100 205 810 791 99 905 329 580 708 529 935 293 552 662 923 434 394 161 328 720 48 398 317 836 505 422 28 108 707 642 180 538 5 294 114 245 278 896 408 16 327 307 779 771 716 101 292 461 965 945 269 736 50 992 805 509 258 211 227 143 732 929 236 512 337 23 42 448 280 802 403 957 321 127 410 710 951 859 497 141 162 138 747 384 64 606 696 787 652 63 144 274 831 483 714 471 981 484 986 653 575 868 40 465 800 289 345 69 518 643 175 361 807 416 363 192 95 772 654 783 491 515 475 18 233 572 315 599 795 385 364 456 462 829 381 283 511 808 102 495 673 521 334 350 920 402 811 362 873 440 619 573 877 541 801 237 912 637 240 513 554 29 925 30 246 221 958 252 147 206 473 159 149 447 723 543 704 899 748 324 301 849 322 305 569 944 705 76 432 937 565 397 124 977 110 657 926 415 841 195 664 611 31 594 954 562 545 532 151 47 107 257 266 743 304 930 781 226 938 973 56 34 744 190 234 719 858 646 426 721 623 135 525 97 71 793 871 319 84 579 812 191 536 907 931 607 636 650 956 901 104 677 424 241 286 179 818 633 694 51 955 126 635 420 296 25 437 537 400 282 551 168 524 339 687 760 443 323 651 86 325 718 908 21 989 902 116 879 49 120 774 962 979 429 287 202 308 661 590 468 556 751 742 8 921 675 494 699 891 663 697 844 214 352 508 163 914 132 782 967 73 577 756 156 758 217 347 177 974 224 153 516 212 248 814 838 693 953 790 182 275 568 726 417 558 755 412 183 105 943 919 786 837 745 587 463 803 253 198 680 603 683 383 804 338 734 70 481 264 450 232 284 318 639 92 959 389 504 788 773 655 592 610 184 479 270 330 260 111 701 15 139 80 909 196 547 436 826 486 982 609 564 549 360 924 6 527 125 689 309 142 66 597 961 368 947 641 682 874 435 74 588 998 91 582 918 510 376 413 794 498 57 170 741 865 122 333 251 493 715 676 622 975 835 371 78 244 613 669 770 894 620 827
827 620 894 770 669 613 244 78 371 835 975 622 676 715 493 251 333 122 865 741 170 57 498 794 413 376 510 918 582 91 998 588 74 435 874 682 641 947 368 961 597 66 142 309 689 125 527 6 924 360 549 564 609 982 486 826 436 547 196 909 80 139 15 701 111 260 330 270 479 184 610 592 655 773 788 504 389 959 92 639 318 284 232 450 264 481 70 734 338 804 383 683 603 680 198 253 803 463 587 745 837 786 919 943 105 183 412 755 558 417 726 568 275 182 790 953 693 838 814 248 212 516 153 224 974 177 347 217 758 156 756 577 73 967 782 132 914 163 508 352 214 844 697 663 891 699 494 675 921 8 742 751 556 468 590 661 308 202 287 429 979 962 774 120 49 879 116 902 989 21 908 718 325 86 651 323 443 760 687 339 524 168 551 282 400 537 437 25 296 420 635 126 955 51 694 633 818 179 286 241 424 677 104 901 956 650 636 607 931 907 536 191 812 579 84 319 871 793 71 97 525 135 623 721 426 646 858 719 234 190 744 34 56 973 938 226 781 930 304 743 266 257 107 47 151 532 545 562 954 594 31 611 664 195 841 415 926 657 110 977 124 397 565 937 432 76 705 944 569 305 322 849 301 324 748 899 704 543 723 447 149 159 473 206 147 252 958 221 246 30 925 29 554 513 240 637 912 237 801 541 877 573 619 440 873 362 811 402 920 350 334 521 673 495 102 808 511 283 381 829 462 456 364 385 795 599 315 572 233 18 475 515 491 783 654 772 95 192 363 416 807 361 175 643 518 69 345 289 800 465 40 868 575 653 986 484 981 471 714 483 831 274 144 63 652 787 696 606 64 384 747 138 162 141 497 859 951 710 410 127 321 957 403 802 280 448 42 23 337 512 236 929 732 143 227 211 258 509 805 992 50 736 269 945 965 461 292 101 716 771 779 307 327 16 408 896 278 245 114 294 5 538 180 642 707 108 28 422 505 836 317 398 48 720 328 161 394 434 923 662 552 293 935 529 708 580 329 905 99 791 810 205 100 219 354 910 634 660 249 167 414 850 533 593 391 425 355 197 60 883 478 862 87 792 396 188 340 259 115 411 453 658 268 821 928 24 595 370 843 822 81 765 277 272 359 457 991 644 85 845 467 488 750 911 27 499 166 431 602 17 976 890 566 273 960 700 98 9 174 90 348 194 980 247 893 775 171 942 846 238 53 314 428 674 222 917 828 692 401 789 418 722 941 365 172 496 256 506 228 645 326 884 964 419 134 766 423 11 730 379 349 121 119 442 39 480 627 727 616 113 797 799 809 589 201 469 55 388 904 93 738 439 72 181 59 834 842 728 528 176 1 574 839 155 375 146 987 972 679 621 229 583 867 735 640 764 667 534 152 617 487 983 995 848 857 869 421 123 970 276 615 62 659 367 813 225 77 230 898 357 570 393 514 390 52 628 271 581 405 546 688 638 863 950 815 140 861 288 678 796 148 485 267 971 208 702 136 231 939 298 531 466 358 535 656 709 713 648 262 492 7 235 455 89 966 952 948 886 563 833 380 351 58 158 451 567 303 881 344 22 892 88 856 739 320 875 404 353 830 302 460 933 83 218 860 784 671 366 164 377 555 507 300 585 906 489 670 243 778 160 157 757 112 759 279 3 561 472 825 963 940 539 4 763 342 614 520 117 378 501 199 768 767 746 261 79 806 681 150 785 542 459 903 458 82 103 68 737 985 598 626 186 335 684 711 878 452 239 255 118 762 67 297 922 374 216 464 540 630 872 855 946 691 20 444 560 203 41 996 649 502 145 207 753 19 668 854 446 372 382 263 96 824 740 185 897 571 295 798 932 761 605 777 576 665 209 38 733 870 522 44 386 430 927 949 915 557 129 1000 433 526 712 213 994 133 441 608 666 137 373 45 853 46 37 43 698 731 474 882 387 336 724 690 131 36 254 65 356 530 406 725 604 130 200 490 517 887 852 997 173 631 703 290 586 449 407 880 311 900 969 672 215 312 427 187 392 54 500 193 686 346 776 242 553 968 313 128 706 819 281 612 832 885 544 165 596 250 154 306 503 632 851 13 299 889 823 178 14 647 820 840 369 61 285 341 584 409 600 685 749 75 548 519 729 482 33 169 204 876 35 470 106 913 399 477 265 847 625 32 988 445 454 817 618 769 888 291 984 26 601 695 331 717 978 438 310 866 476 999 624 523 343 578 934 12 864 816 2 629 109 189 210 559 916 94 993 10 780 936 990 395 223 316 752 754 220 550 591 895 332
1 841 997
1 933 975
2 472 609
1 651 659
2 442 775
1 747 912
1 202 219
2 157 970
2 254 930
1 166 371
2 615 957
2 125 214
2 4 656
1 634 908
1 90 706
1 365 408
2 333 746
2 882 961
1 26 730
2 288 430
1 119 350
2 435 484
2 468 975
2 546 624
2 925 977
1 156 885
1 234 595
2 276 471
1 592 934
1 541 815
1 166 366
1 731 950
2 437 937
2 542 802
2 217 270
2 757 785
2 665 723
1 87 146
2 248 800
1 140 633
2 197 269
1 84 798
2 472 607
2 183 972
2 372 851
2 501 594
1 118 469
1 149 462
2 196 980
2 575 788
1 100 581
2 176 814
2 676 970
2 1 706
1 421 926
2 624 714
1 117 158
1 637 988
1 84 341
1 35 121
1 83 868
2 21 66
2 112 753
1 78 555
2 437 585
2 165 951
1 136 639
2 71 803
1 74 247
2 90 194
2 574 803
2 257 341
2 385 868
2 744 800
2 331 424
1 345 820
2 540 861
1 196 914
1 475 818
1 127 496
1 199 448
1 787 994
2 138 659
1 95 519
2 228 575
2 324 803
2 292 565
1 649 996
2 705 933
1 534 615
1 174 523
2 817 966
2 656 900
1 204 727
2 48 457
2 856 997
2 98 678
1 245 534
1 824 867
2 307 831
1 309 740
1 56 587
1 344 761
1 894 973
2 737 847
1 287 682
2 141 493
1 73 911
1 201 944
1 171 189
2 639 943
2 325 327
1 262 889
1 266 297
2 379 792
2 662 671
2 503 596
2 526 649
1 796 897
2 766 994
2 401 417
2 503 901
1 103 439
1 103 299
2 138 591
1 144 520
2 263 964
1 199 953
1 238 271
1 484 789
2 52 761
1 43 883
2 228 969
2 409 744
1 266 689
1 997 998
1 254 576
2 460 826
1 727 804
2 444 811
1 441 842
2 99 299
2 647 944
1 276 996
2 43 632
2 85 344
1 266 712
2 16 284
1 374 959
2 395 536
1 61 747
2 269 723
1 772 786
2 237 427
2 805 984
1 688 786
2 517 847
2 743 849
2 543 956
1 379 466
2 510 678
1 250 569
2 652 888
1 123 549
2 451 808
2 196 330
2 67 999
1 24 557
2 180 753
1 2 596
1 267 360
1 366 979
2 144 589
2 657 801
1 493 842
1 331 895
1 711 732
1 129 639
2 26 348
1 18 814
2 481 489
1 256 288
2 88 352
2 499 648
2 305 668
2 43 208
2 324 912
2 580 868
2 879 883
1 952 972
1 282 911
1 607 964
2 864 907
1 68 400
2 329 520
1 938 977
2 727 781
1 78 966
2 79 143
1 734 913
1 118 143
2 146 799
1 133 823
2 705 751
1 316 425
2 10 362
1 135 641
1 507 729
2 378 383
1 12 57
1 713 870
1 754 934
2 119 181
2 4 450
1 60 237
1 561 970
2 423 477
1 23 114
2 878 908
1 256 804
2 386 832
1 718 845
1 689 948
1 124 746
1 307 759
1 815 928
2 114 897
2 82 570
2 496 844
1 465 622
2 100 941
2 304 846
1 168 424
2 579 664
2 257 334
2 79 814
2 119 797
2 253 949
1 316 777
2 661 868
1 295 307
1 61 602
2 183 412
1 436 610
2 130 131
2 991 993
2 729 761
1 466 599
2 106 594
1 32 671
2 411 831
1 584 792
1 77 708
2 327 755
1 558 907
1 97 803
2 98 371
2 75 524
2 659 832
2 27 104
2 309 992
1 234 574
2 524 894
1 827 977
1 241 428
2 45 843
1 112 143
1 344 884
1 25 298
2 568 946
2 109 722
2 190 674
1 70 702
1 77 520
2 2 275
1 286 318
1 448 545
1 273 800
1 481 630
1 54 597
2 103 932
1 86 170
1 4 859
2 456 761
1 28 755
2 217 628
1 221 777
1 597 684
2 436 470
1 46 994
1 415 603
2 15 638
2 214 493
1 163 882
1 146 822
2 877 991
1 353 913
1 257 352
1 8 85
1 756 999
1 653 868
2 452 763
2 229 582
1 41 285
1 101 345
2 845 908
1 381 567
1 236 668
2 398 415
2 142 543
1 668 760
2 489 532
2 673 961
1 704 803
2 538 652
2 379 490
1 76 268
2 34 40
2 258 953
2 291 578
2 48 287
1 28 588
2 497 838
1 250 509
2 91 959
1 714 776
1 703 816
1 283 312
2 331 565
1 637 679
2 91 997
2 342 825
2 392 556
1 88 118
1 262 629
1 713 767
2 474 696
1 33 633
1 947 990
1 709 769
1 497 617
2 407 677
1 291 422
2 234 542
2 817 909
1 646 796
2 268 937
1 610 960
1 234 262
1 399 552
2 711 728
2 261 429
1 597 598
2 314 885
2 194 922
2 467 747
2 668 892
2 712 818
1 435 771
2 95 265
1 308 329
2 632 937
2 523 621
1 440 668
2 630 716
1 222 710
2 50 646
1 134 557
1 197 682
1 153 992
1 557 671
1 751 760
1 429 864
2 501 992
1 131 966
1 146 271
2 616 618
2 611 921
1 201 1000
1 34 322
1 684 838
1 297 640
1 52 864
2 194 513
2 554 811
1 510 973
2 391 1000
2 645 705
2 454 858
2 35 704
1 127 309
2 5 519
1 583 748
2 9 544
2 456 553
1 56 525
1 325 701
2 202 872
1 678 931
1 779 946
1 628 996
1 14 378
2 436 644
1 501 930
2 972 990
2 25 919
1 539 705
1 145 229
2 705 958
2 86 418
1 177 258
2 335 495
2 351 944
1 65 910
2 592 649
1 111 906
1 224 572
1 23 656
2 733 791
2 713 877
2 88 263
1 101 810
1 238 782
2 360 428
1 318 921
2 433 847
1 295 708
1 40 77
2 990 992
2 907 997
1 51 986
2 93 882
2 226 592
1 502 533
2 199 230
1 848 909
1 44 610
2 431 667
1 35 507
2 282 936
1 392 660
2 260 713
2 518 558
1 205 965
1 27 157
2 279 889
1 75 136
1 614 766
2 63 202
2 124 731
2 116 371
2 20 936
2 263 317
1 341 932
1 185 852
1 228 943
1 302 504
1 111 961
2 49 879
1 194 772
1 265 371
2 471 551
2 362 367
2 294 380
1 90 411
2 34 276
2 15 596
2 263 497
2 45 825
1 107 746
1 339 563
2 215 749
1 434 496
1 140 367
2 465 650
2 599 905
2 349 572
1 171 990
1 203 473
1 200 935
1 534 702
2 453 499
1 85 755
2 252 676
2 84 781
1 25 230
1 337 791
2 8 934
1 560 733
2 232 861
2 331 991
2 383 812
2 573 933
1 154 305
2 155 284
2 167 291
2 52 82
1 543 564
2 48 541
2 629 918
2 96 129
2 167 809
2 252 581
2 727 927
1 691 866
2 61 189
2 398 459
1 826 994
2 41 330
1 76 988
2 319 897
1 336 696
2 546 572
2 362 966
1 272 670
1 352 705
2 554 949
2 19 552
2 62 697
2 96 152
2 86 867
1 89 516
2 207 640
1 476 988
1 363 877
2 532 761
1 124 547
2 683 900
1 425 835
2 176 874
2 708 863
1 43 423
1 23 781
2 814 908
2 84 692
1 116 175
2 297 481
2 685 979
1 90 554
1 643 834
1 304 717
1 187 567
1 13 242
1 410 576
2 247 818
1 174 260
2 611 726
2 237 458
1 63 888
1 550 660
1 300 852
2 155 367
2 64 892
1 574 594
1 312 382
1 404 548
1 110 964
1 281 907
1 181 722
1 122 922
2 220 262
2 181 405
2 15 401
2 742 809
1 6 625
2 56 663
2 250 803
1 594 855
1 551 987
1 274 326
2 288 330
2 524 826
2 225 316
2 408 810
1 534 768
2 411 614
1 315 922
2 313 701
2 228 730
1 508 906
2 115 928
2 628 803
2 607 662
2 12 863
2 140 345
1 436 825
1 23 756
1 271 520
2 255 767
2 581 702
1 579 759
2 182 600
1 299 642
1 362 997
1 315 426
2 41 907
2 641 927
2 264 331
2 233 976
1 87 652
2 496 881
2 743 865
1 60 81
1 343 383
1 128 913
1 648 673
2 438 938
2 237 466
2 482 539
2 838 845
1 337 551
2 202 346
2 398 578
1 404 838
2 7 11
1 124 594
1 515 651
2 697 921
2 703 760
2 617 975
2 25 678
2 275 805
1 596 971
2 21 291
1 463 782
2 315 660
1 177 876
1 158 560
1 317 869
1 120 444
1 268 966
2 47 86
2 168 940
1 18 682
1 316 641
2 651 810
1 200 643
1 501 618
1 265 311
2 38 97
1 166 268
1 255 990
2 652 856
1 450 765
1 262 746
1 455 662
1 421 812
1 549 861
1 81 513
1 382 446
2 534 852
1 399 673
1 332 368
1 899 948
2 243 821
2 701 732
2 66 278
2 469 824
1 322 712
1 24 291
1 481 530
2 672 772
2 329 453
1 27 62
1 314 899
2 91 945
2 50 372
2 54 561
2 144 340
2 533 980
1 65 743
2 68 865
2 591 796
1 225 418
2 442 834
1 686 743
2 552 587
2 87 421
2 41 272
1 194 776
2 342 590
1 73 606
1 360 908
2 26 182
2 320 612
1 352 504
2 350 862
1 6 314
1 246 864
2 19 150
1 62 749
2 238 712
1 155 597
2 152 563
2 134 942
1 103 839
2 472 941
1 257 509
2 149 423
1 493 720
1 15 90
2 259 837
1 402 639
2 308 357
2 97 589
1 23 340
1 4 576
1 338 999
1 20 266
2 151 567
2 443 843
1 171 261
1 140 517
1 283 799
2 481 680
1 459 491
1 227 953
2 277 880
2 145 345
1 422 820
2 167 772
1 606 684
2 362 878
1 60 556
1 89 565
1 856 943
2 477 941
1 491 583
2 742 935
1 341 681
1 85 980
2 311 987
1 72 786
1 606 784
2 185 259
1 381 678
2 17 51
1 259 914
2 35 343
1 15 951
2 345 766
1 241 431
2 35 755
2 205 519
2 158 664
1 84 361
1 700 815
2 603 642
2 331 336
1 297 465
2 196 578
2 259 508
2 324 448
1 196 885
1 688 709
1 766 809
1 160 474
2 727 900
1 431 919
1 634 798
1 195 199
1 294 405
2 573 967
2 103 320
1 71 443
1 184 185
2 268 870
1 208 920
2 23 209
2 730 975
1 36 473
2 204 473
2 904 948
2 7 299
1 244 734
1 477 531
2 738 811
2 426 572
1 186 524
2 49 556
2 765 781
2 246 372
1 93 502
1 637 820
1 324 545
2 855 898
2 244 354
1 395 752
1 49 887
1 798 920
2 18 530
2 98 450
1 478 694
1 287 678
2 103 454
2 77 726
1 823 984
2 519 771
2 328 594
2 63 981
2 259 646
2 272 874
2 25 465
1 152 247
2 945 957
1 515 564
2 322 344
1 386 558
1 134 951
2 519 925
2 358 730
1 111 918
2 245 294
1 141 902
2 88 180
1 800 871
2 655 820
2 414 892
2 503 554
1 483 651
2 5 511
1 483 731
2 173 772
1 153 775
1 117 614
2 668 936
2 33 82
2 300 560
2 725 989
2 87 965
2 324 658
2 271 617
1 785 866
2 290 794
1 282 957
1 111 402
2 545 910
2 467 649
1 296 961
2 52 724
1 174 369
1 207 393
1 242 248
2 525 773
1 344 959
1 454 864
2 160 257
1 124 963
1 161 712
2 59 592
1 18 612
1 465 698
2 175 481
1 408 560
1 174 316
2 762 944
1 137 374
2 622 710
1 694 740
2 541 558
2 151 681
1 113 452
2 471 734
2 354 757
1 133 434
1 47 819
1 44 395
2 232 431
1 112 506
1 173 211
1 198 784
2 223 868
2 541 837
1 630 881
1 289 477
2 74 562
1 289 452
2 317 730
2 54 680
2 214 868
2 410 684
1 251 931
1 477 561
1 45 737
1 112 224
2 459 505
2 777 880
1 912 956
2 444 711
1 259 721
2 509 545
2 350 811
1 86 807
1 122 441
1 13 67
1 159 614
2 250 453
1 628 976
2 115 713
2 215 838
2 204 405
2 469 555
2 51 839
2 60 92
2 434 572
1 344 821
2 748 879
2 309 354
1 726 911
1 536 544
1 727 801
2 57 742
1 725 820
1 127 431
2 492 590
1 363 996
1 566 751
1 360 740
1 224 786
2 575 682
1 174 699
2 197 300
1 58 562
1 423 774
1 99 510
2 612 909
1 602 921
2 401 481
2 322 562
2 581 917
2 370 439
1 266 906
2 565 763
2 190 276
1 398 617
1 527 879
2 537 627
1 55 589
1 69 577
1 762 898
1 22 858
1 534 905
2 815 982
1 264 613
1 720 768
2 354 453
2 123 492
2 70 561
2 92 182
1 434 545
2 711 930
2 254 361
1 432 542
2 134 531
2 243 588
2 823 901
1 54 653
2 600 994
2 229 612
2 621 725
2 44 395
2 90 240
1 693 883
2 413 678
2 279 699
2 399 561
1 189 855
2 853 914
1 264 783
1 633 870
2 648 917
1 179 325
2 133 974
1 13 673
2 538 600
2 429 567
2 20 937
2 447 666
2 26 815
2 215 925
2 4 154
1 16 726
1 187 605
2 237 356
1 607 792
1 159 291
1 96 834
2 642 696
2 182 951
1 505 869
2 665 768
1 32 859
1 305 660
2 307 883
1 849 909
1 869 887
2 665 700
1 89 99
1 733 937
