998001
996001
994001
992001
990001
988001
986001
984001
982001
981001
979001
977001
975001
974001
972001
970001
968001
966001
964001
962001
960001
959001
957001
956001
954001
952001
950001
948001
946001
945001
943001
943001
941001
939001
937001
936001
934001
932001
930001
928001
926001
925001
923001
922001
920001
918001
917001
916001
915001
913001
911001
909001
907001
906001
904001
902001
901001
900001
898001
897001
895001
893001
891001
889001
887001
886001
884001
882001
880001
878001
876001
876001
874001
872001
871001
869001
868001
868001
866001
865001
863001
862001
861001
859001
857001
857001
855001
853001
852001
851001
849001
847001
846001
846001
844001
842001
841001
839001
838001
837001
835001
833001
831001
830001
828001
826001
825001
823001
822001
821001
819001
817001
815001
814001
813001
811001
809001
807001
806001
804001
803001
801001
801001
799001
798001
797001
797001
795001
795001
793001
791001
790001
788001
787001
787001
785001
785001
784001
784001
784001
782001
781001
779001
778001
777001
775001
773001
773001
771001
770001
768001
767001
767001
766001
764001
763001
761001
761001
760001
760001
759001
758001
756001
755001
753001
752001
751001
750001
750001
749001
748001
747001
747001
745001
744001
743001
743001
743001
742001
741001
740001
739001
739001
739001
738001
736001
734001
734001
734001
733001
732001
731001
729001
728001
727001
726001
724001
722001
721001
719001
718001
717001
717001
716001
716001
714001
713001
712001
711001
710001
709001
708001
707001
707001
705001
704001
702001
701001
700001
699001
699001
699001
698001
697001
695001
693001
692001
691001
689001
688001
689001
688001
687001
686001
685001
684001
684001
684001
682001
680001
680001
680001
678001
677001
676001
676001
674001
673001
673001
673001
673001
672001
670001
670001
671001
671001
670001
670001
669001
670001
669001
669001
669001
668001
667001
667001
666001
666001
666001
668001
667001
666001
664001
664001
663001
662001
661001
660001
659001
659001
658001
658001
657001
658001
657001
656001
656001
657001
656001
655001
655001
655001
653001
653001
652001
652001
652001
652001
652001
652001
651001
653001
653001
653001
651001
652001
651001
649001
649001
648001
648001
648001
648001
647001
646001
645001
644001
645001
644001
643001
642001
641001
641001
641001
641001
641001
640001
639001
637001
638001
637001
637001
636001
634001
634001
633001
632001
630001
630001
629001
628001
627001
628001
628001
628001
628001
627001
627001
627001
627001
627001
626001
626001
626001
624001
624001
624001
623001
623001
621001
619001
619001
619001
619001
618001
618001
616001
614001
615001
614001
614001
613001
612001
611001
611001
610001
611001
609001
607001
607001
605001
604001
603001
603001
602001
601001
600001
600436
599436
599436
598436
598436
598436
597436
596436
596436
597436
596436
596436
596436
594436
594436
592436
591436
590436
590436
589436
588436
587436
588436
588436
587436
587436
587436
586436
587436
586436
585436
584436
584436
584436
585436
585436
585436
586436
585436
586436
586436
586436
586436
586436
586436
585436
585436
585436
585436
584436
583436
581436
581436
581436
580436
579436
578436
578436
578436
576436
575436
574436
574436
573436
573436
573436
573436
572436
570436
569436
568436
567436
569436
569436
569436
569436
569436
569436
568436
568436
568436
568436
569436
569436
569436
568436
568436
567436
565436
564436
564436
564436
563436
563436
562436
562436
561436
560436
558436
557436
558436
557436
557436
557436
556436
556436
556436
557436
556436
554436
554436
554436
554436
554436
552436
552436
553436
553436
553436
551436
550436
549436
549436
549436
548436
547436
548436
549436
549436
549436
551436
550436
549436
548436
548436
547436
546436
545436
546436
546436
545436
544436
544436
544436
542436
541436
542436
542436
543436
543436
543436
543436
544436
544436
546436
546436
547436
547436
548436
547436
546436
546436
546436
546436
545436
545436
545436
545436
545436
546436
546436
546436
546436
545436
545436
544436
545436
546436
544436
545436
546436
545436
545436
544436
545436
545436
544436
545436
544436
545436
546436
546436
545436
544436
543436
543436
543436
543436
543436
542825
541825
541825
541825
541825
540825
539825
539825
540825
540825
540825
540825
540825
540825
539825
539825
539825
539825
539825
540825
540825
540825
540825
541825
542825
542825
542825
542825
542825
542825
544825
544825
545825
545825
546825
546825
546825
547825
548825
549825
549825
549825
548825
547825
547825
546825
546825
545825
543825
543825
542825
541825
540825
540825
539825
539825
539825
539825
538825
538825
537825
536825
535825
533825
533825
533825
531825
531825
530825
529825
529825
528825
528825
530825
528825
528825
528825
526825
526825
527825
526825
525825
525825
526825
526825
526825
527825
526825
525825
525825
525825
524825
524825
524825
523825
523825
524825
524825
525825
524825
524825
523825
522825
523825
523825
523825
524825
526825
526825
526825
525825
525825
527825
527825
527825
526825
525825
526825
525825
525825
525825
527825
526825
527825
526825
525825
524825
524825
523825
524825
524825
525825
525825
527825
529825
529825
529825
529825
529825
530825
529825
529825
529825
529825
529825
530825
530825
530825
531825
530825
530825
529825
529825
530825
531825
531825
531825
531825
532825
533825
532825
532825
531825
530825
530825
531825
532825
532825
533825
533825
532825
530825
530825
530825
529825
529825
529825
529825
529825
529825
529825
530825
529825
528825
529825
529825
528825
528825
528825
528825
528825
527825
526825
525825
525825
526825
526825
525825
523825
523825
523825
523825
521825
521825
521825
520825
520825
520825
521825
521825
520825
520825
520825
520825
519825
518825
517825
516825
516825
515825
515825
515825
516825
515825
515825
516825
517825
517825
517825
518825
518825
517825
517825
518825
518825
517825
517825
517825
516825
516825
515825
514825
515825
516825
516825
516825
516825
516825
515825
516825
516825
515825
515825
514825
514825
514825
515825
515825
517825
518825
519825
517825
518825
518825
519825
519825
518825
517825
518825
518825
517825
517825
517825
517825
516825
516825
515825
516825
517825
518825
517825
517825
517825
519825
519825
518825
517825
518825
517825
517825
519825
518825
517825
517825
518825
518825
518825
518825
519825
519825
520825
520825
520825
520825
519825
519825
519825
519825
519825
519825
519825
520825
520825
519825
519825
519825
519825
518825
518825
519825
519825
518825
518825
517825
517825
517825
517825
517825
515825
514825
514825
514825
512825
511825
511825
510825
510825
510825
509825
509825
510825
510825
510825
510825
509825
508825
508825
510825
509825
509825
508825
507825
508825
507825
509825
507825
506825
505825
504825
503825
502825
503825
502825
502825
503825
503825
504825
504825
502825
502825
501825
501825
501825
501825
501825
501825
501825
501825
499825
500825
500825
501825
499825
500825
500825
500825
501825
501825
501825
501825
502825
501825
502825
503825
504825
503825
504825
503825
503825
503825
504825
504825
504825
505825
506825
506825
506825
506825
506825
507825
507825
506825
506825
506825
