998001
996001
994001
992001
990001
988001
986001
984001
982001
980001
978001
976001
974001
973001
971001
969001
967001
965001
963001
961001
959001
957001
955001
953001
951001
949001
947001
945001
944001
942001
941001
940001
939001
937001
936001
934001
932001
931001
929001
928001
928001
926001
925001
924001
923001
921001
920001
918001
916001
915001
913001
911001
910001
908001
907001
905001
903001
901001
899001
897001
895001
893001
891001
889001
888001
886001
886001
884001
883001
881001
879001
878001
877001
875001
874001
873001
872001
871001
869001
867001
865001
863001
861001
860001
859001
857001
856001
854001
852001
851001
849001
847001
846001
845001
844001
842001
840001
839001
838001
838001
836001
835001
835001
834001
832001
831001
829001
827001
826001
825001
823001
821001
820001
818001
818001
816001
814001
813001
813001
812001
811001
810001
808001
807001
806001
804001
802001
800001
798001
797001
796001
795001
794001
792001
790001
790001
790001
788001
788001
786001
785001
784001
783001
781001
780001
779001
778001
777001
775001
775001
775001
775001
774001
773001
772001
770001
769001
768001
766001
767001
766001
765001
763001
761001
760001
759001
758001
757001
756001
755001
754001
752001
752001
751001
750001
749001
749001
749001
748001
748001
746001
746001
744001
743001
741001
741001
739001
738001
737001
736001
736001
736001
737001
735001
735001
734001
733001
731001
731001
731001
729001
728001
727001
726001
726001
726001
725001
725001
723001
721001
719001
719001
719001
718001
717001
716001
715001
713001
713001
711047
710047
710047
710047
709047
709047
709047
708047
706047
705047
703047
701047
700047
700047
699047
700047
699047
698047
697047
696047
696047
696047
695047
694047
692047
690047
689047
687047
685047
685047
684047
683047
681047
680047
680047
679047
679047
678047
678047
677047
677047
677047
677047
675047
675047
675047
675047
675047
673047
674047
673047
673047
672047
671047
672047
672047
671047
669047
670047
669047
668047
668047
668047
668047
666047
664047
662047
661047
660047
659047
660047
660047
658047
657047
657047
656047
655047
655047
655047
653047
653047
651047
651047
651047
651047
651047
650047
648047
648047
646047
644047
644047
643047
642047
641047
642047
642047
642047
642047
642047
641047
640047
638047
637047
636047
634047
635047
635047
633047
632047
630047
630047
631047
631047
630047
629047
628047
628047
628047
628047
627047
627047
625047
624047
623047
622047
621047
621047
619047
618047
617047
617047
617047
616047
616047
615047
615047
615047
615047
613047
613047
614047
614047
613047
613047
611047
611047
610047
610047
608047
607047
607047
607047
606047
606047
606047
606047
605047
604047
602047
602047
600047
601047
601047
602047
601047
600047
600047
598047
598047
597047
596047
596047
594047
593047
593047
594047
592047
591047
590047
590047
590047
590047
590047
590047
590047
589047
589047
589047
588047
587047
586047
586047
585047
585047
585047
585047
583047
581047
581047
582047
581047
579047
579047
579047
578047
578047
578047
579047
579047
577047
576047
575047
575047
576047
576047
575047
575047
575047
575047
575047
575047
576047
575047
574047
573047
572047
572047
571047
570047
571047
570047
570047
570047
570047
569047
569047
570047
569047
569047
568047
567047
567047
567047
567047
567047
566047
565047
566047
567047
566047
565047
565047
564047
565047
563047
563047
562047
563047
562047
561047
561047
559047
558047
557047
556047
556047
556047
555047
554047
554047
552047
553047
551047
550047
550047
549047
549047
549047
549047
548047
547047
547047
547047
546047
546047
546047
546047
547047
547047
545047
545047
545047
546047
545047
544047
544047
544047
542047
542047
542047
542047
542047
542047
541047
541047
542047
540047
539047
539047
539047
539047
539047
539047
539047
539047
538047
539047
540047
539047
538047
539047
539047
538047
538047
536047
536047
537047
536047
535047
537047
537047
538047
539047
539047
539047
539047
538047
538047
538047
538047
537047
536047
536047
538047
538047
538047
539047
539047
540047
539047
538047
538047
537047
536047
534047
533047
533047
532047
532047
532047
532047
534047
534047
534047
533047
532047
533047
532047
533047
533047
534047
534047
534047
535047
536047
534047
534047
534047
534047
534047
534047
534047
535047
534047
534047
533047
532047
533047
533047
534047
535047
535047
535047
536047
535047
535047
534047
533047
532047
530047
529047
529047
529047
529047
531047
531047
530047
530047
529047
529047
529047
529047
529047
529047
529047
529047
530047
529047
528047
528047
530047
530047
530047
530047
530047
529047
528047
529047
528047
527047
526047
526047
526047
526047
526047
526047
527047
526047
526047
527047
526047
525047
525047
526047
526047
525047
524047
522047
522047
522047
522033
521033
520033
519033
518033
518033
519033
519033
519033
519033
519033
519033
518033
517033
517033
517033
518033
519033
519033
520033
521033
521033
521033
520033
521033
520033
519033
519033
519033
519033
519033
519033
518033
517033
517033
517033
517033
516033
514033
513033
514033
514033
514033
514033
514033
514033
514033
514033
512033
511033
510033
510033
509033
509033
507033
507033
506033
506033
506033
506033
506033
506033
507033
507033
507033
507033
507033
507033
507033
507033
509033
508033
508033
507033
509033
508033
508033
508033
507033
507033
506033
506033
504033
503033
503033
503033
503033
502033
502033
501033
502033
502033
503033
503033
504033
504033
504033
504033
503033
502033
501033
501033
502033
501033
502033
503033
504033
504033
503033
504033
504033
504033
504033
504033
502033
502033
501033
500033
500033
500033
499033
500033
500033
499033
500033
500033
499033
500033
499033
498033
498033
497033
496033
496033
496033
495033
494033
495033
494033
495033
496033
496033
496033
496033
496033
497033
498033
498033
498033
499033
499033
499033
499033
500033
500033
499033
499033
500033
500033
500033
500033
500033
500033
500181
499181
499181
500181
500181
500181
499181
499181
498181
498181
498181
498181
499181
501181
502181
502181
501181
501181
500181
500181
500181
500181
500181
499181
499181
499181
498181
498181
497181
497181
496181
496181
496181
496181
496181
496181
496181
496181
495181
496181
495181
494181
495181
496181
495181
496181
495181
494181
495181
495181
495181
495181
495181
495181
495181
494181
493181
491181
491181
492181
492181
493181
493181
493181
492181
490181
490181
489181
488181
487181
487181
488181
487181
487181
487181
486181
485181
486181
487181
486181
486181
486181
486181
485181
485181
485181
484181
484181
484181
484181
484181
485181
485181
484181
484181
483181
484181
484181
484181
485181
485181
484181
484181
485181
485181
485181
485181
485181
485181
485181
487181
487181
487181
487181
487181
487181
488181
488181
490181
492181
492181
492181
492181
492181
492181
491181
490181
489181
489181
490181
490181
489181
490181
490181
490181
491181
492181
492181
492181
492181
492181
490181
490181
490181
490181
491181
492181
493181
493181
492181
492181
492181
492181
492181
491181
491181
491181
491181
490181
489181
489181
489181
488181
489181
489181
488181
488181
