1000 1000
379 963 580 508 509 957 915 99 916 742 273 990 225 768 133 989 917 828 889 490 212 296 502 747 409 516 360 912 352 831 444 873 903 798 577 847 953 802 901 342 451 303 945 766 447 641 164 59 484 51 56 403 785 878 852 84 154 601 335 791 162 383 594 687 741 991 480 209 669 615 708 317 730 377 721 888 181 762 174 395 867 751 621 954 48 865 717 72 388 531 410 671 935 616 519 80 511 634 276 106 345 397 157 420 482 956 734 835 792 971 118 105 232 625 354 416 733 233 454 645 595 464 898 691 830 196 997 640 795 521 1000 966 736 489 906 914 458 436 975 366 557 98 185 573 178 755 211 295 896 340 919 288 467 682 8 937 553 566 310 381 223 505 434 443 322 782 16 343 660 809 842 91 191 897 549 872 613 283 769 477 439 341 208 824 642 718 88 819 86 214 115 313 121 655 689 608 964 67 431 522 258 242 568 346 127 821 50 987 408 750 753 170 87 57 844 248 472 756 78 294 629 854 374 943 311 140 348 475 432 306 104 496 18 119 307 285 132 884 783 692 54 703 290 152 787 633 85 711 197 805 538 466 446 891 788 13 390 169 329 241 265 73 778 770 746 210 331 492 790 602 773 141 274 120 261 665 187 988 922 402 626 364 213 247 840 146 893 135 279 811 327 479 201 525 58 222 797 309 927 450 704 71 12 15 635 316 202 545 555 125 725 800 713 384 722 299 116 28 64 544 148 228 520 688 607 386 95 772 150 404 651 900 850 513 933 993 31 321 681 145 969 25 677 868 190 658 572 727 644 344 604 695 799 506 913 41 551 664 65 462 452 17 980 130 959 880 851 569 510 592 180 837 399 36 159 257 387 543 684 203 74 302 942 272 433 547 292 926 815 619 977 666 207 657 628 355 696 690 459 679 528 856 676 748 611 173 107 264 630 219 378 535 939 869 455 650 234 478 421 339 962 810 972 293 172 823 548 117 372 593 517 93 715 584 558 699 862 367 76 237 524 249 732 469 848 3 617 171 7 419 30 144 775 244 230 375 675 47 37 108 587 863 271 330 414 620 62 49 437 890 984 100 836 254 22 491 814 764 698 936 894 278 336 564 440 94 158 20 542 512 910 952 338 652 638 147 632 647 729 428 392 376 350 189 925 356 42 749 994 24 281 871 818 470 204 435 245 269 622 401 735 606 320 950 578 507 138 114 586 554 921 784 270 582 934 205 656 716 473 817 83 485 126 110 881 109 226 176 277 649 960 765 955 63 579 263 820 5 905 796 825 501 149 550 357 523 371 949 855 559 216 137 380 268 400 407 14 643 648 728 312 581 77 179 423 476 985 192 168 565 96 904 992 139 323 902 874 759 697 911 590 315 359 996 250 487 267 600 129 983 808 362 326 291 846 442 449 332 530 328 363 438 673 1 427 672 224 353 415 66 924 779 474 563 448 515 883 780 995 839 231 236 529 526 932 161 461 142 514 875 262 757 646 97 53 102 570 537 803 90 731 527 705 175 631 284 752 182 737 771 552 497 385 761 471 892 333 864 500 763 9 683 678 744 700 707 882 405 870 33 858 186 426 398 706 123 974 35 885 193 740 206 944 701 719 499 318 562 928 218 441 238 567 998 702 879 217 229 710 589 929 807 930 981 463 829 571 663 709 155 518 493 680 40 430 624 861 177 101 156 834 251 55 188 540 556 920 877 561 368 767 816 221 786 739 486 425 948 349 183 79 599 789 300 334 198 982 694 481 504 931 417 124 546 337 282 131 92 445 793 68 654 637 34 653 305 876 82 136 723 460 670 365 239 612 843 841 370 457 128 406 134 319 26 358 422 503 369 70 609 19 970 596 495 745 195 560 215 38 781 951 424 845 827 605 21 918 314 907 32 986 849 636 662 373 81 304 23 160 308 382 301 246 886 661 200 165 391 199 967 999 456 361 838 60 52 686 11 46 859 908 895 45 418 958 89 69 44 252 275 603 468 494 866 166 539 574 27 194 498 289 235 394 588 812 973 938 143 253 260 976 39 776 324 227 760 389 112 534 483 10 167 804 726 758 853 978 576 743 533 591 583 488 940 598 712 774 822 659 255 857 29 806 75 465 240 453 429 113 693 965 243 832 163 946 597 826 256 777 668 575 280 298 6 714 639 536 833 411 287 724 667 393 347 151 627 43 813 961 585 614 297 4 184 801 610 754 2 103 325 887 720 860 623 412 413 541 532 266 674 220 923 909 259 61 794 979 941 968 899 111 685 153 351 122 618 947 286 738 396
396 738 286 947 618 122 351 153 685 111 899 968 941 979 794 61 259 909 923 220 674 266 532 541 413 412 623 860 720 887 325 103 2 754 610 801 184 4 297 614 585 961 813 43 627 151 347 393 667 724 287 411 833 536 639 714 6 298 280 575 668 777 256 826 597 946 163 832 243 965 693 113 429 453 240 465 75 806 29 857 255 659 822 774 712 598 940 488 583 591 533 743 576 978 853 758 726 804 167 10 483 534 112 389 760 227 324 776 39 976 260 253 143 938 973 812 588 394 235 289 498 194 27 574 539 166 866 494 468 603 275 252 44 69 89 958 418 45 895 908 859 46 11 686 52 60 838 361 456 999 967 199 391 165 200 661 886 246 301 382 308 160 23 304 81 373 662 636 849 986 32 907 314 918 21 605 827 845 424 951 781 38 215 560 195 745 495 596 970 19 609 70 369 503 422 358 26 319 134 406 128 457 370 841 843 612 239 365 670 460 723 136 82 876 305 653 34 637 654 68 793 445 92 131 282 337 546 124 417 931 504 481 694 982 198 334 300 789 599 79 183 349 948 425 486 739 786 221 816 767 368 561 877 920 556 540 188 55 251 834 156 101 177 861 624 430 40 680 493 518 155 709 663 571 829 463 981 930 807 929 589 710 229 217 879 702 998 567 238 441 218 928 562 318 499 719 701 944 206 740 193 885 35 974 123 706 398 426 186 858 33 870 405 882 707 700 744 678 683 9 763 500 864 333 892 471 761 385 497 552 771 737 182 752 284 631 175 705 527 731 90 803 537 570 102 53 97 646 757 262 875 514 142 461 161 932 526 529 236 231 839 995 780 883 515 448 563 474 779 924 66 415 353 224 672 427 1 673 438 363 328 530 332 449 442 846 291 326 362 808 983 129 600 267 487 250 996 359 315 590 911 697 759 874 902 323 139 992 904 96 565 168 192 985 476 423 179 77 581 312 728 648 643 14 407 400 268 380 137 216 559 855 949 371 523 357 550 149 501 825 796 905 5 820 263 579 63 955 765 960 649 277 176 226 109 881 110 126 485 83 817 473 716 656 205 934 582 270 784 921 554 586 114 138 507 578 950 320 606 735 401 622 269 245 435 204 470 818 871 281 24 994 749 42 356 925 189 350 376 392 428 729 647 632 147 638 652 338 952 910 512 542 20 158 94 440 564 336 278 894 936 698 764 814 491 22 254 836 100 984 890 437 49 62 620 414 330 271 863 587 108 37 47 675 375 230 244 775 144 30 419 7 171 617 3 848 469 732 249 524 237 76 367 862 699 558 584 715 93 517 593 372 117 548 823 172 293 972 810 962 339 421 478 234 650 455 869 939 535 378 219 630 264 107 173 611 748 676 856 528 679 459 690 696 355 628 657 207 666 977 619 815 926 292 547 433 272 942 302 74 203 684 543 387 257 159 36 399 837 180 592 510 569 851 880 959 130 980 17 452 462 65 664 551 41 913 506 799 695 604 344 644 727 572 658 190 868 677 25 969 145 681 321 31 993 933 513 850 900 651 404 150 772 95 386 607 688 520 228 148 544 64 28 116 299 722 384 713 800 725 125 555 545 202 316 635 15 12 71 704 450 927 309 797 222 58 525 201 479 327 811 279 135 893 146 840 247 213 364 626 402 922 988 187 665 261 120 274 141 773 602 790 492 331 210 746 770 778 73 265 241 329 169 390 13 788 891 446 466 538 805 197 711 85 633 787 152 290 703 54 692 783 884 132 285 307 119 18 496 104 306 432 475 348 140 311 943 374 854 629 294 78 756 472 248 844 57 87 170 753 750 408 987 50 821 127 346 568 242 258 522 431 67 964 608 689 655 121 313 115 214 86 819 88 718 642 824 208 341 439 477 769 283 613 872 549 897 191 91 842 809 660 343 16 782 322 443 434 505 223 381 310 566 553 937 8 682 467 288 919 340 896 295 211 755 178 573 185 98 557 366 975 436 458 914 906 489 736 966 1000 521 795 640 997 196 830 691 898 464 595 645 454 233 733 416 354 625 232 105 118 971 792 835 734 956 482 420 157 397 345 106 276 634 511 80 519 616 935 671 410 531 388 72 717 865 48 954 621 751 867 395 174 762 181 888 721 377 730 317 708 615 669 209 480 991 741 687 594 383 162 791 335 601 154 84 852 878 785 403 56 51 484 59 164 641 447 766 945 303 451 342 901 802 953 847 577 798 903 873 444 831 352 912 360 516 409 747 502 296 212 490 889 828 917 989 133 768 225 990 273 742 916 99 915 957 509 508 580 963 379
2 128 604
2 15 873
1 457 772
1 430 560
1 212 937
1 48 552
2 576 684
1 379 707
1 34 779
1 668 731
1 247 393
1 651 703
1 309 317
1 439 518
1 82 543
2 554 836
1 383 925
2 33 849
1 67 313
1 76 686
1 261 890
2 461 890
1 256 701
2 66 239
2 280 640
1 466 712
2 109 963
1 703 922
1 69 254
2 67 256
1 382 914
2 29 271
1 202 365
1 382 482
1 314 508
2 143 858
1 350 544
2 399 592
2 473 964
1 440 938
2 548 994
1 179 424
2 449 750
1 31 542
1 306 423
1 509 915
2 202 433
2 587 712
1 152 293
2 69 174
1 144 182
1 453 503
1 442 614
2 285 570
1 418 806
1 785 944
1 258 990
2 467 762
2 18 209
2 93 800
1 911 931
1 146 396
2 148 479
1 431 670
2 418 802
2 448 545
1 474 764
1 96 474
1 286 865
1 736 798
2 331 757
2 313 740
2 218 892
2 467 900
2 174 869
2 481 549
2 603 732
2 521 777
1 78 460
1 178 758
1 140 634
1 742 747
2 149 495
1 131 655
1 21 657
1 818 912
1 513 950
1 278 455
2 281 864
1 29 684
1 16 197
2 394 900
2 218 982
2 510 748
1 210 214
2 446 774
1 256 588
1 224 536
2 222 864
2 837 975
1 239 829
2 559 857
1 303 491
2 185 758
2 142 627
1 510 526
2 144 550
1 68 638
1 100 853
2 382 720
2 284 676
1 712 917
1 297 581
2 172 639
2 159 990
2 700 729
1 91 397
2 346 732
1 283 569
1 132 189
1 424 751
2 26 200
2 272 704
1 778 850
2 94 680
2 230 391
2 404 576
2 240 949
2 593 871
2 291 812
1 492 849
1 197 509
1 291 539
1 149 527
1 253 255
2 771 837
2 124 825
1 77 925
1 241 353
1 78 205
1 256 399
2 18 846
2 585 828
2 80 513
2 170 952
2 76 213
1 25 743
1 572 964
2 86 330
2 11 932
1 425 920
2 720 843
2 182 977
1 377 986
1 595 780
1 188 570
1 275 417
1 765 976
1 248 596
1 486 793
1 59 750
1 894 905
1 369 762
2 356 975
1 264 771
1 42 828
2 611 924
2 625 636
1 647 951
1 59 999
2 336 917
1 214 915
2 228 800
1 138 688
2 274 431
2 293 388
2 231 382
1 222 783
2 481 780
1 40 74
1 580 773
2 702 753
2 442 808
2 386 770
2 244 993
1 449 625
1 416 897
1 637 642
2 579 786
1 177 607
1 419 895
2 592 677
1 106 955
1 247 909
2 564 652
1 328 990
1 334 699
1 638 785
2 255 452
1 127 683
1 304 416
1 536 863
2 521 814
2 418 950
1 247 510
2 145 544
2 676 896
2 311 666
1 246 640
2 234 503
2 360 579
1 143 451
1 715 960
1 330 634
1 11 613
2 262 798
1 183 263
1 12 936
2 954 1000
1 511 854
2 679 803
2 299 303
1 153 657
1 571 991
2 44 332
1 159 680
1 87 882
1 335 561
2 633 930
2 249 893
2 9 365
2 575 837
2 860 903
2 67 317
1 936 996
2 229 713
2 382 615
2 564 879
2 171 709
1 157 272
1 279 598
1 7 338
2 55 455
1 605 814
1 55 974
2 463 573
2 516 974
1 91 907
1 402 637
1 63 87
1 223 667
2 389 442
2 440 961
2 111 431
2 386 457
1 274 878
1 310 851
2 353 682
2 45 473
1 831 960
2 582 947
2 43 412
1 50 414
1 352 638
2 69 704
2 199 836
2 7 991
1 154 685
2 28 121
2 687 986
2 744 863
2 543 561
1 214 666
1 237 863
2 139 146
1 290 768
1 690 944
2 131 636
2 208 225
1 25 518
1 146 276
2 11 431
1 4 696
1 239 367
2 793 878
1 284 804
2 385 877
2 128 402
1 350 556
2 248 720
2 595 916
1 29 997
1 254 815
2 706 850
2 202 734
1 181 205
1 576 720
2 52 177
2 262 552
2 324 332
2 225 650
2 277 916
1 183 785
1 323 935
1 641 724
1 236 886
1 596 890
2 327 384
1 571 704
1 108 960
2 637 836
1 610 927
1 593 917
2 606 787
1 246 352
1 58 485
1 88 428
2 11 918
2 31 909
1 69 585
2 191 783
2 73 932
1 674 926
2 183 907
1 479 945
1 16 403
2 23 656
2 238 512
1 421 997
2 242 333
1 20 490
2 85 631
1 277 872
2 883 916
2 397 576
2 222 799
2 177 495
1 24 897
1 501 814
2 36 724
1 499 716
1 395 894
1 225 675
1 229 433
2 81 329
1 510 860
1 80 471
2 324 458
1 356 479
2 254 902
2 383 993
1 329 912
2 27 738
2 178 398
1 141 449
1 704 777
1 9 722
1 691 813
2 286 503
1 86 363
1 98 415
1 53 695
2 195 345
2 827 869
2 289 334
2 438 687
1 344 850
1 356 789
2 795 876
1 62 174
2 176 722
2 170 996
2 640 663
1 63 787
1 108 221
2 226 494
1 590 613
2 249 591
2 317 550
1 191 457
2 44 773
2 297 865
2 484 858
2 288 897
1 3 530
1 9 194
1 384 702
2 233 461
2 629 715
2 488 993
1 211 241
1 133 734
2 356 847
1 128 356
1 780 886
2 11 110
1 518 974
1 169 763
1 316 335
1 478 722
2 896 902
1 352 572
1 857 998
1 638 656
1 114 972
1 34 715
1 482 931
1 8 229
1 347 611
1 812 938
2 227 661
2 537 724
1 171 964
1 201 263
1 751 910
2 88 843
2 348 822
2 907 915
2 310 755
2 78 248
2 58 242
1 394 978
2 422 579
1 593 835
1 455 664
1 463 718
1 561 897
2 559 852
1 400 945
2 138 165
1 259 614
2 429 487
2 702 996
1 414 599
1 17 37
2 601 829
1 635 815
1 756 921
1 643 971
2 271 554
1 374 789
1 929 983
1 504 775
2 24 181
2 720 987
1 4 15
2 676 765
1 154 844
1 328 481
2 168 910
2 212 321
2 37 177
2 30 703
2 160 504
2 135 306
1 306 752
2 427 703
2 470 711
1 52 125
1 120 886
1 188 277
1 613 978
2 290 406
2 524 802
1 411 828
1 636 692
2 11 541
1 637 930
2 161 184
2 223 812
1 183 578
2 456 512
2 362 904
2 84 840
2 773 988
1 661 877
2 382 509
2 43 987
2 20 921
1 426 699
1 255 598
2 530 637
2 98 698
1 557 865
2 493 903
2 636 910
2 48 151
2 986 997
2 85 578
1 939 978
2 633 981
2 127 605
2 101 553
2 51 882
2 619 621
2 303 496
2 523 615
1 288 518
2 160 935
1 390 706
2 541 581
1 149 847
1 669 864
2 903 992
1 525 600
1 164 501
1 597 973
2 489 811
2 34 193
1 532 878
2 927 929
1 158 269
1 382 643
1 35 267
1 871 940
2 770 844
2 31 83
1 634 859
1 816 854
1 374 827
2 663 787
1 568 887
2 182 312
1 214 316
1 546 845
1 148 984
2 63 524
2 223 702
2 184 645
2 358 703
1 364 584
1 28 981
2 348 534
1 587 729
2 674 983
2 561 939
2 203 758
1 434 457
2 333 473
2 559 891
2 374 399
2 546 612
2 87 301
1 6 568
1 677 901
1 545 699
1 307 411
1 211 512
1 508 759
2 628 898
1 109 492
1 831 968
2 36 994
2 361 501
2 30 853
2 133 591
1 55 485
2 253 559
2 176 365
1 72 355
2 666 860
1 594 615
2 6 303
2 309 408
1 460 628
2 89 975
1 138 373
2 354 876
2 451 469
2 156 891
2 359 906
1 51 962
2 1 261
2 400 506
1 164 946
2 213 976
1 98 747
2 868 984
1 886 927
2 131 719
2 694 765
1 526 848
1 246 797
2 144 300
2 767 894
2 424 619
2 405 647
1 24 552
1 683 873
1 289 586
1 72 965
2 794 868
1 669 968
2 233 424
1 171 539
2 107 197
2 364 995
2 771 831
1 396 477
2 20 609
1 728 771
2 242 752
2 661 716
2 543 984
1 190 680
1 65 745
2 252 923
1 424 538
1 4 808
1 52 761
2 185 790
1 163 255
2 607 898
1 875 926
1 416 595
2 357 415
2 155 892
2 467 838
2 60 445
2 214 320
1 338 911
2 391 544
1 300 363
1 193 705
1 788 832
1 196 510
2 120 229
1 44 103
2 124 926
1 422 954
2 171 655
2 373 567
1 196 882
2 195 209
2 107 900
2 606 666
1 641 849
2 464 589
1 580 714
1 498 998
1 372 523
1 289 552
2 181 565
1 20 138
2 192 239
1 168 566
2 768 830
2 266 945
2 538 837
1 123 731
1 472 977
2 403 418
2 213 752
1 456 510
2 348 704
2 320 458
2 8 322
1 463 652
2 253 711
1 171 952
2 378 417
1 312 399
1 113 901
1 116 597
1 495 972
1 21 724
1 73 789
1 256 770
1 591 926
1 33 47
1 142 332
2 233 997
2 113 703
2 118 153
1 339 387
1 103 596
2 326 823
1 653 824
1 6 94
2 142 154
1 121 550
2 563 607
1 192 694
2 167 323
1 362 385
2 265 911
1 869 960
1 594 761
1 899 973
1 346 786
2 799 904
1 77 813
2 644 780
2 165 326
1 85 666
1 129 951
1 513 885
2 29 349
2 315 851
1 180 836
2 558 978
2 353 580
2 99 633
2 168 919
1 250 709
1 15 281
2 149 568
2 275 572
1 150 820
2 32 650
2 531 838
2 819 903
1 468 1000
1 44 212
1 203 375
2 958 965
2 667 759
2 442 539
2 68 748
2 118 575
2 399 917
2 424 623
1 66 74
1 16 755
1 2 760
1 695 981
1 618 1000
1 770 849
1 247 420
1 19 969
1 104 152
2 243 405
1 504 526
1 345 658
1 73 544
2 153 684
2 177 613
2 520 907
2 505 960
2 145 186
2 773 815
1 307 464
1 745 899
2 47 591
1 497 729
1 295 444
2 496 882
1 47 444
1 122 797
2 163 864
1 358 694
2 565 909
2 129 573
1 842 929
1 52 163
1 161 671
1 194 353
2 138 840
1 345 918
2 391 950
1 423 798
2 383 773
1 309 709
2 31 308
2 758 928
1 201 362
1 179 797
1 133 360
1 260 749
2 365 417
2 513 902
1 678 992
1 384 947
2 757 980
1 350 656
2 683 937
2 447 663
1 535 949
2 524 691
2 506 578
2 530 616
2 577 860
2 734 775
1 686 959
1 38 335
2 5 385
2 186 978
1 55 752
1 553 554
2 932 982
1 588 831
1 216 539
2 464 741
1 436 870
1 142 503
2 98 786
1 430 937
2 244 361
1 471 932
1 36 272
1 611 794
1 130 296
2 448 803
2 33 415
1 68 114
1 439 956
2 113 501
2 987 993
2 111 147
1 304 688
1 381 644
2 383 702
1 847 898
1 186 674
1 670 969
1 462 665
1 657 665
1 232 776
2 462 998
1 530 748
1 175 975
1 536 931
2 277 422
1 504 942
1 26 371
2 401 524
2 246 316
1 777 935
1 406 461
1 21 219
2 349 953
2 22 340
2 11 1000
1 528 977
1 13 993
2 18 151
2 535 773
1 992 998
1 31 98
2 263 271
1 304 634
1 66 165
2 425 832
2 467 894
1 667 799
1 248 884
2 818 890
2 153 447
2 173 345
2 549 870
1 282 716
2 144 250
1 20 304
2 440 900
1 659 920
2 443 971
1 18 867
2 272 620
2 322 614
2 704 858
1 26 799
2 104 841
2 676 757
2 207 284
2 399 710
2 481 507
1 323 356
1 377 651
1 211 668
1 821 909
2 238 910
2 191 447
2 397 907
1 227 769
2 258 511
2 494 780
1 27 844
2 67 490
2 163 644
2 525 860
1 85 466
2 560 819
1 697 915
2 822 848
2 526 690
1 514 518
1 344 509
1 238 593
2 285 917
2 557 905
2 432 597
1 257 996
1 436 451
2 573 754
2 15 279
1 258 584
1 670 885
1 184 425
2 365 819
1 341 372
1 665 962
1 795 966
2 143 817
1 716 976
2 15 565
2 791 960
1 635 649
2 606 676
1 570 711
1 173 834
1 115 618
1 768 920
2 245 384
1 306 660
2 776 933
2 31 673
1 650 900
1 516 952
1 390 680
2 374 892
1 65 342
1 58 384
1 81 472
2 532 905
1 83 969
2 265 999
1 606 829
1 706 853
1 429 625
2 145 180
1 474 480
1 487 855
1 804 833
1 335 838
1 344 386
1 244 424
1 277 349
1 14 838
2 426 979
2 307 372
2 50 114
2 473 580
2 637 986
2 340 497
1 422 724
1 404 552
2 64 958
2 207 758
1 189 333
1 509 664
1 617 880
1 287 623
1 204 666
1 304 839
1 486 527
2 639 664
2 401 618
2 157 669
2 823 827
2 147 734
2 576 912
2 330 822
2 84 492
2 600 732
2 788 954
2 245 614
1 241 616
2 702 989
2 38 506
2 155 991
1 322 585
1 675 802
1 103 264
2 200 945
2 253 929
1 745 871
1 829 913
1 396 859
2 377 676
1 245 535
2 17 663
1 173 968
1 212 311
1 265 825
1 185 243
2 4 648
1 104 507
2 319 776
2 643 894
1 43 287
2 247 533
1 135 934
2 399 970
2 956 964
1 20 292
2 91 721
1 220 874
2 332 389
1 518 711
