1000 1000
940 775 541 172 38 671 28 961 767 128 768 834 316 504 816 628 367 177 702 791 63 134 696 703 591 885 439 617 433 788 793 679 660 344 34 92 222 54 697 934 842 391 355 241 413 595 913 334 409 68 572 166 565 653 908 45 577 402 635 475 144 464 398 905 915 670 287 986 518 93 15 317 298 985 230 470 794 813 353 87 121 24 928 260 62 516 115 59 611 3 187 684 723 953 146 973 651 828 841 463 537 476 379 609 759 749 600 563 407 229 599 197 231 311 822 112 200 910 498 964 258 350 646 357 209 719 322 722 290 960 126 745 871 199 891 715 529 500 36 559 746 488 130 763 395 733 180 548 536 253 493 589 832 271 756 571 845 104 522 796 762 88 904 658 554 981 863 320 492 457 757 792 52 286 959 965 51 674 438 852 876 874 429 299 155 666 856 21 336 295 598 136 984 249 453 364 156 403 477 418 1 562 513 938 460 726 508 848 319 269 86 491 747 524 84 817 105 69 210 866 227 382 408 601 742 116 185 786 119 604 122 454 307 392 713 937 831 469 176 945 265 267 549 446 519 236 879 233 826 732 649 969 730 824 837 424 123 506 858 297 952 810 385 710 844 564 916 173 880 273 97 546 888 597 285 96 452 243 190 808 127 890 850 868 777 869 149 936 467 329 835 972 106 499 389 862 191 188 907 665 847 639 971 752 225 159 527 779 100 956 186 520 396 2 343 365 748 750 970 53 19 825 621 65 918 455 525 16 857 483 85 661 989 417 459 324 605 151 957 800 854 410 234 360 685 74 482 114 372 593 288 131 330 682 974 342 662 347 992 485 223 718 247 764 201 912 362 801 248 91 629 648 898 441 716 620 162 581 456 13 963 284 141 235 109 47 851 619 32 887 765 281 914 739 254 215 615 729 277 214 805 925 744 853 305 878 610 919 4 695 625 384 189 361 278 216 556 224 859 608 640 22 988 690 274 900 179 789 784 138 731 932 461 117 941 836 436 348 855 239 333 512 490 634 494 761 886 164 255 872 584 654 509 393 264 566 772 181 414 717 993 313 57 354 421 709 943 553 754 673 510 782 49 603 939 238 73 125 778 580 42 371 309 204 626 838 737 473 700 975 790 955 983 415 135 458 167 376 706 865 735 296 804 689 94 623 219 771 958 208 401 67 929 338 803 98 780 291 664 163 486 681 404 450 612 917 663 897 101 783 161 531 388 557 272 444 738 232 545 760 515 213 340 437 352 818 484 655 567 133 921 501 349 370 902 951 428 688 178 221 279 10 873 143 893 487 968 753 894 678 70 262 627 140 741 693 588 192 250 607 687 259 107 774 471 71 139 638 195 332 40 120 217 18 667 405 947 321 449 268 861 935 113 864 31 576 846 335 877 949 423 129 374 736 220 48 596 266 363 622 652 843 882 168 668 198 43 602 734 540 930 643 419 1000 770 56 676 447 962 20 889 561 289 787 411 157 996 351 386 466 924 359 445 502 714 526 434 721 920 998 802 212 677 987 927 184 528 547 228 633 377 196 657 555 769 465 978 399 931 631 994 443 881 124 165 150 728 110 148 6 337 724 169 895 976 375 942 933 698 23 280 568 840 203 755 17 587 656 211 37 699 183 41 758 132 478 66 75 535 237 946 489 614 137 170 83 257 366 552 704 579 948 451 81 77 244 78 550 310 725 645 358 708 481 318 578 194 373 300 182 523 712 543 691 152 103 586 977 426 815 7 29 923 636 294 240 60 142 323 743 773 672 785 899 154 911 14 533 435 25 820 821 870 990 860 242 174 650 995 341 966 304 833 521 468 680 46 867 814 480 538 830 707 909 90 378 669 514 218 560 171 99 303 11 795 701 346 261 380 798 922 511 542 397 532 160 766 530 926 448 245 896 979 345 302 314 999 293 111 967 416 632 954 400 292 27 331 35 495 551 875 44 263 275 517 705 720 202 797 570 5 72 884 694 308 618 982 425 496 30 26 647 430 431 683 727 406 193 503 497 751 206 282 246 306 472 79 326 61 207 507 892 903 270 147 58 575 659 807 387 276 368 252 630 12 740 534 574 781 82 637 226 624 283 583 175 158 980 8 641 901 315 432 33 692 819 369 642 613 569 328 394 312 427 544 594 906 383 462 644 585 883 558 145 301 606 9 102 325 573 108 811 80 799 412 829 590 339 592 806 686 55 356 950 479 616 442 997 422 776 420 64 474 539 381 505 440 118 944 39 827 839 256 582 50 89 823 76 251 205 390 675 991 327 153 809 711 849 95 812
940 775 541 172 38 671 28 961 767 128 768 834 316 504 816 628 367 177 702 791 63 134 696 703 591 885 439 617 433 788 793 679 660 344 34 92 222 54 697 934 842 391 355 241 413 595 913 334 409 68 572 166 565 653 908 45 577 402 635 475 144 464 398 905 915 670 287 986 518 93 15 317 298 985 230 470 794 813 353 87 121 24 928 260 62 516 115 59 611 3 187 684 723 953 146 973 651 828 841 463 537 476 379 609 759 749 600 563 407 229 599 197 231 311 822 112 200 910 498 964 258 350 646 357 209 719 322 722 290 960 126 745 871 199 891 715 529 500 36 559 746 488 130 763 395 733 180 548 536 253 493 589 832 271 756 571 845 104 522 796 762 88 904 658 554 981 863 320 492 457 757 792 52 286 959 965 51 674 438 852 876 874 429 299 155 666 856 21 336 295 598 136 984 249 453 364 156 403 477 418 1 562 513 938 460 726 508 848 319 269 86 491 747 524 84 817 105 69 210 866 227 382 408 601 742 116 185 786 119 604 122 454 307 392 713 937 831 469 176 945 265 267 549 446 519 236 879 233 826 732 649 969 730 824 837 424 123 506 858 297 952 810 385 710 844 564 916 173 880 273 97 546 888 597 285 96 452 243 190 808 127 890 850 868 777 869 149 936 467 329 835 972 106 499 389 862 191 188 907 665 847 639 971 752 225 159 527 779 100 956 186 520 396 2 343 365 748 750 970 53 19 825 621 65 918 455 525 16 857 483 85 661 989 417 459 324 605 151 957 800 854 410 234 360 685 74 482 114 372 593 288 131 330 682 974 342 662 347 992 485 223 718 247 764 201 912 362 801 248 91 629 648 898 441 716 620 162 581 456 13 963 284 141 235 109 47 851 619 32 887 765 281 914 739 254 215 615 729 277 214 805 925 744 853 305 878 610 919 4 695 625 384 189 361 278 216 556 224 859 608 640 22 988 690 274 900 179 789 784 138 731 932 461 117 941 836 436 348 855 239 333 512 490 634 494 761 886 164 255 872 584 654 509 393 264 566 772 181 414 717 993 313 57 354 421 709 943 553 754 673 510 782 49 603 939 238 73 125 778 580 42 371 309 204 626 838 737 473 700 975 790 955 983 415 135 458 167 376 706 865 735 296 804 689 94 623 219 771 958 208 401 67 929 338 803 98 780 291 664 163 486 681 404 450 612 917 663 897 101 783 161 531 388 557 272 444 738 232 545 760 515 213 340 437 352 818 484 655 567 133 921 501 349 370 902 951 428 688 178 221 279 10 873 143 893 487 968 753 894 678 70 262 627 140 741 693 588 192 250 607 687 259 107 774 471 71 139 638 195 332 40 120 217 18 667 405 947 321 449 268 861 935 113 864 31 576 846 335 877 949 423 129 374 736 220 48 596 266 363 622 652 843 882 168 668 198 43 602 734 540 930 643 419 1000 770 56 676 447 962 20 889 561 289 787 411 157 996 351 386 466 924 359 445 502 714 526 434 721 920 998 802 212 677 987 927 184 528 547 228 633 377 196 657 555 769 465 978 399 931 631 994 443 881 124 165 150 728 110 148 6 337 724 169 895 976 375 942 933 698 23 280 568 840 203 755 17 587 656 211 37 699 183 41 758 132 478 66 75 535 237 946 489 614 137 170 83 257 366 552 704 579 948 451 81 77 244 78 550 310 725 645 358 708 481 318 578 194 373 300 182 523 712 543 691 152 103 586 977 426 815 7 29 923 636 294 240 60 142 323 743 773 672 785 899 154 911 14 533 435 25 820 821 870 990 860 242 174 650 995 341 966 304 833 521 468 680 46 867 814 480 538 830 707 909 90 378 669 514 218 560 171 99 303 11 795 701 346 261 380 798 922 511 542 397 532 160 766 530 926 448 245 896 979 345 302 314 999 293 111 967 416 632 954 400 292 27 331 35 495 551 875 44 263 275 517 705 720 202 797 570 5 72 884 694 308 618 982 425 496 30 26 647 430 431 683 727 406 193 503 497 751 206 282 246 306 472 79 326 61 207 507 892 903 270 147 58 575 659 807 387 276 368 252 630 12 740 534 574 781 82 637 226 624 283 583 175 158 980 8 641 901 315 432 33 692 819 369 642 613 569 328 394 312 427 544 594 906 383 462 644 585 883 558 145 301 606 9 102 325 573 108 811 80 799 412 829 590 339 592 806 686 55 356 950 479 616 442 997 422 776 420 64 474 539 381 505 440 118 944 39 827 839 256 582 50 89 823 76 251 205 390 675 991 327 153 809 711 849 95 812
1 324 741
1 634 889
2 902 964
1 636 998
2 76 826
2 775 895
1 853 925
2 538 827
2 443 477
1 201 524
2 200 462
1 629 680
1 206 629
2 49 771
1 186 879
1 520 960
1 698 833
1 531 669
1 875 982
2 391 977
1 687 844
1 192 970
2 265 443
2 133 345
2 269 960
1 312 585
1 14 267
1 569 846
2 909 961
2 517 841
2 90 910
1 464 488
2 73 350
1 26 266
2 20 55
1 392 962
1 146 831
2 121 245
1 228 302
1 352 683
2 267 728
2 310 986
1 22 741
2 395 590
2 161 762
2 276 999
1 727 958
1 104 571
2 602 851
2 134 226
1 386 711
2 209 749
1 501 780
1 388 907
2 676 983
2 73 763
1 404 837
1 262 968
2 235 571
2 857 990
2 227 255
1 65 496
1 641 997
2 207 349
2 249 707
2 21 803
2 651 799
1 636 651
2 55 267
1 86 344
1 252 874
2 714 858
1 496 690
1 348 963
1 410 498
1 667 999
2 596 721
2 194 385
1 269 565
2 760 992
1 13 859
2 607 864
2 705 848
2 273 741
2 432 909
1 664 951
1 165 595
1 9 166
1 373 477
2 26 529
2 206 808
1 156 751
1 221 444
2 81 327
1 295 566
2 934 952
1 58 186
2 89 940
1 362 864
2 192 825
1 722 855
1 23 331
2 444 921
2 369 695
2 744 986
2 79 171
2 204 396
2 488 940
2 742 922
1 108 523
1 52 197
2 337 593
1 188 554
1 823 839
1 13 542
1 111 278
2 78 900
2 655 782
1 383 748
1 277 412
2 349 909
1 256 631
1 123 928
1 791 878
2 749 862
1 478 872
1 323 744
2 91 636
2 256 754
2 12 467
1 322 386
1 77 141
2 213 435
2 226 494
1 17 832
1 270 553
1 288 591
1 789 853
1 139 525
2 232 654
1 103 399
1 456 838
1 44 691
2 103 549
1 841 987
2 565 598
2 316 728
1 273 621
2 586 990
2 164 923
1 601 669
1 347 878
1 237 459
1 555 690
1 221 808
1 99 853
1 166 812
1 271 928
2 942 961
1 73 528
1 394 628
2 495 780
2 105 373
2 643 738
2 52 604
2 362 492
1 214 943
1 26 263
2 170 362
1 99 388
1 742 931
1 155 790
2 348 362
2 454 705
1 141 298
1 626 706
2 859 903
1 589 685
1 505 642
1 548 771
2 53 109
1 500 700
1 270 872
1 366 764
1 803 902
2 233 878
2 306 736
1 183 439
1 138 171
2 213 478
1 94 289
1 38 698
1 634 757
2 65 683
1 296 975
1 264 600
2 37 700
2 279 869
1 755 890
1 313 737
2 404 701
1 345 455
1 496 608
2 199 989
1 666 842
2 117 131
2 320 779
2 702 704
1 553 691
1 71 509
1 361 445
1 545 937
2 128 851
2 223 557
2 5 49
1 71 353
1 15 631
2 266 317
1 170 336
1 447 768
1 20 186
2 593 704
2 325 561
1 533 797
2 192 439
1 206 235
2 370 860
1 866 913
1 277 952
2 460 801
1 233 312
2 197 761
2 334 935
1 412 425
1 209 377
1 641 648
2 207 215
2 123 447
1 9 688
2 172 193
1 855 864
2 186 903
2 759 894
2 81 909
2 16 468
1 48 500
1 65 681
2 3 505
1 107 769
1 254 807
2 649 712
1 269 380
2 524 924
2 33 181
1 60 465
2 139 982
2 232 774
1 283 556
2 229 347
1 251 890
1 211 956
2 220 283
2 5 701
1 394 436
2 54 882
1 248 379
2 687 949
1 426 539
1 708 721
2 105 166
1 106 561
2 119 150
1 316 731
2 292 528
2 295 686
1 540 886
2 537 846
2 376 561
2 490 653
1 256 519
1 139 885
1 311 350
2 508 824
1 241 650
1 374 477
1 630 861
2 379 802
2 67 326
2 427 543
2 114 544
1 33 427
2 526 619
2 43 152
2 279 961
1 234 834
2 758 828
2 697 752
1 54 884
1 534 998
1 370 580
1 123 591
1 45 292
2 2 3
1 95 547
1 172 556
1 442 733
1 17 412
2 309 432
2 312 987
1 285 986
1 225 481
2 579 726
2 655 675
1 13 647
1 145 235
1 240 986
2 234 971
2 412 501
2 102 231
2 198 603
1 96 937
2 594 926
1 342 867
1 420 578
1 234 551
1 155 773
2 131 136
1 645 772
2 590 873
2 120 626
2 109 666
1 114 753
2 95 314
1 147 395
1 412 656
2 319 794
2 691 782
2 228 747
2 93 612
1 128 823
2 124 580
1 414 722
2 537 715
1 381 889
2 317 920
2 396 414
2 422 890
1 215 791
2 648 678
2 888 900
1 58 487
1 18 24
2 381 890
1 578 758
2 526 899
2 351 890
2 81 861
2 103 951
2 84 838
1 214 828
2 602 824
2 257 876
2 200 695
1 130 277
2 388 929
1 666 805
1 918 961
1 8 681
1 289 462
1 517 691
1 74 784
2 438 577
2 286 609
1 362 770
2 199 724
2 485 819
2 220 818
2 203 919
2 754 920
2 264 885
1 60 756
1 267 341
2 295 330
2 385 851
1 163 271
2 337 699
2 204 937
2 473 542
2 91 871
2 26 537
2 521 759
2 82 510
2 553 821
2 3 969
1 334 760
1 674 940
1 203 300
2 405 610
1 739 750
2 270 586
1 138 649
1 2 704
2 2 576
2 80 672
1 669 719
2 120 297
2 104 229
2 225 969
1 222 446
2 254 509
1 468 815
1 378 483
2 841 903
2 208 499
2 159 672
2 926 970
1 14 674
1 620 699
2 633 891
1 256 921
2 97 762
2 650 750
1 687 737
1 443 908
2 7 620
1 188 988
2 161 888
1 76 788
1 404 869
1 405 609
2 390 916
1 550 676
2 219 791
1 558 603
2 164 463
2 4 97
2 18 35
1 15 920
2 289 641
1 199 364
2 5 506
1 282 886
1 785 869
2 39 358
1 322 577
2 750 815
1 207 251
1 313 668
2 623 771
1 165 467
1 324 412
2 728 902
2 401 694
1 621 927
2 1 31
2 667 736
1 458 983
2 85 861
1 516 905
1 721 902
2 160 998
2 300 777
2 396 682
1 208 757
2 627 848
2 345 973
2 50 196
2 217 973
2 143 258
2 353 949
1 567 990
1 590 866
1 436 453
1 47 902
2 449 854
1 538 727
1 160 181
1 88 266
2 566 679
2 405 789
2 696 740
1 496 831
2 607 642
2 263 270
2 21 775
2 579 587
2 147 336
1 443 912
1 720 936
1 216 486
1 226 278
1 286 399
2 804 879
1 137 404
2 610 635
2 145 250
1 707 749
2 513 939
2 242 460
1 385 916
2 126 347
1 503 772
2 624 997
2 415 955
2 106 487
2 92 917
2 525 891
1 385 588
2 21 575
2 586 847
2 348 930
2 842 967
2 299 840
2 216 953
2 63 138
2 431 960
2 283 768
1 570 910
1 426 461
2 480 751
1 98 630
2 288 683
2 325 856
2 472 716
1 596 788
1 297 965
2 81 626
2 403 821
1 192 507
2 33 257
2 705 976
2 417 827
2 206 597
1 346 577
1 86 349
2 72 318
1 657 965
2 339 973
2 268 382
1 693 945
2 403 618
1 433 833
1 335 427
1 422 940
1 459 854
1 465 979
1 95 513
1 107 526
1 401 996
2 849 957
2 420 874
2 237 289
1 335 656
1 290 845
1 465 896
2 68 175
1 45 529
1 76 708
1 940 947
1 271 870
2 549 668
2 451 580
1 382 851
2 224 444
2 139 945
1 311 879
1 109 162
1 662 873
2 75 192
1 184 260
2 185 862
2 210 247
1 539 969
2 761 870
2 54 234
2 326 492
1 648 662
2 509 998
1 164 694
2 157 572
2 222 349
2 337 356
2 663 931
2 162 262
1 543 866
1 181 963
2 63 430
2 139 200
1 553 863
1 421 987
1 243 906
1 389 625
2 248 683
1 161 975
1 201 260
2 893 993
1 390 838
1 476 697
2 193 485
2 41 849
1 470 633
1 52 435
2 171 392
1 488 936
1 401 766
2 492 914
2 97 468
1 141 813
1 548 903
2 96 920
1 300 711
2 546 835
1 200 241
2 392 529
2 190 759
2 320 492
1 414 421
1 128 534
2 326 968
1 224 620
2 255 836
1 391 503
1 531 606
2 288 578
1 9 187
2 372 627
1 343 907
2 51 832
2 220 479
2 724 953
2 70 376
2 384 525
2 418 967
1 867 916
1 408 965
1 719 875
2 566 774
2 51 735
2 676 843
2 2 411
1 885 986
1 543 964
1 641 783
2 685 948
2 713 885
1 257 397
2 604 957
2 431 847
2 14 834
2 86 731
2 46 532
1 4 153
2 280 812
1 323 983
2 87 299
2 445 446
2 635 767
1 536 956
1 426 472
1 327 531
2 31 935
2 726 947
1 704 727
2 139 144
1 594 668
2 32 813
2 111 315
2 356 718
1 30 580
2 638 843
1 914 923
2 619 783
1 621 958
2 33 953
2 389 499
2 718 879
2 533 665
1 121 510
1 155 266
2 811 874
1 647 922
1 117 821
1 750 764
1 836 997
1 515 525
1 153 547
1 228 570
1 139 688
1 91 768
2 235 815
1 540 997
2 482 658
2 559 963
1 104 734
1 214 964
1 46 148
2 527 558
2 38 111
1 508 659
2 326 687
2 573 768
2 331 501
2 140 650
2 8 541
1 259 554
1 458 585
2 527 847
2 394 809
1 114 846
2 67 770
1 369 483
1 375 588
1 52 152
1 532 784
2 67 982
1 442 756
1 740 926
1 233 239
2 895 998
1 161 769
1 161 485
1 107 585
1 652 974
1 12 730
2 643 960
2 567 748
2 946 988
2 466 707
1 186 738
2 594 636
2 200 306
2 462 845
1 174 192
1 760 931
1 63 841
2 284 319
2 89 453
2 103 710
1 365 657
1 147 783
1 395 621
2 59 149
1 416 478
1 371 679
1 53 503
2 514 828
2 708 863
1 118 899
1 148 691
1 384 537
1 325 720
2 174 683
1 619 700
1 121 927
2 644 699
2 289 316
2 159 635
1 121 998
1 63 760
1 268 280
2 520 618
1 373 866
2 254 594
2 113 547
2 127 946
2 102 927
1 271 543
2 203 369
2 176 702
1 490 647
2 30 666
1 339 498
2 955 957
1 810 848
2 321 465
2 43 865
1 285 471
2 839 840
1 322 431
2 560 609
2 713 714
1 805 893
2 112 151
2 479 599
1 381 678
1 556 717
2 322 363
2 628 931
1 133 142
2 288 496
1 36 709
2 316 740
2 791 934
2 727 808
1 155 564
1 40 607
2 348 413
1 318 324
2 549 676
1 268 945
1 185 744
2 145 693
1 396 689
2 317 588
2 6 981
1 158 165
1 887 971
2 481 783
2 647 890
2 461 641
2 345 527
1 108 141
1 94 567
2 83 754
2 163 343
2 22 523
2 286 321
2 252 605
2 489 959
2 343 376
1 296 971
1 388 939
2 37 255
1 122 826
2 568 755
1 428 675
1 266 401
2 353 458
2 285 974
2 274 957
1 164 647
2 43 452
2 518 995
1 445 991
1 287 701
2 66 616
2 225 562
2 271 522
2 550 856
1 472 552
1 306 476
1 268 760
1 676 709
1 422 1000
2 209 366
2 34 524
1 581 805
1 169 226
1 289 951
1 405 890
2 76 680
1 895 969
1 158 575
1 542 681
1 266 988
2 204 440
1 67 795
2 381 557
2 487 631
2 311 402
1 222 333
2 275 645
1 194 818
2 466 966
1 105 443
2 501 745
2 384 679
2 140 248
2 405 687
2 230 647
1 456 866
1 87 349
1 321 995
2 401 443
2 164 628
2 170 586
1 99 916
1 175 969
1 532 766
1 146 824
2 161 182
1 384 493
2 102 333
1 550 856
1 255 503
2 391 904
2 189 588
1 36 853
2 520 761
2 292 910
1 7 135
1 11 262
2 527 612
1 763 956
2 776 974
2 347 456
1 402 563
1 410 997
2 666 973
2 59 737
2 32 900
2 600 660
2 76 935
1 450 968
2 450 593
1 193 748
1 156 386
2 323 943
2 160 888
2 363 489
2 250 925
1 153 260
1 236 855
2 633 767
1 997 1000
1 254 952
2 565 885
1 814 838
2 664 973
2 434 452
1 598 875
2 31 492
1 17 324
2 624 703
2 100 995
2 386 423
1 915 996
2 240 581
1 530 974
1 625 757
1 291 823
1 792 891
2 554 801
1 77 407
2 21 264
2 322 783
2 169 286
2 122 695
1 293 721
2 107 428
2 368 879
2 37 815
1 31 278
2 98 624
2 651 842
1 287 464
2 579 704
2 873 968
2 537 869
2 553 617
1 77 885
2 49 854
1 86 792
1 21 650
1 165 655
2 231 382
2 474 792
2 311 487
1 631 925
2 331 810
1 562 838
2 48 853
2 72 718
2 527 539
2 110 810
2 523 925
1 297 493
2 308 795
2 53 269
1 197 427
2 37 643
1 555 811
1 299 497
1 700 865
2 304 783
1 456 674
1 704 840
2 374 949
2 161 619
1 636 834
2 138 189
1 69 797
2 434 689
1 472 641
2 655 997
1 13 580
2 635 642
1 48 129
1 892 994
1 217 380
2 306 678
2 111 651
1 143 364
2 822 901
1 445 871
1 389 681
2 487 694
1 217 489
1 773 846
