0
2000
4000
6000
8000
9328
11328
13328
15328
17328
19328
20328
22328
24328
26328
28328
30328
32328
34328
36328
38328
39328
41328
43328
45328
46328
48328
49328
51328
53328
55328
57328
58328
60328
62328
64328
66328
68328
69328
71328
72328
74328
76328
78328
79328
81328
83328
84328
85328
87328
89328
91328
92555
94555
95422
97422
99422
101422
103422
104422
106422
108422
110422
112422
114422
115422
117422
118422
119422
121422
122422
124422
124422
126422
127422
129422
131422
133422
135422
137422
139422
139422
141422
142422
142422
143422
145422
147422
149422
151422
153422
154422
155422
157422
159422
161422
163422
164422
165422
167422
169422
171422
172422
174422
175422
175422
176422
178422
178422
179422
181422
182422
182422
184422
184422
184422
186422
188422
189422
190422
192422
193422
194422
196422
197422
199422
200422
201422
202422
203422
205422
206422
207422
208422
210422
212422
214422
216422
216422
218422
220422
222422
223422
224422
226422
228422
230422
231422
231422
232422
233422
233422
235422
236422
236422
237422
239422
240422
241422
241422
241422
242422
244422
245422
246422
248422
248422
248422
250422
251422
253422
254422
254422
254422
256422
256422
256422
258422
259422
260422
260422
259422
259422
261422
263422
263422
263422
265422
266422
268422
268593
270593
271593
272593
273593
275593
277329
277329
277329
278329
280329
282329
283329
285329
286329
286329
287329
288329
289329
290329
292329
293329
294329
294329
294329
294329
295329
295329
296329
297329
298329
297329
298329
299329
300329
302329
304329
305329
306329
307329
308329
308329
309329
310329
311329
312329
314329
315329
315329
317329
317329
317329
318329
318329
320329
320329
321329
322329
322329
323329
324329
325329
326329
327329
328329
329329
331329
331329
332329
332329
332329
332329
332329
333329
335329
336329
336329
337329
337329
338329
340329
341329
342329
342329
341329
342329
343329
344329
345329
346329
347329
348329
349329
350329
350329
350329
351329
352329
353329
353329
354329
355329
356329
356329
357329
357329
356329
355329
356329
357329
357329
358329
359329
360329
360329
361329
361329
362329
361329
361329
363329
365329
365329
365329
365329
366329
365329
367329
366329
366329
366329
366329
367329
366329
368329
369329
370329
371329
372329
373329
373329
374329
375329
375329
376329
378329
379329
380329
380329
382329
384329
384329
385329
385329
385329
386329
387329
387329
387329
387329
389329
390329
390329
391329
393329
394329
395329
395329
396329
396329
398329
399329
399329
400329
401329
402329
402329
404329
404329
404329
405329
405329
405329
404329
404329
403329
405329
405329
406329
406329
407329
408329
409329
410329
410329
410329
411329
412329
412329
412329
414329
413329
412329
413329
413329
413329
413329
413329
414329
415329
416329
415329
415329
415329
415329
416329
416329
415329
415329
415329
415329
415329
415329
415329
416329
416329
417329
419329
419329
417329
419329
420329
421329
420329
420329
421329
421329
422329
421329
421329
422329
424329
424329
425329
425329
424329
424329
424329
425329
426329
427329
428329
428329
428329
428329
428329
430329
430329
429329
429329
429329
429329
430329
430329
431329
429329
429329
429329
430329
430329
430329
430329
430329
432329
432329
432329
432329
431329
431329
431329
432329
433329
432329
433329
434329
434329
436329
436329
435329
435329
436329
436329
436329
436329
437329
439329
440329
439329
439329
439329
438967
438967
438967
438967
438967
438967
438967
439967
439967
440967
439967
439967
440967
440967
441967
441967
443967
444967
443967
442967
442967
441967
440967
440967
440967
442967
442967
443967
444967
445967
446967
446967
446967
446967
446967
445967
445967
445967
444967
444967
446967
447967
449967
450967
451967
451967
450967
451967
451967
451967
451967
451967
451967
452967
452967
452967
452967
452967
452967
454967
453967
453967
453967
454967
454967
452967
453967
453967
453967
452967
452967
453967
453967
452967
452967
453967
454967
453967
455967
454967
455967
454967
454967
454967
454967
454967
453967
454967
453967
454967
453967
453967
454967
454967
454967
454967
453967
452967
451967
451967
451967
450967
450967
450967
451967
451967
453967
454967
453967
455967
455967
455967
456967
456967
455967
455967
455775
455775
455775
456775
457775
457775
457775
457775
457775
457775
457775
458775
459322
459322
459322
458322
457322
457322
456322
456322
456322
456322
456322
457322
456322
455322
456322
457322
457322
458322
459322
460322
462322
462322
462322
463322
464322
464322
462322
464322
464322
464322
464322
464322
464322
465322
464322
463322
464322
464322
464322
464322
464322
462322
463322
463322
462322
462322
461322
460322
461322
461322
461322
462322
462322
462322
463322
463322
463322
463322
465322
465322
467322
466322
466322
467322
469322
469322
469322
470322
470322
471322
473322
474322
474322
474322
474322
474322
475322
475322
475322
475322
474322
474322
475322
475322
476322
475322
476322
476322
476322
477322
477322
477322
477322
477322
477322
477322
479322
479322
479322
478322
478322
477322
479322
479322
479322
479322
479322
478322
478322
479322
479322
478322
478322
478322
478322
477322
478322
478322
477322
477322
477322
477322
477322
478322
477322
476322
478322
478322
477322
477322
476322
474322
474322
475322
475322
475322
476322
477322
477322
478322
478322
478322
478322
480322
480322
481322
480322
480322
481322
481322
481322
482322
483322
484322
484322
483322
484322
485322
484322
484322
484322
484322
484322
484322
484322
483322
483322
483322
483322
483322
483322
483322
482322
482322
482322
482322
482322
481322
481322
481322
481322
482322
481322
480322
480322
481322
481322
481322
481322
480322
479322
480322
479322
479322
479322
479322
478322
477322
478322
477322
478322
476322
475322
476322
477322
477322
477322
477322
476322
476322
477322
478322
479322
478322
478322
478322
477322
479322
479322
479322
480322
480322
481322
481322
481322
481322
482322
483322
482322
482322
482322
482322
482322
481322
481322
481322
481322
480322
480322
481322
481322
479322
481322
481322
483322
484322
485322
485322
485322
484322
484322
484322
483322
484322
484322
484322
482322
482322
482322
480322
481322
481322
480322
481322
481322
481322
479322
479322
479322
480322
480322
480322
481322
481322
481322
481322
481322
481322
482322
482322
483322
483322
483322
484322
484322
484322
484322
484322
484322
483322
483322
483322
482322
483322
483322
483322
483322
483322
483322
482322
482322
481322
481322
481322
481322
480322
481322
481322
481322
481322
480322
480322
480322
479322
481322
481322
481322
482322
483322
483322
483322
482322
481322
482322
483322
484322
484322
483322
484322
484322
485322
484322
485322
485322
486322
487322
486322
485322
485322
486322
487322
487322
487322
488322
488322
488322
489322
489322
489322
489322
490322
491322
491322
491322
491322
491322
492322
491322
490322
490322
490322
490322
490322
490322
490322
489322
489322
489322
489322
487322
486322
486322
485322
484322
484322
483322
483322
483322
484322
484322
483322
483322
