1000 1000
78 68 980 849 380 321 880 173 899 404 747 687 361 643 932 939 73 445 693 333 170 367 820 32 11 429 584 218 624 713 784 508 189 24 372 742 591 793 315 778 30 439 206 984 863 928 498 341 640 411 553 278 207 970 527 777 727 678 407 915 684 559 975 381 617 989 817 134 71 176 243 229 94 789 758 844 276 306 199 885 580 51 366 297 167 466 628 354 749 521 8 618 266 184 81 186 569 277 3 537 539 177 948 161 598 394 604 945 952 400 389 7 852 813 987 703 109 712 159 823 746 200 555 933 724 838 62 676 766 169 101 752 750 430 940 743 374 571 819 548 774 29 832 232 918 514 307 876 254 331 760 992 638 150 201 452 505 711 242 34 593 594 683 857 76 398 616 340 900 736 84 95 252 757 664 917 701 74 190 870 560 447 38 125 96 145 797 144 500 694 818 981 428 446 195 805 779 632 938 831 290 309 681 165 482 610 812 352 748 318 873 532 168 192 702 129 369 956 804 552 700 612 677 325 543 658 652 312 427 959 859 965 166 197 921 861 183 723 835 862 791 524 56 906 154 615 27 470 385 897 345 603 230 208 974 608 234 680 930 577 174 529 329 585 83 202 811 738 20 387 840 356 958 795 283 495 937 966 744 867 781 982 671 734 350 357 19 383 319 485 507 265 360 955 424 968 912 807 213 493 536 137 651 609 622 107 909 833 390 410 770 21 70 57 130 786 268 273 5 582 46 473 625 941 874 988 916 108 60 601 511 320 834 349 799 803 801 444 343 487 535 541 338 1 788 903 43 479 58 412 121 248 515 564 929 816 503 293 126 375 502 143 745 401 636 665 530 886 368 662 9 696 471 402 978 645 474 542 282 689 637 468 152 496 572 397 117 538 260 973 386 302 501 316 77 649 964 175 528 1000 339 454 486 419 962 67 335 414 164 52 971 415 842 872 545 865 80 26 854 86 999 523 922 35 605 47 881 534 717 512 480 219 438 489 924 776 54 263 379 783 943 13 510 317 128 89 396 718 623 769 222 87 18 246 826 633 561 596 513 378 42 558 142 328 261 855 754 728 156 935 666 484 6 188 845 540 49 782 802 787 465 614 40 475 455 179 659 546 141 853 187 99 516 901 61 673 90 196 848 796 653 262 270 775 504 127 298 205 767 544 590 810 896 102 578 985 868 215 883 895 217 100 650 437 193 362 140 556 846 869 285 808 595 936 994 203 364 442 884 942 303 923 289 330 517 686 478 305 919 344 483 600 477 65 112 93 346 39 841 136 574 565 588 621 739 490 706 119 421 163 977 682 450 182 443 619 251 670 180 890 253 147 462 33 720 641 191 359 695 227 581 997 267 382 323 644 194 224 85 824 55 460 135 570 457 178 773 866 353 864 491 654 668 525 509 763 731 497 28 954 506 371 976 216 63 705 151 599 893 311 272 458 759 877 957 239 672 233 299 995 377 688 667 149 348 451 656 602 533 879 448 586 730 113 707 286 249 223 235 692 240 69 699 587 132 373 237 228 950 463 626 944 646 567 14 969 520 579 172 691 264 4 719 735 576 953 467 413 809 815 761 661 972 630 48 416 59 669 255 405 697 133 258 181 907 327 934 241 821 384 946 304 551 771 642 732 889 157 271 631 464 88 829 562 259 209 627 105 281 409 370 573 91 925 92 45 314 583 679 729 822 871 391 337 926 518 522 563 17 158 198 288 547 204 794 434 986 850 753 66 123 37 322 301 146 476 393 837 257 294 395 118 910 36 856 236 449 131 120 836 765 280 392 675 342 440 858 171 882 843 657 214 79 891 250 647 494 996 363 550 212 613 422 231 715 806 725 403 592 2 898 904 733 155 655 425 436 716 10 589 554 336 244 648 435 225 557 635 597 15 931 875 851 326 365 44 351 116 376 210 274 674 887 388 751 620 709 839 426 256 31 990 481 722 762 830 75 295 64 431 690 913 634 332 287 737 920 607 568 685 741 115 894 408 355 296 124 905 963 110 148 226 825 710 106 284 16 221 902 111 41 279 488 660 334 310 772 211 663 951 50 828 12 432 991 860 238 358 892 756 138 519 469 104 785 998 53 983 629 790 714 433 275 72 993 492 798 704 566 420 82 313 160 827 740 139 755 153 25 114 459 878 300 792 708 800 22 453 103 721 979 908 399 499 606 456 417 639 418 549 531 269 780 441 927 98 764 406 97 122 247 23 814 245 911 961 185 291 220 967 960 347 461 324 526 726 611 698 423 575 162 847 768 888 292 949 472 308 914 947
78 68 980 849 380 321 880 173 899 404 747 687 361 643 932 939 73 445 693 333 170 367 820 32 11 429 584 218 624 713 784 508 189 24 372 742 591 793 315 778 30 439 206 984 863 928 498 341 640 411 553 278 207 970 527 777 727 678 407 915 684 559 975 381 617 989 817 134 71 176 243 229 94 789 758 844 276 306 199 885 580 51 366 297 167 466 628 354 749 521 8 618 266 184 81 186 569 277 3 537 539 177 948 161 598 394 604 945 952 400 389 7 852 813 987 703 109 712 159 823 746 200 555 933 724 838 62 676 766 169 101 752 750 430 940 743 374 571 819 548 774 29 832 232 918 514 307 876 254 331 760 992 638 150 201 452 505 711 242 34 593 594 683 857 76 398 616 340 900 736 84 95 252 757 664 917 701 74 190 870 560 447 38 125 96 145 797 144 500 694 818 981 428 446 195 805 779 632 938 831 290 309 681 165 482 610 812 352 748 318 873 532 168 192 702 129 369 956 804 552 700 612 677 325 543 658 652 312 427 959 859 965 166 197 921 861 183 723 835 862 791 524 56 906 154 615 27 470 385 897 345 603 230 208 974 608 234 680 930 577 174 529 329 585 83 202 811 738 20 387 840 356 958 795 283 495 937 966 744 867 781 982 671 734 350 357 19 383 319 485 507 265 360 955 424 968 912 807 213 493 536 137 651 609 622 107 909 833 390 410 770 21 70 57 130 786 268 273 5 582 46 473 625 941 874 988 916 108 60 601 511 320 834 349 799 803 801 444 343 487 535 541 338 1 788 903 43 479 58 412 121 248 515 564 929 816 503 293 126 375 502 143 745 401 636 665 530 886 368 662 9 696 471 402 978 645 474 542 282 689 637 468 152 496 572 397 117 538 260 973 386 302 501 316 77 649 964 175 528 1000 339 454 486 419 962 67 335 414 164 52 971 415 842 872 545 865 80 26 854 86 999 523 922 35 605 47 881 534 717 512 480 219 438 489 924 776 54 263 379 783 943 13 510 317 128 89 396 718 623 769 222 87 18 246 826 633 561 596 513 378 42 558 142 328 261 855 754 728 156 935 666 484 6 188 845 540 49 782 802 787 465 614 40 475 455 179 659 546 141 853 187 99 516 901 61 673 90 196 848 796 653 262 270 775 504 127 298 205 767 544 590 810 896 102 578 985 868 215 883 895 217 100 650 437 193 362 140 556 846 869 285 808 595 936 994 203 364 442 884 942 303 923 289 330 517 686 478 305 919 344 483 600 477 65 112 93 346 39 841 136 574 565 588 621 739 490 706 119 421 163 977 682 450 182 443 619 251 670 180 890 253 147 462 33 720 641 191 359 695 227 581 997 267 382 323 644 194 224 85 824 55 460 135 570 457 178 773 866 353 864 491 654 668 525 509 763 731 497 28 954 506 371 976 216 63 705 151 599 893 311 272 458 759 877 957 239 672 233 299 995 377 688 667 149 348 451 656 602 533 879 448 586 730 113 707 286 249 223 235 692 240 69 699 587 132 373 237 228 950 463 626 944 646 567 14 969 520 579 172 691 264 4 719 735 576 953 467 413 809 815 761 661 972 630 48 416 59 669 255 405 697 133 258 181 907 327 934 241 821 384 946 304 551 771 642 732 889 157 271 631 464 88 829 562 259 209 627 105 281 409 370 573 91 925 92 45 314 583 679 729 822 871 391 337 926 518 522 563 17 158 198 288 547 204 794 434 986 850 753 66 123 37 322 301 146 476 393 837 257 294 395 118 910 36 856 236 449 131 120 836 765 280 392 675 342 440 858 171 882 843 657 214 79 891 250 647 494 996 363 550 212 613 422 231 715 806 725 403 592 2 898 904 733 155 655 425 436 716 10 589 554 336 244 648 435 225 557 635 597 15 931 875 851 326 365 44 351 116 376 210 274 674 887 388 751 620 709 839 426 256 31 990 481 722 762 830 75 295 64 431 690 913 634 332 287 737 920 607 568 685 741 115 894 408 355 296 124 905 963 110 148 226 825 710 106 284 16 221 902 111 41 279 488 660 334 310 772 211 663 951 50 828 12 432 991 860 238 358 892 756 138 519 469 104 785 998 53 983 629 790 714 433 275 72 993 492 798 704 566 420 82 313 160 827 740 139 755 153 25 114 459 878 300 792 708 800 22 453 103 721 979 908 399 499 606 456 417 639 418 549 531 269 780 441 927 98 764 406 97 122 247 23 814 245 911 961 185 291 220 967 960 347 461 324 526 726 611 698 423 575 162 847 768 888 292 949 472 308 914 947
2 59 128
2 242 786
1 46 853
1 212 648
2 328 1000
2 298 678
2 709 796
2 486 819
2 834 868
1 609 702
1 853 864
1 546 594
1 347 612
1 49 747
1 454 477
1 313 700
2 285 394
1 368 736
1 93 332
1 272 668
1 242 977
2 895 926
1 139 367
2 179 817
2 348 715
2 703 911
1 271 356
2 503 749
2 8 119
1 527 549
1 509 514
1 702 837
1 95 965
2 104 337
1 519 570
1 171 371
2 243 613
1 224 393
2 19 971
2 747 869
2 34 178
1 221 268
2 65 697
1 315 570
1 287 771
2 352 722
1 160 870
1 255 285
2 69 916
1 705 830
1 308 728
2 555 1000
2 161 203
2 422 1000
1 602 958
1 827 999
2 490 517
2 642 662
2 53 476
2 246 417
1 386 673
2 26 108
1 149 405
2 384 636
1 636 841
1 628 663
1 349 963
1 95 660
1 472 480
2 305 962
2 232 566
2 422 648
1 273 323
1 926 994
2 80 906
2 650 976
1 495 572
1 115 183
1 238 752
2 351 866
2 184 371
2 289 838
2 541 963
1 105 834
2 302 722
2 538 985
2 382 686
2 373 764
2 588 952
2 524 569
1 273 365
2 853 897
2 515 578
1 40 236
2 632 931
1 418 448
2 119 688
2 645 698
1 408 995
1 801 930
2 358 967
1 331 668
2 219 741
1 136 546
1 555 925
2 678 775
1 507 805
1 572 840
1 268 884
1 410 535
2 418 942
2 355 864
2 482 927
1 704 928
2 148 329
1 5 98
2 196 532
2 26 970
2 114 927
1 845 910
1 26 902
2 92 416
1 390 552
1 677 911
2 169 254
1 437 985
2 490 522
2 630 748
2 391 943
2 190 617
2 672 690
1 398 628
1 608 910
1 145 968
1 791 923
1 101 717
1 117 553
1 398 994
1 185 294
1 311 377
1 914 934
1 959 994
1 104 460
2 640 747
1 402 793
2 99 990
2 91 327
2 603 722
2 879 965
1 413 538
2 741 977
2 137 164
2 619 748
2 34 787
1 162 988
2 592 681
2 113 911
1 569 852
1 150 985
2 347 401
2 751 958
1 325 908
1 615 817
1 563 990
2 395 823
1 242 316
2 645 728
2 27 754
2 1 128
2 234 469
2 316 713
1 357 898
2 172 472
1 449 800
1 392 906
1 930 953
1 32 558
2 75 120
1 319 570
1 256 595
2 612 978
2 90 94
1 280 597
1 723 778
2 412 999
1 370 460
1 302 811
1 328 462
2 134 336
1 422 593
1 45 875
1 130 869
2 77 951
1 418 938
2 261 935
1 329 593
2 699 943
2 394 741
1 334 817
2 122 445
1 533 918
2 304 862
2 573 621
2 12 437
2 13 101
1 91 174
2 212 432
2 738 995
1 613 735
1 743 762
2 65 369
1 468 759
2 335 905
1 169 918
2 608 861
1 189 933
1 376 870
1 135 252
1 128 378
2 103 411
2 76 592
2 64 514
2 92 945
2 348 811
1 656 734
2 175 363
2 68 789
1 124 704
1 691 828
2 55 728
1 377 603
1 406 564
1 37 99
2 338 443
2 342 613
1 167 451
1 84 287
1 69 75
2 320 542
2 122 758
1 117 942
2 546 625
1 220 342
2 581 654
1 297 933
2 52 993
2 291 764
2 614 840
2 636 843
2 373 997
1 149 229
2 401 508
1 222 853
1 260 293
1 590 700
2 427 431
1 430 912
1 812 837
1 601 787
1 166 524
1 541 668
1 627 636
1 530 771
2 511 940
2 41 129
2 13 442
1 561 718
2 854 989
2 158 614
1 66 295
1 298 867
2 137 322
2 102 312
2 561 620
1 391 635
1 15 940
1 268 889
1 576 834
2 489 744
2 176 708
2 616 904
1 614 977
2 281 343
1 507 819
2 566 969
1 391 429
1 505 889
1 385 880
2 228 342
2 102 654
1 626 865
2 764 807
2 295 636
2 147 990
2 130 540
2 291 807
2 45 845
1 184 766
2 241 524
1 416 633
2 736 955
2 40 726
1 211 937
2 261 958
1 299 921
1 186 799
1 212 980
2 66 261
2 708 719
2 24 986
1 239 340
1 93 617
2 739 906
1 402 688
1 549 685
1 6 619
2 86 248
2 810 866
2 182 706
1 411 562
2 365 912
1 441 493
1 629 720
2 142 209
2 659 935
1 500 990
2 605 718
2 389 843
1 322 375
2 332 509
2 132 658
1 162 345
1 13 925
1 949 967
2 446 671
1 165 271
2 35 306
1 518 991
1 588 946
2 17 181
1 394 923
2 342 645
1 51 172
2 323 672
1 34 983
2 498 915
1 373 890
1 590 715
2 370 959
2 4 580
1 238 760
1 338 714
2 132 746
2 329 887
2 525 713
1 126 953
1 122 685
1 293 678
1 165 938
1 803 901
2 74 353
1 103 931
1 322 897
1 597 886
2 114 419
2 36 866
1 882 954
1 39 391
2 649 878
2 309 462
1 785 789
2 931 999
1 597 750
2 382 692
1 1 295
1 234 550
2 134 444
2 41 457
2 72 886
1 35 838
1 7 398
1 112 674
1 201 302
2 54 533
2 66 422
1 206 896
1 629 917
2 107 468
2 152 461
1 61 265
1 288 853
1 176 612
1 57 413
2 185 971
1 291 673
2 253 940
2 174 805
2 7 415
2 580 707
2 377 545
1 116 479
1 534 754
1 33 315
1 95 804
2 110 700
1 328 515
2 178 574
2 186 370
1 308 626
2 23 345
2 760 795
2 54 717
2 117 744
1 61 682
1 673 845
2 120 933
2 797 982
2 527 749
1 37 429
2 759 874
2 10 935
1 94 855
2 143 443
1 701 720
2 205 325
1 65 85
2 536 740
1 525 915
1 619 664
2 275 351
2 820 857
1 277 577
1 379 501
1 548 941
2 348 458
1 642 769
1 56 357
2 494 584
2 68 861
2 184 788
2 195 508
1 12 672
2 461 597
2 551 982
1 140 662
2 353 424
1 745 876
1 240 415
2 778 790
2 279 959
2 174 712
1 190 741
1 478 748
2 89 142
1 106 715
2 295 921
1 381 561
1 225 493
2 962 985
1 526 588
2 232 253
1 67 779
2 477 892
2 573 960
1 103 212
1 151 658
2 150 412
2 190 440
2 281 543
1 30 686
1 712 762
1 235 918
1 41 574
1 134 389
2 536 982
2 618 638
2 124 307
2 66 538
1 115 837
2 562 826
2 53 134
2 369 892
1 19 378
1 280 734
1 605 663
1 666 913
1 248 581
1 124 834
2 506 650
1 329 967
2 620 888
2 52 666
2 92 358
2 437 706
1 680 805
2 356 748
2 10 559
1 7 990
2 687 702
2 531 797
1 442 968
2 422 434
2 227 805
1 224 994
1 288 670
1 270 919
1 198 274
1 198 461
1 803 953
1 187 564
2 7 852
1 189 942
1 807 893
2 28 316
1 301 474
1 201 514
2 579 844
2 317 454
2 912 928
1 61 373
1 121 786
2 382 879
1 29 532
1 271 521
2 357 874
1 789 886
2 173 688
1 26 176
2 125 857
1 253 590
2 275 494
2 431 847
2 11 520
2 273 859
1 470 975
1 221 913
2 80 464
1 4 212
2 940 961
1 270 623
1 194 980
1 468 589
1 558 973
2 50 150
2 605 861
2 302 513
1 97 751
2 539 971
2 255 730
2 205 396
2 434 707
1 351 898
2 297 585
2 589 925
1 324 970
1 406 938
2 491 744
1 382 393
1 678 911
2 94 592
2 225 867
2 792 864
2 456 789
1 494 581
1 256 610
2 109 539
2 447 989
1 127 587
1 687 865
2 390 665
1 162 858
2 277 623
2 415 662
1 469 502
1 534 929
1 549 895
2 210 485
2 682 981
1 295 655
2 120 554
1 509 563
1 279 561
1 439 950
2 453 776
2 160 399
1 23 424
1 174 875
2 293 590
2 19 327
2 481 965
1 275 398
2 784 881
1 305 968
2 782 892
2 273 774
2 324 598
2 487 744
2 28 614
2 257 556
1 201 306
2 462 542
2 120 540
2 127 332
2 225 605
2 87 620
1 775 967
1 184 1000
1 471 549
2 260 435
1 759 937
2 174 515
2 622 927
2 228 920
1 158 735
2 444 552
2 34 248
2 330 753
1 322 775
1 376 706
1 369 627
2 340 891
1 331 586
2 685 826
2 122 499
2 261 518
1 20 934
2 294 798
2 236 508
1 679 936
2 394 492
2 251 554
1 49 250
1 389 872
1 310 689
2 82 916
1 241 333
2 401 920
2 68 483
1 394 657
2 345 414
1 201 905
1 541 825
2 197 525
1 552 869
1 195 313
1 75 393
2 54 807
1 473 943
2 115 511
2 70 914
1 404 960
2 168 431
2 320 643
2 693 846
2 193 296
2 141 492
1 210 320
2 466 483
2 678 958
2 651 834
2 46 68
2 555 690
2 304 879
2 222 505
2 405 718
2 399 827
2 363 700
1 747 962
2 63 991
2 74 578
2 47 806
1 820 993
2 726 757
2 17 203
1 369 708
2 156 421
2 467 830
2 16 410
1 202 333
1 124 527
1 741 851
2 288 690
1 311 997
2 484 828
2 356 755
1 3 524
2 278 811
2 646 854
1 93 306
1 330 460
1 161 607
2 416 854
1 587 702
2 80 635
2 40 963
1 365 630
2 180 838
2 49 367
2 212 852
1 303 361
2 31 814
1 305 777
2 627 828
2 431 897
1 449 699
1 197 992
1 200 893
2 53 537
2 769 806
2 86 468
2 87 131
2 91 726
1 197 663
1 297 722
2 265 904
2 400 425
1 66 682
2 647 781
2 482 787
2 501 725
1 826 887
1 672 690
2 188 971
1 55 291
1 433 671
1 718 797
2 259 995
1 109 592
2 587 918
1 806 876
1 430 621
1 193 449
2 725 908
1 586 684
2 740 922
2 212 663
1 512 845
1 904 956
1 102 872
2 419 998
2 16 980
1 97 922
2 288 408
2 359 653
1 487 708
2 250 728
2 534 986
2 161 415
1 270 706
2 392 753
1 106 435
1 17 607
2 84 935
2 614 633
2 676 686
2 325 694
1 522 556
2 558 903
2 178 815
2 77 392
2 20 394
2 318 507
1 223 283
2 80 174
1 581 832
2 238 585
1 161 454
2 500 501
1 280 773
1 29 489
1 12 477
2 281 776
2 34 915
1 264 458
1 420 957
1 157 469
1 14 630
1 619 647
2 344 376
2 637 917
1 632 726
1 141 409
1 569 813
2 427 643
1 94 710
1 957 967
2 750 955
2 499 542
2 422 960
1 657 793
2 32 501
1 388 720
2 683 691
1 4 630
2 9 366
1 145 568
2 622 955
1 321 383
2 302 385
1 99 635
1 64 442
2 247 270
2 454 478
2 368 469
2 79 592
2 316 859
2 667 964
2 45 911
1 420 813
2 428 654
1 42 928
1 307 427
2 125 732
2 235 417
2 27 82
2 71 317
1 87 562
2 427 905
1 212 800
2 280 352
2 18 782
2 60 143
1 136 403
1 675 746
2 16 50
2 902 952
1 239 972
1 31 443
1 411 763
1 514 760
2 229 261
1 199 605
2 309 520
2 130 665
2 198 971
2 503 554
1 451 569
2 501 607
2 483 587
2 230 513
2 103 658
1 550 937
1 34 592
1 384 723
2 714 932
1 705 866
2 436 961
1 13 916
2 107 992
1 340 367
2 445 615
1 300 459
1 607 843
1 753 978
1 303 749
2 627 911
1 744 908
1 29 842
2 511 910
1 94 790
1 222 642
2 554 894
2 633 676
2 3 860
1 595 669
2 94 276
1 448 821
2 589 877
1 119 799
1 523 811
2 560 960
2 159 692
1 328 417
1 189 456
1 303 519
1 376 460
2 581 759
1 445 690
1 150 500
2 555 595
2 563 939
2 9 77
1 557 648
2 487 723
1 369 840
2 506 916
2 14 104
1 175 554
1 545 870
1 345 483
2 352 724
1 71 563
1 613 800
1 182 334
2 801 820
2 800 947
1 758 762
2 260 809
1 170 821
1 699 984
2 288 333
1 65 857
2 638 832
2 502 524
1 787 791
2 160 854
2 451 871
2 398 796
1 66 220
2 60 891
2 580 949
2 522 571
2 532 537
2 112 123
2 906 932
1 351 687
2 186 269
1 739 824
1 427 714
2 770 929
1 242 273
1 317 449
1 553 750
1 350 417
1 382 458
2 437 772
2 622 633
1 398 688
1 40 105
2 354 642
2 134 429
1 358 798
1 446 536
2 645 975
1 14 493
1 131 695
1 643 682
1 61 132
1 242 668
2 385 842
1 254 800
1 430 497
2 316 805
1 95 966
2 4 188
2 903 905
1 947 963
2 88 774
1 426 810
1 43 115
2 316 670
2 878 965
1 632 789
1 320 934
1 261 745
2 130 170
1 163 986
2 670 895
1 195 233
1 766 804
2 714 909
2 638 749
2 808 936
1 70 331
2 455 599
1 764 890
2 93 691
2 407 986
2 97 474
1 173 702
1 883 905
2 433 728
2 339 719
2 339 670
1 466 561
1 188 312
1 190 599
2 249 912
1 685 950
2 442 554
2 212 616
1 369 801
2 547 713
1 349 368
2 206 747
2 343 533
1 168 960
1 20 440
2 368 435
1 587 840
1 201 698
2 757 880
2 141 572
1 216 652
1 558 921
1 725 924
2 176 221
2 729 895
2 355 865
