6209
8683
7908
5932
3342
4688
8285
5363
4939
3016
5077
5488
8563
5743
7989
3938
6023
3400
4001
3966
6373
3999
4050
3958
6778
3976
4691
4100
5684
8197
8618
5836
6105
4392
9937
5307
4037
5347
6729
8361
6374
5921
6141
4721
8089
6225
5265
8511
4661
6182
4228
7837
4453
5944
7526
5251
10438
4436
8110
8873
5093
4347
6046
3036
3893
6940
3118
7118
5721
2821
6124
4720
3307
2299
8021
5474
8766
3536
8218
9369
4334
4346
3731
8147
10597
6278
5592
2646
4888
5645
9639
3070
7914
8426
6257
7078
3343
6358
5614
6259
6453
5676
5610
6743
6660
3011
4633
6941
4300
6678
3697
3656
6332
5999
6501
6865
6789
6158
10632
5616
4402
9405
5860
5470
2868
10297
6734
7485
4191
7584
6220
4869
4831
6046
2506
7351
10343
6879
8763
5413
7735
7713
5821
6733
5258
7665
3780
3451
8916
5006
8508
8194
4591
5089
9020
5640
6509
6370
3965
4521
4814
3694
6036
4822
3779
5564
6420
5933
2690
4556
2688
8823
7416
3493
6167
10598
6605
3724
4092
3654
4486
7164
5273
3525
5381
5218
6436
5337
4323
7311
5637
4007
4474
2980
5248
3311
5566
5439
6440
8229
7229
7058
6744
