3315
5806
3817
1746
4500
7280
3799
5923
6939
4005
2502
3252
3478
3831
3236
2680
5721
3981
3196
4510
6211
3493
2811
4902
4529
6357
6285
4004
4612
2392
3391
4407
3341
3215
4779
4808
3822
4342
4543
5113
2235
2660
2266
4640
2153
3501
3632
5274
2058
4086
3759
4350
5705
5381
3020
5989
9298
6250
1574
6114
7596
4664
5225
3641
2787
3073
3020
5873
3966
4036
3384
2418
2057
3055
2168
2780
3044
3728
5010
4609
3214
6078
3896
3532
4632
4367
4107
3083
3327
2709
5986
3972
5005
2875
4082
3650
2901
5095
2261
6597
7289
3897
2824
5078
4798
4387
2480
2382
3552
3418
3401
4929
3074
2237
6979
3502
4838
4209
3095
2208
5175
5117
2551
3382
3860
4617
5821
3935
3357
2422
3288
5753
4078
4241
3535
