1999999617000016191
1999999155000045297
1999998303000098973
1999997142000172116
1999995798000256788
1999994334000349020
1999992750000448812
1999991046000556164
1999989222000671076
1999987278000793548
1999985214000923580
1999983030001061172
1999980726001206324
1999978302001359036
1999975758001519308
1999973094001687140
1999970310001862532
1999967406002045484
1999964384002235870
1999961248002433438
1999958000002638062
1999954640002849742
1999951168003068478
1999947584003294270
1999943888003527118
1999940080003767022
1999936160004013982
1999932128004267998
1999927984004529070
1999923728004797198
1999919360005072382
1999914880005354622
1999910288005643918
1999905584005940270
1999900768006243678
1999895840006554142
1999890800006871662
1999885651007196049
1999880397007527051
1999875039007864605
1999869577008208711
1999864011008559369
1999858341008916579
1999852567009280341
1999846689009650655
1999840707010027521
1999834621010410939
1999828431010800909
1999822137011197431
1999815739011600505
1999809237012010131
1999802631012426309
1999795921012849039
1999789107013278321
1999782189013714155
1999775167014156541
1999768041014605479
1999760811015060969
1999753477015523011
1999746039015991605
1999738497016466751
1999730851016948449
1999723101017436699
1999715247017931501
1999707289018432855
1999699227018940761
1999691061019455219
1999682791019976229
1999674417020503791
1999665939021037905
1999657357021578571
1999648671022125789
1999639881022679559
1999630987023239881
1999621989023806755
1999612887024380181
1999603681024960159
1999594371025546689
1999584957026139771
1999575439026739405
1999565817027345591
1999556091027958329
1999546261028577619
1999536327029203461
1999526289029835855
1999516147030474801
1999505901031120299
1999495551031772349
1999485097032430951
1999474539033096105
1999463877033767811
1999453111034446069
1999442243035130753
1999431275035821737
1999420207036519021
1999409039037222605
1999397771037932489
1999386403038648673
1999374935039371157
1999363367040099941
1999351699040835025
1999339931041576409
1999328063042324093
1999316095043078077
1999304027043838361
1999291859044604945
1999279591045377829
1999267223046157013
1999254755046942497
1999242187047734281
1999229519048532365
1999216751049336749
1999203883050147433
1999190915050964417
1999177847051787701
1999164679052617285
1999151411053453169
1999138043054295353
1999124575055143837
1999111007055998621
1999097339056859705
1999083571057727089
1999069703058600773
1999055735059480757
1999041667060367041
1999027499061259625
1999013231062158509
1998998863063063693
1998984395063975177
1998969828064892898
1998955166065816604
1998940412066746106
1998925566067681404
1998910628068622498
1998895598069569388
1998880476070522074
1998865262071480556
1998849956072444834
1998834558073414908
1998819068074390778
1998803486075372444
1998787812076359906
1998772046077353164
1998756188078352218
1998740238079357068
1998724196080367714
1998708062081384156
1998691836082406394
1998675518083434428
1998659108084468258
1998642606085507884
1998626012086553306
1998609326087604524
1998592548088661538
1998575678089724348
1998558716090792954
1998541662091867356
1998524516092947554
1998507278094033548
1998489948095125338
1998472526096222924
1998455012097326306
1998437406098435484
1998419708099550458
1998401918100671228
1998384036101797794
1998366062102930156
1998347996104068314
1998329838105212268
1998311588106362018
1998293246107517564
1998274812108678906
1998256286109846044
1998237668111018978
1998218958112197708
1998200156113382234
1998181262114572556
1998162276115768674
1998143198116970588
1998124028118178298
1998104766119391804
1998085412120611106
1998065966121836204
1998046428123067098
1998026798124303788
1998007076125546274
1997987262126794556
1997967356128048634
1997947358129308508
1997927268130574178
1997907088131845518
1997886820133122402
1997866464134404830
1997846022135692676
1997825500136985562
1997804902138283236
1997784228139585698
1997763478140892948
1997742652142204986
1997721750143521812
1997700772144843426
1997679718146169828
1997658588147501018
1997637382148836996
1997616100150177762
1997594742151523316
1997573308152873658
1997551798154228788
1997530212155588706
1997508550156953412
1997486812158322906
1997464998159697188
1997443108161076258
1997421142162460116
1997399100163848762
1997376982165242196
1997354788166640418
1997332518168043428
1997310172169451226
1997287750170863812
1997265252172281186
1997242678173703348
1997220028175130298
1997197302176562036
1997174500177998562
1997151622179439876
1997128668180885978
1997105638182336868
1997082532183792546
1997059350185253012
1997036092186718266
1997012758188188308
1996989348189663138
1996965862191142756
1996942300192627162
1996918662194116356
1996894948195610338
1996871158197109108
1996847292198612666
1996823350200121012
1996799332201634146
1996775238203152068
1996751068204674778
1996726822206202276
1996702500207734562
1996678102209271636
1996653628210813498
1996629078212360148
1996604452213911586
1996579750215467812
1996554972217028826
1996530118218594628
1996505188220165218
1996480182221740596
1996455100223320762
1996429942224905716
1996404708226495458
1996379398228089988
1996354012229689306
1996328550231293412
1996303012232902306
1996277398234515988
1996251708236134458
1996225942237757716
1996200100239385762
1996174182241018596
1996148188242656218
1996122118244298628
1996095972245945826
1996069750247597812
1996043452249254586
1996017078250916148
1995990628252582498
1995964102254253636
1995937500255929562
1995910822257610276
1995884068259295778
1995857238260986068
1995830332262681146
1995803350264381012
1995776292266085666
1995749158267795108
1995721948269509338
1995694662271228356
1995667300272952162
1995639862274680756
1995612348276414138
1995584758278152308
1995557092279895266
1995529350281643012
1995501532283395546
1995473638285152868
1995445668286914978
1995417622288681876
1995389500290453562
1995361302292230036
1995333028294011298
1995304678295797348
1995276252297588186
1995247750299383812
