1999999674000012600
1999999418000028728
1999998946000058464
1999998267000101241
1999997383000156933
1999996299000225225
1999995021000305739
1999993551000398349
1999991895000502677
1999990067000617841
1999988075000743337
1999985919000879165
1999983601001025199
1999981123001181313
1999978485001347507
1999975687001523781
1999972729001710135
1999969612001906506
1999966340002112642
1999962916002328354
1999959340002553642
1999955612002788506
1999951732003032946
1999947700003286962
1999943516003550554
1999939180003823722
1999934692004106466
1999930052004398786
1999925260004700682
1999920316005012154
1999915220005333202
1999909972005663826
1999904572006004026
1999899020006353802
1999893316006713154
1999887460007082082
1999881452007460586
1999875292007848666
1999868980008246322
1999862516008653554
1999855900009070362
1999849132009496746
1999842212009932706
1999835140010378242
1999827916010833354
1999820540011298042
1999813025011771487
1999805395012252177
1999797661012739419
1999789823013233213
1999781881013733559
1999773835014240457
1999765685014753907
1999757431015273909
1999749073015800463
1999740611016333569
1999732045016873227
1999723375017419437
1999714601017972199
1999705723018531513
1999696741019097379
1999687657019669671
1999678475020248137
1999669197020832651
1999659823021423213
1999650353022019823
1999640787022622481
1999631125023231187
1999621367023845941
1999611513024466743
1999601563025093593
1999591517025726491
1999581375026365437
1999571137027010431
1999560803027661473
1999550373028318563
1999539847028981701
1999529225029650887
1999518507030326121
1999507693031007403
1999496783031694733
1999485777032388111
1999474675033087537
1999463477033793011
1999452183034504533
1999440793035222103
1999429307035945721
1999417725036675387
1999406047037411101
1999394273038152863
1999382403038900673
1999370437039654531
1999358375040414437
1999346217041180391
1999333963041952393
1999321613042730443
1999309167043514541
1999296625044304687
1999283987045100881
1999271253045903123
1999258423046711413
1999245497047525751
1999232475048346137
1999219357049172571
1999206143050005053
1999192833050843583
1999179427051688161
1999165925052538787
1999152327053395461
1999138633054258183
1999124843055126953
1999110957056001771
1999096975056882637
1999082897057769551
1999068723058662513
1999054453059561523
1999040087060466581
1999025625061377687
1999011067062294841
1998996413063218043
1998981663064147293
1998966817065082591
1998951875066023937
1998936837066971331
1998921703067924773
1998906473068884263
1998891147069849801
1998875725070821387
1998860207071799021
1998844593072782703
1998828887073772181
1998813095074767077
1998797219075767265
1998781259076772745
1998765215077783517
1998749087078799581
1998732875079820937
1998716579080847585
1998700199081879525
1998683735082916757
1998667187083959281
1998650555085007097
1998633839086060205
1998617039087118605
1998600155088182297
1998583187089251281
1998566135090325557
1998548999091405125
1998531779092489985
1998514475093580137
1998497087094675581
1998479615095776317
1998462059096882345
1998444419097993665
1998426695099110277
1998408887100232181
1998390995101359377
1998373019102491865
1998354959103629645
1998336815104772717
1998318587105921081
1998300275107074737
1998281879108233685
1998263399109397925
1998244835110567457
1998226187111742281
1998207455112922397
1998188639114107805
1998169739115298505
1998150755116494497
1998131687117695781
1998112535118902357
1998093299120114225
1998073979121331385
1998054575122553837
1998035087123781581
1998015515125014617
1997995859126252945
1997976119127496565
1997956295128745477
1997936387129999681
1997916395131259177
1997896319132523965
1997876159133794045
1997855915135069417
1997835587136350081
1997815175137636037
1997794679138927285
1997774099140223825
1997753435141525657
1997732687142832781
1997711855144145197
1997690939145462905
1997669939146785905
1997648855148114197
1997627687149447781
1997606435150786657
1997585099152130825
1997563679153480285
1997542175154835037
1997520587156195081
1997498915157560417
1997477159158931045
1997455319160306965
1997433395161688177
1997411387163074681
1997389295164466477
1997367119165863565
1997344859167265945
1997322515168673617
1997300087170086581
1997277575171504837
1997254979172928385
1997232299174357225
1997209535175791357
1997186687177230781
1997163755178675497
1997140739180125505
1997117639181580805
1997094455183041397
1997071187184507281
1997047835185978457
1997024399187454925
1997000879188936685
1996977275190423737
1996953587191916081
1996929815193413717
1996905959194916645
1996882019196424865
1996857995197938377
1996833887199457181
1996809695200981277
1996785419202510665
1996761059204045345
1996736615205585317
1996712087207130581
1996687475208681137
1996662779210236985
1996637999211798125
1996613135213364557
1996588187214936281
1996563155216513297
1996538039218095605
1996512839219683205
1996487555221276097
1996462187222874281
1996436735224477757
1996411199226086525
1996385579227700585
1996359875229319937
1996334087230944581
1996308215232574517
1996282259234209745
1996256219235850265
1996230095237496077
1996203887239147181
1996177595240803577
1996151219242465265
1996124759244132245
1996098215245804517
1996071587247482081
1996044875249164937
1996018079250853085
1995991199252546525
1995964235254245257
1995937187255949281
1995910055257658597
1995882839259373205
1995855539261093105
1995828155262818297
1995800687264548781
1995773135266284557
1995745499268025625
1995717779269771985
1995689975271523637
1995662087273280581
1995634115275042817
1995606059276810345
1995577919278583165
1995549695280361277
1995521387282144681
1995492995283933377
1995464519285727365
1995435959287526645
1995407315289331217
1995378587291141081
1995349775292956237
1995320879294776685
1995291899296602425
1995262835298433457
1995233687300269781
1995204455302111397
1995175139303958305
1995145739305810505
1995116255307667997
1995086687309530781
1995057035311398857
1995027299313272225
1994997479315150885
1994967575317034837
