1999999671000012789
1999999417000028791
1999998967000057141
1999998333000097083
1999997517000148491
1999996523000211113
1999995353000284823
1999994007000369621
1999992492000465066
1999990821000570339
1999989003000684873
1999987041000808479
1999984935000941157
1999982685001082907
1999980291001233729
1999977753001393623
1999975071001562589
1999972245001740627
1999969275001927737
1999966161002123919
1999962903002329173
1999959501002543499
1999955955002766897
1999952270002999052
1999948454003239460
1999944510003487932
1999940438003744468
1999936238004009068
1999931910004281732
1999927454004562460
1999922870004851252
1999918158005148108
1999913318005453028
1999908350005766012
1999903254006087060
1999898030006416172
1999892678006753348
1999887198007098588
1999881590007451892
1999875854007813260
1999869990008182692
1999863998008560188
1999857878008945748
1999851630009339372
1999845254009741060
1999838750010150812
1999832118010568628
1999825358010994508
1999818470011428452
1999811456011870334
1999804318012320028
1999797056012777534
1999789670013242852
1999782160013715982
1999774526014196924
1999766768014685678
1999758886015182244
1999750887015686181
1999742787016196481
1999734595016712577
1999726311017234469
1999717935017762157
1999709467018295641
1999700907018834921
1999692255019379997
1999683511019930869
1999674675020487537
1999665747021050001
1999656727021618261
1999647615022192317
1999638411022772169
1999629115023357817
1999619727023949261
1999610247024546501
1999600675025149537
1999591011025758369
1999581255026372997
1999571407026993421
1999561467027619641
1999551435028251657
1999541311028889469
1999531095029533077
1999520787030182481
1999510387030837681
1999499895031498677
1999489311032165469
1999478635032838057
1999467867033516441
1999457007034200621
1999446055034890597
1999435011035586369
1999423875036287937
1999412647036995301
1999401327037708461
1999389915038427417
1999378411039152169
1999366815039882717
1999355127040619061
1999343347041361201
1999331475042109137
1999319511042862869
1999307469043621515
1999295363044384193
1999283193045150903
1999270959045921645
1999258661046696419
1999246299047475225
1999233873048258063
1999221383049044933
1999208829049835835
1999196211050630769
1999183529051429735
1999170783052232733
1999157973053039763
1999145099053850825
1999132161054665919
1999119159055485045
1999106093056308203
1999092963057135393
1999079769057966615
1999066511058801869
1999053189059641155
1999039803060484473
1999026353061331823
1999012839062183205
1998999261063038619
1998985619063898065
1998971913064761543
1998958143065629053
1998944309066500595
1998930411067376169
1998916449068255775
1998902423069139413
1998888333070027083
1998874179070918785
1998859961071814519
1998845679072714285
1998831333073618083
1998816923074525913
1998802449075437775
1998787911076353669
1998773309077273595
1998758643078197553
1998743913079125543
1998729119080057565
1998714261080993619
1998699339081933705
1998684353082877823
1998669303083825973
1998654189084778155
1998639011085734369
1998623769086694615
1998608463087658893
1998593093088627203
1998577659089599545
1998562161090575919
1998546599091556325
1998530973092540763
1998515283093529233
1998499529094521735
1998483711095518269
1998467829096518835
1998451883097523433
1998435873098532063
1998419799099544725
1998403661100561419
1998387459101582145
1998371193102606903
1998354863103635693
1998338469104668515
1998322011105705369
1998305489106746255
1998288903107791173
1998272253108840123
1998255539109893105
1998238761110950119
1998221919112011165
1998205013113076243
1998188043114145353
1998171009115218495
1998153911116295669
1998136749117376875
1998119523118462113
1998102233119551383
1998084879120644685
1998067461121742019
1998049979122843385
1998032433123948783
1998014823125058213
1997997149126171675
1997979411127289169
1997961609128410695
1997943743129536253
1997925813130665843
1997907819131799465
1997889761132937119
1997871639134078805
1997853453135224523
1997835203136374273
1997816889137528055
1997798511138685869
1997780069139847715
1997761563141013593
1997742993142183503
1997724359143357445
1997705661144535419
1997686899145717425
1997668073146903463
1997649183148093533
1997630229149287635
1997611211150485769
1997592129151687935
1997572983152894133
1997553773154104363
1997534499155318625
1997515161156536919
1997495759157759245
1997476293158985603
1997456763160215993
1997437169161450415
1997417511162688869
1997397789163931355
1997378003165177873
1997358153166428423
1997338239167683005
1997318261168941619
1997298219170204265
1997278113171470943
1997257943172741653
1997237709174016395
1997217411175295169
1997197049176577975
1997176623177864813
1997156133179155683
1997135579180450585
1997114961181749519
1997094279183052485
1997073533184359483
1997052723185670513
1997031849186985575
1997010911188304669
1996989909189627795
1996968843190954953
1996947713192286143
1996926519193621365
1996905261194960619
1996883939196303905
1996862553197651223
1996841103199002573
1996819589200357955
1996798011201717369
1996776369203080815
1996754663204448293
1996732893205819803
1996711059207195345
1996689161208574919
1996667199209958525
1996645173211346163
1996623083212737833
1996600929214133535
1996578711215533269
1996556429216937035
1996534083218344833
1996511673219756663
1996489199221172525
1996466661222592419
1996444059224016345
1996421393225444303
1996398663226876293
1996375869228312315
1996353011229752369
1996330089231196455
1996307103232644573
1996284053234096723
1996260939235552905
1996237761237013119
1996214519238477365
1996191213239945643
1996167843241417953
1996144409242894295
1996120911244374669
1996097349245859075
1996073723247347513
1996050033248839983
1996026279250336485
1996002461251837019
1995978579253341585
1995954633254850183
1995930623256362813
1995906549257879475
1995882411259400169
1995858209260924895
1995833943262453653
1995809613263986443
1995785219265523265
1995760761267064119
1995736239268609005
1995711653270157923
1995687003271710873
1995662289273267855
