1999999916000000000
1999999611000000000
1999999054000000000
1999998308000000000
1999997416000000000
1999996388000000000
1999995224000000000
1999993924000000000
1999992488000000000
1999990916000000000
1999989208000000000
1999987364000000000
1999985384000000000
1999983268000000000
1999981016000000000
1999978628000000000
1999976104000000000
1999973444000000000
1999970648000000000
1999967716000000000
1999964648000000000
1999961444000000000
1999958104000000000
1999954628000000000
1999951016000000000
1999947268000000000
1999943384000000000
1999939364000000000
1999935208000000000
1999930916000000000
1999926488000000000
1999921926000000000
1999917234000000000
1999912414000000000
1999907466000000000
1999902390000000000
1999897186000000000
1999891854000000000
1999886394000000000
1999880806000000000
1999875090000000000
1999869246000000000
1999863274000000000
1999857174000000000
1999850946000000000
1999844590000000000
1999838106000000000
1999831494000000000
1999824754000000000
1999817888000000000
1999810898000000000
1999803784000000000
1999796548000000000
1999789192000000000
1999781716000000000
1999774120000000000
1999766404000000000
1999758568000000000
1999750612000000000
1999742536000000000
1999734340000000000
1999726024000000000
1999717588000000000
1999709032000000000
1999700356000000000
1999691562000000000
1999682654000000000
1999673634000000000
1999664502000000000
1999655258000000000
1999645902000000000
1999636434000000000
1999626854000000000
1999617162000000000
1999607358000000000
1999597442000000000
1999587414000000000
1999577274000000000
1999567022000000000
1999556658000000000
1999546182000000000
1999535594000000000
1999524894000000000
1999514082000000000
1999503158000000000
1999492122000000000
1999480974000000000
1999469714000000000
1999458342000000000
1999446858000000000
1999435262000000000
1999423554000000000
1999411734000000000
1999399802000000000
1999387758000000000
1999375602000000000
1999363334000000000
1999350954000000000
1999338462000000000
1999325858000000000
1999313145000000000
1999300327000000000
1999287405000000000
1999274379000000000
1999261249000000000
1999248015000000000
1999234677000000000
1999221235000000000
1999207689000000000
1999194039000000000
1999180285000000000
1999166427000000000
1999152465000000000
1999138399000000000
1999124229000000000
1999109955000000000
1999095577000000000
1999081095000000000
1999066509000000000
1999051819000000000
1999037025000000000
1999022127000000000
1999007125000000000
1998992019000000000
1998976809000000000
1998961495000000000
1998946077000000000
1998930555000000000
1998914929000000000
1998899199000000000
1998883365000000000
1998867427000000000
1998851385000000000
1998835239000000000
1998818989000000000
1998802635000000000
1998786177000000000
1998769615000000000
1998752949000000000
1998736179000000000
1998719305000000000
1998702327000000000
1998685245000000000
1998668059000000000
1998650769000000000
1998633375000000000
1998615877000000000
1998598275000000000
1998580569000000000
1998562759000000000
1998544845000000000
1998526827000000000
1998508705000000000
1998490479000000000
1998472149000000000
1998453715000000000
1998435177000000000
1998416535000000000
1998397789000000000
1998378939000000000
1998359985000000000
1998340937000000000
1998321815000000000
1998302629000000000
1998283379000000000
1998264065000000000
1998244687000000000
1998225245000000000
1998205739000000000
1998186169000000000
1998166535000000000
1998146837000000000
1998127075000000000
1998107249000000000
1998087359000000000
1998067405000000000
1998047387000000000
1998027305000000000
1998007159000000000
1997986949000000000
1997966675000000000
1997946337000000000
1997925935000000000
1997905469000000000
1997884939000000000
1997864345000000000
1997843687000000000
1997822965000000000
1997802179000000000
1997781329000000000
1997760415000000000
1997739437000000000
1997718395000000000
1997697289000000000
1997676119000000000
1997654885000000000
1997633587000000000
1997612225000000000
1997590799000000000
1997569309000000000
1997547755000000000
1997526137000000000
1997504455000000000
1997482709000000000
1997460899000000000
1997439025000000000
1997417087000000000
1997395085000000000
1997373019000000000
1997350889000000000
1997328695000000000
1997306437000000000
1997284115000000000
1997261729000000000
1997239279000000000
1997216765000000000
1997194187000000000
1997171545000000000
1997148839000000000
1997126069000000000
1997103235000000000
1997080337000000000
1997057375000000000
1997034349000000000
1997011259000000000
1996988105000000000
1996964887000000000
1996941605000000000
1996918259000000000
1996894849000000000
1996871375000000000
1996847837000000000
1996824235000000000
1996800569000000000
1996776839000000000
1996753045000000000
1996729187000000000
1996705265000000000
1996681279000000000
1996657229000000000
1996633115000000000
1996608937000000000
1996584695000000000
1996560389000000000
1996536019000000000
1996511585000000000
1996487087000000000
1996462525000000000
1996437899000000000
1996413209000000000
1996388455000000000
1996363639000000000
1996338763000000000
1996313827000000000
1996288831000000000
1996263775000000000
1996238659000000000
1996213483000000000
1996188247000000000
1996162951000000000
1996137595000000000
1996112179000000000
1996086703000000000
1996061167000000000
1996035571000000000
1996009915000000000
1995984199000000000
1995958423000000000
1995932587000000000
1995906691000000000
1995880735000000000
1995854719000000000
1995828643000000000
1995802507000000000
1995776311000000000
1995750055000000000
1995723739000000000
1995697363000000000
1995670927000000000
1995644431000000000
1995617875000000000
1995591259000000000
1995564583000000000
1995537847000000000
1995511051000000000
1995484195000000000
1995457279000000000
1995430303000000000
1995403267000000000
1995376171000000000
1995349015000000000
1995321799000000000
1995294523000000000
1995267187000000000
1995239791000000000
1995212335000000000
1995184819000000000
1995157243000000000
1995129607000000000
1995101911000000000
