1999999925000000000
1999999676000000000
1999999232000000000
1999998606000000000
1999997800000000000
1999996814000000000
1999995650000000000
1999994315000000000
1999992822000000000
1999991184000000000
1999989406000000000
1999987488000000000
1999985430000000000
1999983232000000000
1999980894000000000
1999978416000000000
1999975798000000000
1999973040000000000
1999970142000000000
1999967104000000000
1999963926000000000
1999960608000000000
1999957150000000000
1999953552000000000
1999949814000000000
1999945936000000000
1999941918000000000
1999937760000000000
1999933462000000000
1999929026000000000
1999924454000000000
1999919746000000000
1999914902000000000
1999909922000000000
1999904806000000000
1999899554000000000
1999894174000000000
1999888684000000000
1999883094000000000
1999877404000000000
1999871614000000000
1999865724000000000
1999859734000000000
1999853644000000000
1999847454000000000
1999841164000000000
1999834776000000000
1999828292000000000
1999821712000000000
1999815036000000000
1999808264000000000
1999801396000000000
1999794432000000000
1999787372000000000
1999780217000000000
1999772969000000000
1999765629000000000
1999758197000000000
1999750673000000000
1999743057000000000
1999735349000000000
1999727549000000000
1999719657000000000
1999711673000000000
1999703597000000000
1999695429000000000
1999687169000000000
1999678817000000000
1999670373000000000
1999661837000000000
1999653209000000000
1999644489000000000
1999635677000000000
1999626773000000000
1999617777000000000
1999608689000000000
1999599509000000000
1999590237000000000
1999580873000000000
1999571417000000000
1999561869000000000
1999552229000000000
1999542497000000000
1999532673000000000
1999522757000000000
1999512749000000000
1999502649000000000
1999492457000000000
1999482173000000000
1999471797000000000
1999461329000000000
1999450769000000000
1999440117000000000
1999429373000000000
1999418537000000000
1999407609000000000
1999396589000000000
1999385477000000000
1999374273000000000
1999362977000000000
1999351595000000000
1999340133000000000
1999328591000000000
1999316969000000000
1999305267000000000
1999293485000000000
1999281623000000000
1999269681000000000
1999257659000000000
1999245557000000000
1999233375000000000
1999221113000000000
1999208771000000000
1999196349000000000
1999183847000000000
1999171265000000000
1999158603000000000
1999145861000000000
1999133039000000000
1999120137000000000
1999107155000000000
1999094093000000000
1999080951000000000
1999067729000000000
1999054427000000000
1999041045000000000
1999027583000000000
1999014041000000000
1999000419000000000
1998986717000000000
1998972935000000000
1998959073000000000
1998945131000000000
1998931109000000000
1998917007000000000
1998902825000000000
1998888563000000000
1998874221000000000
1998859799000000000
1998845297000000000
1998830715000000000
1998816053000000000
1998801311000000000
1998786489000000000
1998771587000000000
1998756605000000000
1998741543000000000
1998726401000000000
1998711179000000000
1998695877000000000
1998680495000000000
1998665033000000000
1998649491000000000
1998633869000000000
1998618167000000000
1998602385000000000
1998586523000000000
1998570581000000000
1998554559000000000
1998538457000000000
1998522275000000000
1998506013000000000
1998489671000000000
1998473249000000000
1998456747000000000
1998440165000000000
1998423503000000000
1998406761000000000
1998389939000000000
1998373037000000000
1998356055000000000
1998338993000000000
1998321851000000000
1998304629000000000
1998287327000000000
1998269945000000000
1998252483000000000
1998234941000000000
1998217319000000000
1998199617000000000
1998181835000000000
1998163973000000000
1998146031000000000
1998128009000000000
1998109907000000000
1998091725000000000
1998073463000000000
1998055121000000000
1998036699000000000
1998018197000000000
1997999615000000000
1997980953000000000
1997962211000000000
1997943389000000000
1997924487000000000
1997905505000000000
1997886443000000000
1997867301000000000
1997848079000000000
1997828777000000000
1997809395000000000
1997789933000000000
1997770391000000000
1997750769000000000
1997731067000000000
1997711285000000000
1997691423000000000
1997671481000000000
1997651459000000000
1997631357000000000
1997611175000000000
1997590913000000000
1997570571000000000
1997550149000000000
1997529647000000000
1997509065000000000
1997488403000000000
1997467661000000000
1997446839000000000
1997425937000000000
1997404955000000000
1997383893000000000
1997362751000000000
1997341529000000000
1997320227000000000
1997298845000000000
1997277383000000000
1997255841000000000
1997234219000000000
1997212517000000000
1997190735000000000
1997168873000000000
1997146931000000000
1997124909000000000
1997102807000000000
1997080625000000000
1997058363000000000
1997036021000000000
1997013599000000000
1996991097000000000
1996968515000000000
1996945853000000000
1996923111000000000
1996900289000000000
1996877387000000000
1996854405000000000
1996831343000000000
1996808201000000000
1996784979000000000
1996761677000000000
1996738295000000000
1996714833000000000
1996691291000000000
1996667669000000000
1996643967000000000
1996620185000000000
1996596323000000000
1996572381000000000
1996548359000000000
1996524257000000000
1996500075000000000
1996475813000000000
1996451471000000000
1996427049000000000
1996402547000000000
1996377965000000000
1996353303000000000
1996328561000000000
1996303739000000000
1996278837000000000
1996253855000000000
1996228793000000000
1996203651000000000
1996178429000000000
1996153127000000000
1996127745000000000
1996102283000000000
1996076741000000000
1996051119000000000
1996025417000000000
1995999635000000000
1995973773000000000
1995947831000000000
1995921809000000000
1995895707000000000
1995869525000000000
1995843263000000000
1995816921000000000
1995790499000000000
1995763997000000000
1995737415000000000
1995710753000000000
1995684011000000000
1995657189000000000
1995630287000000000
1995603305000000000
1995576243000000000
1995549101000000000
1995521879000000000
1995494577000000000
