1999999738000000000
1999998742000000000
1999996980000000000
1999994820000000000
1999992444000000000
1999989879000000000
1999987177000000000
1999984363000000000
1999981437000000000
1999978399000000000
1999975249000000000
1999971987000000000
1999968613000000000
1999965127000000000
1999961529000000000
1999957819000000000
1999953997000000000
1999950063000000000
1999946017000000000
1999941859000000000
1999937589000000000
1999933207000000000
1999928713000000000
1999924107000000000
1999919389000000000
1999914559000000000
1999909617000000000
1999904563000000000
1999899397000000000
1999894119000000000
1999888729000000000
1999883227000000000
1999877613000000000
1999871887000000000
1999866049000000000
1999860099000000000
1999854037000000000
1999847863000000000
1999841577000000000
1999835179000000000
1999828669000000000
1999822047000000000
1999815313000000000
1999808467000000000
1999801509000000000
1999794439000000000
1999787257000000000
1999779963000000000
1999772557000000000
1999765039000000000
1999757409000000000
1999749667000000000
1999741813000000000
1999733847000000000
1999725769000000000
1999717579000000000
1999709277000000000
1999700863000000000
1999692337000000000
1999683699000000000
1999674949000000000
1999666087000000000
1999657113000000000
1999648027000000000
1999638829000000000
1999629519000000000
1999620097000000000
1999610563000000000
1999600917000000000
1999591159000000000
1999581289000000000
1999571307000000000
1999561213000000000
1999551007000000000
1999540689000000000
1999530259000000000
1999519717000000000
1999509063000000000
1999498297000000000
1999487419000000000
1999476429000000000
1999465327000000000
1999454113000000000
1999442787000000000
1999431349000000000
1999419799000000000
1999408137000000000
1999396363000000000
1999384477000000000
1999372479000000000
1999360369000000000
1999348147000000000
1999335813000000000
1999323367000000000
1999310809000000000
1999298139000000000
1999285357000000000
1999272463000000000
1999259457000000000
1999246339000000000
1999233109000000000
1999219767000000000
1999206313000000000
1999192747000000000
1999179069000000000
1999165279000000000
1999151377000000000
1999137363000000000
1999123237000000000
1999108999000000000
1999094649000000000
1999080187000000000
1999065613000000000
1999050927000000000
1999036129000000000
1999021219000000000
1999006197000000000
1998991063000000000
1998975817000000000
1998960459000000000
1998944989000000000
1998929407000000000
1998913713000000000
1998897907000000000
1998881989000000000
1998865959000000000
1998849817000000000
1998833563000000000
1998817197000000000
1998800719000000000
1998784137000000000
1998767459000000000
1998750685000000000
1998733815000000000
1998716849000000000
1998699787000000000
1998682629000000000
1998665375000000000
1998648025000000000
1998630579000000000
1998613037000000000
1998595399000000000
1998577665000000000
1998559835000000000
1998541909000000000
1998523887000000000
1998505769000000000
1998487555000000000
1998469245000000000
1998450839000000000
1998432337000000000
1998413739000000000
1998395045000000000
1998376255000000000
1998357369000000000
1998338387000000000
1998319309000000000
1998300135000000000
1998280865000000000
1998261499000000000
1998242037000000000
1998222479000000000
1998202825000000000
1998183075000000000
1998163229000000000
1998143287000000000
1998123249000000000
1998103115000000000
1998082885000000000
1998062559000000000
1998042137000000000
1998021619000000000
1998001005000000000
1997980295000000000
1997959489000000000
1997938587000000000
1997917589000000000
1997896495000000000
1997875305000000000
1997854019000000000
1997832637000000000
1997811159000000000
1997789585000000000
1997767915000000000
1997746149000000000
1997724287000000000
1997702329000000000
1997680275000000000
1997658125000000000
1997635879000000000
1997613537000000000
1997591099000000000
1997568565000000000
1997545935000000000
1997523209000000000
1997500387000000000
1997477469000000000
1997454455000000000
1997431345000000000
1997408139000000000
1997384837000000000
1997361439000000000
1997337945000000000
1997314355000000000
1997290669000000000
1997266887000000000
1997243009000000000
1997219035000000000
1997194965000000000
1997170799000000000
1997146537000000000
1997122179000000000
1997097725000000000
1997073175000000000
1997048529000000000
1997023787000000000
1996998949000000000
1996974015000000000
1996948985000000000
1996923859000000000
1996898637000000000
1996873319000000000
1996847905000000000
1996822395000000000
1996796789000000000
1996771087000000000
1996745289000000000
1996719395000000000
1996693405000000000
1996667319000000000
1996641137000000000
1996614859000000000
1996588485000000000
1996562015000000000
1996535449000000000
1996508787000000000
1996482029000000000
1996455175000000000
1996428225000000000
1996401179000000000
1996374037000000000
1996346799000000000
1996319465000000000
1996292035000000000
1996264509000000000
1996236887000000000
1996209169000000000
1996181355000000000
1996153445000000000
1996125439000000000
1996097337000000000
1996069139000000000
1996040845000000000
1996012455000000000
1995983969000000000
1995955387000000000
1995926709000000000
1995897935000000000
1995869065000000000
1995840099000000000
1995811037000000000
1995781879000000000
1995752625000000000
1995723275000000000
1995693829000000000
1995664287000000000
1995634649000000000
1995604915000000000
1995575085000000000
1995545159000000000
1995515137000000000
1995485019000000000
1995454805000000000
1995424495000000000
1995394089000000000
1995363587000000000
1995332989000000000
1995302295000000000
1995271505000000000
1995240619000000000
1995209637000000000
1995178559000000000
1995147385000000000
1995116115000000000
1995084749000000000
1995053287000000000
1995021729000000000
1994990075000000000
1994958325000000000
1994926479000000000
1994894537000000000
1994862499000000000
1994830365000000000
1994798135000000000
1994765809000000000
1994733387000000000
1994700869000000000
1994668255000000000
1994635545000000000
1994602739000000000
