1999999910000000000
1999999604000000000
1999999057000000000
1999998295000000000
1999997325000000000
1999996147000000000
1999994761000000000
1999993167000000000
1999991365000000000
1999989355000000000
1999987137000000000
1999984711000000000
1999982077000000000
1999979246000000000
1999976238000000000
1999973064000000000
1999969741000000000
1999966301000000000
1999962761000000000
1999959121000000000
1999955381000000000
1999951541000000000
1999947601000000000
1999943561000000000
1999939421000000000
1999935181000000000
1999930841000000000
1999926401000000000
1999921861000000000
1999917221000000000
1999912481000000000
1999907641000000000
1999902701000000000
1999897661000000000
1999892521000000000
1999887281000000000
1999881941000000000
1999876501000000000
1999870961000000000
1999865321000000000
1999859581000000000
1999853741000000000
1999847801000000000
1999841761000000000
1999835621000000000
1999829381000000000
1999823041000000000
1999816601000000000
1999810061000000000
1999803421000000000
1999796681000000000
1999789841000000000
1999782901000000000
1999775861000000000
1999768721000000000
1999761481000000000
1999754141000000000
1999746701000000000
1999739161000000000
1999731521000000000
1999723781000000000
1999715941000000000
1999708001000000000
1999699961000000000
1999691821000000000
1999683581000000000
1999675241000000000
1999666801000000000
1999658261000000000
1999649621000000000
1999640881000000000
1999632041000000000
1999623101000000000
1999614061000000000
1999604921000000000
1999595681000000000
1999586341000000000
1999576901000000000
1999567361000000000
1999557721000000000
1999547981000000000
1999538141000000000
1999528201000000000
1999518161000000000
1999508021000000000
1999497781000000000
1999487441000000000
1999477001000000000
1999466461000000000
1999455821000000000
1999445081000000000
1999434241000000000
1999423301000000000
1999412261000000000
1999401121000000000
1999389881000000000
1999378541000000000
1999367101000000000
1999355561000000000
1999343921000000000
1999332181000000000
1999320341000000000
1999308401000000000
1999296361000000000
1999284221000000000
1999271981000000000
1999259641000000000
1999247201000000000
1999234661000000000
1999222021000000000
1999209281000000000
1999196441000000000
1999183501000000000
1999170461000000000
1999157321000000000
1999144081000000000
1999130741000000000
1999117301000000000
1999103761000000000
1999090121000000000
1999076381000000000
1999062541000000000
1999048601000000000
1999034561000000000
1999020421000000000
1999006181000000000
1998991841000000000
1998977401000000000
1998962861000000000
1998948221000000000
1998933481000000000
1998918641000000000
1998903703000000000
1998888669000000000
1998873539000000000
1998858313000000000
1998842991000000000
1998827573000000000
1998812059000000000
1998796449000000000
1998780743000000000
1998764941000000000
1998749043000000000
1998733049000000000
1998716959000000000
1998700776000000000
1998684506000000000
1998668152000000000
1998651714000000000
1998635192000000000
1998618586000000000
1998601896000000000
1998585122000000000
1998568264000000000
1998551322000000000
1998534296000000000
1998517186000000000
1998499992000000000
1998482714000000000
1998465352000000000
1998447906000000000
1998430376000000000
1998412762000000000
1998395064000000000
1998377282000000000
1998359416000000000
1998341466000000000
1998323432000000000
1998305314000000000
1998287112000000000
1998268826000000000
1998250456000000000
1998232002000000000
1998213464000000000
1998194842000000000
1998176136000000000
1998157346000000000
1998138472000000000
1998119514000000000
1998100472000000000
1998081346000000000
1998062136000000000
1998042842000000000
1998023464000000000
1998004002000000000
1997984456000000000
1997964826000000000
1997945112000000000
1997925314000000000
1997905432000000000
1997885466000000000
1997865416000000000
1997845282000000000
1997825064000000000
1997804762000000000
1997784376000000000
1997763906000000000
1997743352000000000
1997722714000000000
1997701992000000000
1997681186000000000
1997660296000000000
1997639322000000000
1997618264000000000
1997597122000000000
1997575896000000000
1997554586000000000
1997533192000000000
1997511714000000000
1997490152000000000
1997468506000000000
1997446776000000000
1997424962000000000
1997403064000000000
1997381082000000000
1997359016000000000
1997336866000000000
1997314632000000000
1997292314000000000
1997269912000000000
1997247426000000000
1997224856000000000
1997202202000000000
1997179464000000000
1997156642000000000
1997133736000000000
1997110746000000000
1997087672000000000
1997064514000000000
1997041272000000000
1997017946000000000
1996994536000000000
1996971042000000000
1996947464000000000
1996923802000000000
1996900056000000000
1996876226000000000
1996852312000000000
1996828314000000000
1996804232000000000
1996780066000000000
1996755816000000000
1996731482000000000
1996707064000000000
1996682562000000000
1996657976000000000
1996633306000000000
1996608552000000000
1996583714000000000
1996558792000000000
1996533786000000000
1996508696000000000
1996483522000000000
1996458264000000000
1996432922000000000
1996407496000000000
1996381986000000000
1996356392000000000
1996330714000000000
1996304952000000000
1996279106000000000
1996253176000000000
1996227162000000000
1996201064000000000
1996174882000000000
1996148616000000000
1996122266000000000
1996095832000000000
1996069314000000000
1996042712000000000
1996016026000000000
1995989260000000000
1995962420000000000
1995935508000000000
1995908524000000000
1995881468000000000
1995854340000000000
1995827140000000000
1995799868000000000
1995772524000000000
1995745108000000000
1995717620000000000
1995690060000000000
1995662428000000000
1995634724000000000
1995606948000000000
1995579100000000000
1995551180000000000
1995523188000000000
1995495124000000000
1995466988000000000
1995438780000000000
1995410500000000000
1995382148000000000
1995353724000000000
1995325228000000000
1995296660000000000
1995268020000000000
1995239308000000000
1995210524000000000
