1999999319000034965
1999997917000123291
1999995699000263025
1999992945000436527
1999989657000643671
1999985838000884268
1999981492001158066
1999976622001464876
1999971228001804698
1999965310002177532
1999958868002583378
1999951902003022236
1999944412003494106
1999936398003998988
1999927869004536315
1999918841005105079
1999909321005704839
1999899309006335595
1999888805006997347
1999877809007690095
1999866321008413839
1999854341009168579
1999841869009954315
1999828905010771047
1999815449011618775
1999801501012497499
1999787061013407219
1999772129014347935
1999756705015319647
1999740789016322355
1999724381017356059
1999707481018420759
1999690089019516455
1999672205020643147
1999653829021800835
1999634961022989519
1999615601024209199
1999595749025459875
1999575405026741547
1999554569028054215
1999533241029397879
1999511421030772539
1999489109032178195
1999466305033614847
1999443009035082495
1999419221036581139
1999394941038110779
1999370169039671415
1999344905041263047
1999319149042885675
1999292901044539299
1999266161046223919
1999238929047939535
1999211205049686147
1999182989051463755
1999154281053272359
1999125081055111959
1999095389056982555
1999065205058884147
1999034529060816735
1999003361062780319
1998971701064774899
1998939549066800475
1998906905068857047
1998873769070944615
1998840141073063179
1998806021075212739
1998771409077393295
1998736305079604847
1998700709081847395
1998664621084120939
1998628041086425479
1998590969088761015
1998553405091127547
1998515349093525075
1998476801095953599
1998437761098413119
1998398229100903635
1998358205103425147
1998317689105977655
1998276681108561159
1998235181111175659
1998193189113821155
1998150705116497647
1998107729119205135
1998064261121943619
1998020301124713099
1997975849127513575
1997930905130345047
1997885469133207515
1997839541136100979
1997793121139025439
1997746209141980895
1997698805144967347
1997650909147984795
1997602521151033239
1997553641154112679
1997504269157223115
1997454405160364547
1997404049163536975
1997353201166740399
1997301861169974819
1997250029173240235
1997197705176536647
1997144889179864055
1997091581183222459
1997037781186611859
1996983489190032255
1996928705193483647
1996873429196966035
1996817661200479419
1996761401204023799
1996704649207599175
1996647405211205547
1996589669214842915
1996531441218511279
1996472721222210639
1996413511225940869
1996353813229701843
1996293627233493561
1996232953237316023
1996171791241169229
1996110141245053179
1996048003248967873
1995985377252913311
1995922263256889493
1995858661260896419
1995794571264934089
1995729993269002503
1995664927273101661
1995599373277231563
1995533332281392146
1995466808285583158
1995399804289804410
1995332320294055902
1995264356298337634
1995195912302649606
1995126988306991818
1995057584311364270
1994987700315766962
1994917336320199894
1994846492324663066
1994775168329156478
1994703364333680130
1994631080338234022
1994558316342818154
1994485072347432526
1994411348352077138
1994337144356751990
1994262460361457082
1994187296366192414
1994111652370957986
1994035528375753798
1993958924380579850
1993881840385436142
1993804276390322674
1993726232395239446
1993647708400186458
1993568704405163710
1993489220410171202
1993409256415208934
1993328812420276906
1993247888425375118
1993166484430503570
1993084600435662262
1993002236440851194
1992919392446070366
1992836068451319778
1992752264456599430
1992667980461909322
1992583216467249454
1992497972472619826
1992412248478020438
1992326044483451290
1992239360488912382
1992152196494403714
1992064552499925286
1991976428505477098
1991887824511059150
1991798740516671442
1991709176522313974
1991619132527986746
1991528608533689758
1991437604539423010
1991346120545186502
1991254156550980234
1991161712556804206
1991068788562658418
1990975384568542870
1990881500574457562
1990787136580402494
1990692292586377666
1990596968592383078
1990501164598418730
1990404880604484622
1990308116610580754
1990210872616707126
1990113148622863738
1990014944629050590
1989916260635267682
1989817096641515014
1989717452647792586
1989617328654100398
1989516724660438450
1989415640666806742
1989314076673205274
1989212032679634046
1989109508686093058
1989006504692582310
1988903020699101802
1988799056705651534
1988694612712231506
1988589688718841718
1988484284725482170
1988378400732152862
1988272036738853794
1988165192745584966
1988057868752346378
1987950064759138030
1987841780765959922
1987733016772812054
1987623772779694426
1987514048786607038
1987403844793549890
1987293160800522982
1987181996807526314
1987070352814559886
1986958228821623698
1986845624828717750
1986732540835842042
1986618976842996574
1986504932850181346
1986390408857396358
1986275404864641610
1986159920871917102
1986043956879222834
1985927512886558806
1985810588893925018
1985693184901321470
1985575300908748162
1985456936916205094
1985338092923692266
1985218768931209678
1985098964938757330
1984978680946335222
1984857916953943354
1984736672961581726
1984614948969250338
1984492744976949190
1984370060984678282
1984246896992437614
1984123253000227186
1983999129008046998
1983874525015897050
1983749441023777342
1983623877031687874
1983497833039628646
1983371309047599658
1983244305055600910
1983116821063632402
1982988857071694134
1982860413079786106
1982731489087908318
1982602085096060770
1982472201104243462
1982341837112456394
1982210993120699566
1982079669128972978
1981947865137276630
1981815581145610522
1981682817153974654
1981549573162369026
1981415849170793638
1981281645179248490
1981146961187733582
1981011797196248914
1980876153204794486
1980740140213363305
1980603980221941385
1980467784230521733
1980331552239104349
1980195284247689233
1980058980256276385
1979922640264865805
1979786264273457493
1979649852282051449
1979513404290647673
1979376920299246165
1979240400307846925
1979103844316449953
1978967252325055249
1978830624333662813
1978693960342272645
1978557260350884745
1978420524359499113
1978283752368115749
1978146944376734653
1978010100385355825
1977873220393979265
1977736304402604973
