1999999670000012852
1999999409000029295
1999998939000058905
1999998279000100485
1999997447000152901
1999996451000215649
1999995291000288729
1999993981000371259
1999992535000462357
1999990953000562023
1999989235000670257
1999987381000787059
1999985391000912429
1999983265001046367
1999981003001188873
1999978605001339947
1999976071001499589
1999973401001667799
1999970595001844577
1999967653002029923
1999964575002223837
1999961361002426319
1999958011002637369
1999954525002856987
1999950903003085173
1999947148003321738
1999943266003566304
1999939260003818682
1999935130004078872
1999930876004346874
1999926498004622688
1999921996004906314
1999917370005197752
1999912620005497002
1999907746005804064
1999902748006118938
1999897626006441624
1999892380006772122
1999887010007110432
1999881516007456554
1999875898007810488
1999870156008172234
1999864290008541792
1999858300008919162
1999852186009304344
1999845948009697338
1999839586010098144
1999833100010506762
1999826490010923192
1999819756011347434
1999812898011779488
1999805917012219291
1999798815012666717
1999791593013121703
1999784251013584249
1999776789014054355
1999769207014532021
1999761505015017247
1999753685015509907
1999745749016009875
1999737697016517151
1999729529017031735
1999721245017553627
1999712845018082827
1999704329018619335
1999695697019163151
1999686949019714275
1999678085020272707
1999669105020838447
1999660009021411495
1999650797021991851
1999641469022579515
1999632025023174487
1999622465023776767
1999612789024386355
1999602997025003251
1999593089025627455
1999583065026258967
1999572929026897535
1999562689027542655
1999552349028194075
1999541909028851795
1999531369029515815
1999520729030186135
1999509989030862755
1999499149031545675
1999488209032234895
1999477169032930415
1999466029033632235
1999454789034340355
1999443449035054775
1999432009035775495
1999420469036502515
1999408829037235835
1999397089037975455
1999385249038721375
1999373309039473595
1999361269040232115
1999349129040996935
1999336889041768055
1999324549042545475
1999312109043329195
1999299569044119215
1999286929044915535
1999274189045718155
1999261349046527075
1999248409047342295
1999235369048163815
1999222229048991635
1999208989049825755
1999195651050666049
1999182217051512391
1999168687052364781
1999155061053223219
1999141339054087705
1999127521054958239
1999113607055834821
1999099597056717451
1999085491057606129
1999071289058500855
1999056991059401629
1999042597060308451
1999028107061221321
1999013521062140239
1998998839063065205
1998984061063996219
1998969187064933281
1998954217065876391
1998939151066825549
1998923989067780755
1998908731068742009
1998893377069709311
1998877927070682661
1998862381071662059
1998846739072647505
1998831001073638999
1998815167074636541
1998799237075640131
1998783211076649769
1998767089077665455
1998750871078687189
1998734557079714971
1998718147080748801
1998701641081788679
1998685039082834605
1998668341083886579
1998651547084944601
1998634657086008671
1998617671087078789
1998600589088154955
1998583411089237169
1998566137090325431
1998548767091419741
1998531301092520099
1998513739093626505
1998496081094738959
1998478327095857461
1998460477096982011
1998442531098112609
1998424489099249255
1998406351100391949
1998388117101540691
1998369787102695481
1998351361103856319
1998332839105023205
1998314221106196139
1998295507107375121
1998276699108560025
1998257799109750725
1998238807110947221
1998219723112149513
1998200547113357601
1998181279114571485
1998161919115791165
1998142467117016641
1998122923118247913
1998103287119484981
1998083559120727845
1998063739121976505
1998043827123230961
1998023823124491213
1998003727125757261
1997983539127029105
1997963259128306745
1997942887129590181
1997922423130879413
1997901867132174441
1997881219133475265
1997860479134781885
1997839647136094301
1997818723137412513
1997797707138736521
1997776599140066325
1997755399141401925
1997734107142743321
1997712723144090513
1997691247145443501
1997669679146802285
1997648019148166865
1997626267149537241
1997604423150913413
1997582487152295381
1997560459153683145
1997538339155076705
1997516127156476061
1997493823157881213
1997471427159292161
1997448939160708905
1997426359162131445
1997403687163559781
1997380923164993913
1997358067166433841
1997335119167879565
1997312079169331085
1997288947170788401
1997265723172251513
1997242407173720421
1997218999175195125
1997195499176675625
1997171907178161921
1997148223179654013
1997124447181151901
1997100579182655585
1997076619184165065
1997052567185680341
1997028423187201413
1997004187188728281
1996979859190260945
1996955439191799405
1996930927193343661
1996906323194893713
1996881627196449561
1996856839198011205
1996831959199578645
1996806987201151881
1996781923202730913
1996756767204315741
1996731519205906365
1996706179207502785
1996680747209105001
1996655223210713013
1996629607212326821
1996603899213946425
1996578099215571825
1996552207217203021
1996526223218840013
1996500147220482801
1996473979222131385
1996447719223785765
1996421367225445941
1996394923227111913
1996368387228783681
1996341759230461245
1996315039232144605
1996288227233833761
1996261323235528713
1996234327237229461
1996207239238936005
1996180059240648345
1996152787242366481
1996125423244090413
1996097967245820141
1996070419247555665
1996042779249296985
1996015047251044101
1995987223252797013
1995959307254555721
1995931299256320225
1995903199258090525
1995875007259866621
1995846723261648513
1995818347263436201
1995789879265229685
1995761319267028965
1995732667268834041
1995703923270644913
1995675093272461203
1995646183274282533
1995617193276108903
1995588123277940313
1995558973279776763
1995529743281618253
1995500433283464783
1995471043285316353
1995441573287172963
1995412023289034613
1995382393290901303
1995352683292773033
1995322893294649803
1995293023296531613
1995263073298418463
1995233043300310353
1995202933302207283
1995172743304109253
1995142473306016263
1995112123307928313
1995081693309845403
1995051183311767533
1995020593313694703
1994989923315626913
