105221543130799200
105221482806384000
105221373396703200
105221218801053600
105221021542509600
105220782997293600
105220503165405600
105220182046845600
105219819641613600
105219415949709600
105218970971133600
105218484705885600
105217957153965600
105217389462225600
105216783006888000
105216138017323200
105215454493531200
105214733352993600
105213975513192000
105213180974126400
105212349735796800
105211481798203200
105210577161345600
105209635825224000
105208657789838400
105207643055188800
105206591621275200
105205503488097600
105204378885026400
105203218270802400
105202021874796000
105200789697007200
105199521737436000
105198217996082400
105196878472946400
105195503168028000
105194092081327200
105192645212844000
105191162562578400
105189644130530400
105188089916700000
105186500379828000
105184875978655200
105183216713181600
105181522583407200
105179793589332000
105178029730956000
105176232155131200
105174403614302400
105172545714062400
105170658454411200
105168741835348800
105166795856875200
105164820518990400
105162815821694400
105160781764987200
105158718348868800
105156625573339200
105154503438398400
105152351944046400
105150171090283200
105147960877108800
105145721304523200
105143452372526400
105141154081118400
105138826430299200
105136469420068800
105134083050427200
105131667321374400
105129223609132800
105126754666147200
105124261868640000
105121745216611200
105119204710060800
105116640348988800
105114052133395200
105111440063280000
105108804138643200
105106144359484800
105103460725804800
105100753237603200
105098021894880000
105095266697635200
105092487645868800
105089684739580800
105086857978771200
105084007363440000
105081132893587200
105078234569212800
105075312390316800
105072366356899200
105069396468960000
105066402726499200
105063385129516800
105060343678012800
105057278371987200
105054189211440000
105051076196371200
105047939326780800
105044778602668800
105041594024035200
105038385590880000
105035153303203200
105031897161004800
105028617164284800
105025313313043200
105021985607280000
105018634046995200
105015258632188800
105011859362860800
105008436239011200
105004989260640000
105001518427747200
104998023740332800
104994505198396800
104990962801939200
104987396550960000
104983806445459200
104980192485436800
104976554670892800
104972893001827200
104969207478240000
104965498100131200
104961764867500800
104958007780348800
104954226838675200
104950422042480000
104946593391763200
104942740886524800
104938864526764800
104934964312483200
104931040243680000
104927092320355200
104923120542508800
104919124910140800
104915105423251200
104911062081840000
104906994885907200
104902903835452800
104898788930476800
104894650170979200
104890487556960000
104886301088419200
104882090765356800
104877856587772800
104873598555667200
104869316669040000
104865010927891200
104860681332220800
104856327882028800
104851950577315200
104847549418080000
104843124404323200
104838675536044800
104834202813244800
104829706235923200
104825185804080000
104820641517715200
104816073376828800
104811481381420800
104806865531491200
104802225827040000
104797562268067200
104792874854572800
104788163586556800
104783428464019200
104778669486960000
104773886655379200
104769079969276800
104764249428652800
104759395033507200
104754516783840000
104749614679651200
104744688720940800
104739738907708800
104734765239955200
104729767717680000
104724746340883200
104719701109564800
104714632023724800
104709539083363200
104704422288480000
104699281639075200
104694117135148800
104688928776700800
104683716563731200
104678480496240000
104673220574227200
104667936797692800
104662629166636800
104657297681059200
104651942340960000
104646563146339200
104641160097196800
104635733193532800
104630282435347200
104624807822640000
104619309355411200
104613787033660800
104608240857388800
104602670826595200
104597076941280000
104591459201443200
104585817607084800
104580152158204800
104574462854803200
104568749696880000
104563012684435200
104557251817468800
104551467095980800
104545658519971200
104539826089440000
104533969804387200
104528089664812800
104522185670716800
104516257822099200
104510306118960000
104504330561299200
104498331149116800
104492307882412800
104486260761187200
104480189785440000
104474094955171200
104467976270380800
104461833731068800
104455667337235200
104449477088880000
104443262986003200
104437025028604800
104430763216684800
104424477550243200
104418168029280000
104411834653795200
104405477423788800
104399096339260800
104392691400211200
104386262606640000
104379809958547200
104373333455932800
104366833098796800
104360308887139200
104353760820960000
104347188900259200
104340593125036800
104333973495292800
104327330011027200
104320662672240000
104313971478931200
104307256431100800
104300517528748800
104293754771875200
104286968160480000
104280157694563200
104273323374124800
104266465199164800
104259583169683200
104252677285680000
104245747547155200
104238793954108800
104231816506540800
104224815204451200
104217790047840000
104210741036707200
104203668171052800
104196571450876800
104189450876179200
104182306446960000
104175138163219200
104167946024956800
104160730032172800
104153490184867200
104146226483040000
104138938926691200
104131627515820800
104124292250428800
104116933130515200
104109550156080000
104102143327123200
104094712643644800
104087258105644800
104079779713123200
104072277466080000
104064751364515200
104057201408428800
104049627597820800
104042029932691200
104034408413040000
104026763038867200
104019093810172800
104011400726956800
104003683789219200
103995942996960000
103988178350179200
103980389848876800
103972577493052800
103964741282707200
103956881217840000
103948997298451200
103941089524540800
103933158813590400
