148909822782336000
145486538754480000
142063234967808000
138639935571984000
135216640567008000
131793349952880000
128370063729600000
124946781897168000
121523504455584000
118100231404848000
114676962744960000
111253698475920000
107830438597728000
104407183110384000
100983932013888000
97560685308240000
94137442993440000
90714205069488000
87290971536384000
83867742394128000
80444517642720000
77021297282160000
73598081312448000
70174869733584000
66751662545568000
63328459748400000
59905261342080000
56482067326608000
53058877701984000
49635692468208000
46212511625280000
42789335173200000
39366163111968000
35942995441584000
32519832162048000
29096673273360000
25673518775520000
22250368668528000
18827222952384000
15404081627088000
11980944692640000
8557812149040000
5134683996288000
1711560234384000
0
0
0
0
0
0
0
0
0
0
0
0
0
0
0
0
0
0
0
0
0
0
0
0
0
0
0
0
0
0
0
0
0
0
0
0
0
0
0
0
0
0
0
0
0
0
0
0
0
0
0
0
0
0
0
0
0
0
0
0
0
0
0
0
0
0
0
0
0
0
0
0
0
0
0
0
0
0
0
0
0
0
0
0
0
0
0
0
0
0
0
0
0
0
0
0
0
0
0
0
0
0
0
0
0
0
0
0
0
0
0
0
0
0
0
0
0
0
0
0
0
0
0
0
0
0
0
0
0
0
0
0
0
0
0
0
0
0
0
0
0
0
0
0
0
0
0
0
0
0
0
0
0
0
0
0
0
0
0
0
0
0
0
0
0
0
0
0
0
0
0
0
0
0
0
0
0
0
0
0
0
0
0
0
0
0
0
0
0
0
0
0
0
0
0
0
0
0
0
0
0
0
0
0
0
0
0
0
0
0
0
0
0
0
0
0
0
0
0
0
0
0
0
0
0
0
0
0
0
0
0
0
0
0
0
0
0
0
0
0
0
0
0
0
0
0
0
0
0
0
0
0
0
0
0
0
