56233645036531200
56233491776280000
56233256017075200
56232943963106400
56232568022752800
56232134400204000
56231643095460000
56231094108520800
56230487439386400
56229823088056800
56229101054532000
56228321338812000
56227483940896800
56226588860786400
56225636098480800
56224625653980000
56223557527284000
56222431718392800
56221248227306400
56220007054024800
56218708198548000
56217351660876000
56215937441008800
56214465538946400
56212935954688800
56211348688236000
56209703739588000
56208001108744800
56206240795706400
56204422800472800
56202547123044000
56200613763420000
56198622721600800
56196573997586400
56194467591376800
56192303502972000
56190081732372000
56187802279576800
56185465144586400
56183070327400800
56180617828020000
56178107646444000
56175539782672800
56172914236706400
56170231008544800
56167490098188000
56164691505636000
56161835230888800
56158921273946400
56155949634808800
56152920313476000
56149833309948000
56146688624224800
56143486256306400
56140226206192800
56136908473884000
56133533059380000
56130099962680800
56126609183786400
56123060722696800
56119454579412000
56115790753932000
56112069246256800
56108290056386400
56104453184320800
56100558630060000
56096606393604000
56092596474952800
56088528874106400
56084403591064800
56080220625828000
56075979978396000
56071681648768800
56067325636946400
56062911942928800
56058440566716000
56053911508308000
56049324767704800
56044680344906400
56039978239912800
56035218452724000
56030400983340000
56025525831760800
56020592997986400
56015602482016800
56010554283852000
56005448403492000
56000284840936800
55995063596186400
55989784669240800
55984448060100000
55979053768764000
55973601795232800
55968092139506400
55962524801584800
55956899781468000
55951217079156000
55945476694648800
55939678627946400
55933822879048800
55927911460125600
55921948060154400
55915934355943200
55909870347492000
55903756034800800
55897591417869600
55891376496698400
55885111271287200
55878795741636000
55872429907744800
55866013769613600
55859547327242400
55853031251354400
55846466212672800
55839852211197600
55833189246928800
55826477319866400
55819716430010400
55812906577360800
55806047761917600
55799139983680800
55792183242650400
55785177538826400
55778122872208800
55771019242797600
55763866650592800
55756665095594400
55749414577802400
55742115097216800
55734766653837600
55727369247664800
55719922878698400
55712427546938400
55704883252384800
55697289995037600
55689647774896800
55681956591962400
55674216446234400
55666427337712800
55658589266397600
55650702232288800
55642766235386400
55634781275690400
55626747353200800
55618664467917600
55610532619840800
55602351808970400
55594122035306400
55585843298848800
55577515599597600
55569138937552800
55560713312714400
55552238725082400
55543715174656800
55535142661437600
55526521185424800
55517850746618400
55509131345018400
55500362980624800
55491545653437600
55482679363456800
55473764110682400
55464799895114400
55455786716752800
55446724575597600
55437613471648800
55428453404906400
55419244375370400
55409986383040800
55400679427917600
55391323510000800
55381918629290400
55372464785786400
55362961979488800
55353410210397600
55343809478512800
55334159783834400
55324461126362400
55314713506096800
55304916923037600
55295071377184800
55285176868538400
55275233397098400
55265240962864800
55255199565837600
55245109206016800
55234969883402400
55224781597994400
55214544349792800
55204258138797600
55193922965008800
55183538828426400
55173105729050400
55162623666880800
55152092641917600
55141512654160800
55130883703610400
55120205790266400
55109478914128800
55098703075197600
55087878273472800
55077004508954400
55066081781642400
55055110091536800
55044089438637600
55033019822944800
55021901244458400
55010733703178400
54999517199104800
54988251732237600
54976937302576800
54965573910122400
54954161554874400
54942700236832800
54931189955997600
54919630712368800
54908022505946400
54896365336730400
54884659204720800
54872904109917600
54861100052320800
54849247031930400
54837345048746400
54825394102768800
54813394193997600
54801345322432800
54789247488074400
54777112428578400
54764963954618400
54752814139212000
54740662982359200
54728510484060000
54716356644314400
54704201463122400
54692044940484000
54679887076399200
54667727870868000
54655567323890400
54643405435466400
54631242205596000
54619077634279200
54606911721516000
54594744467306400
54582575871650400
54570405934548000
54558234655999200
54546062036004000
54533888074562400
54521712771674400
54509536127340000
54497358141559200
54485178814332000
54472998145658400
54460816135538400
54448632783972000
54436448090959200
54424262056500000
54412074680594400
54399885963242400
54387695904444000
54375504504199200
54363311762508000
54351117679370400
54338922254786400
54326725488756000
54314527381279200
54302327932356000
54290127141986400
54277925010170400
54265721536908000
54253516722199200
54241310566044000
54229103068442400
54216894229394400
54204684048900000
54192472526959200
54180259663572000
54168045458738400
54155829912458400
54143613024732000
54131394795559200
54119175224940000
54106954312874400
54094732059362400
54082508464404000
54070283527999200
54058057250148000
54045829630850400
54033600670106400
54021370367916000
54009138724279200
53996905739196000
53984671412666400
53972435744690400
53960198735268000
53947960384399200
53935720692084000
53923479658322400
53911237283114400
53898993566460000
