1999999910000000000
1999999639000000000
1999999189000000000
1999998571000000000
1999997785000000000
1999996831000000000
1999995709000000000
1999994419000000000
1999992965000000000
1999991351000000000
1999989577000000000
1999987643000000000
1999985551000000000
1999983305000000000
1999980909000000000
1999978365000000000
1999975677000000000
1999972853000000000
1999969897000000000
1999966809000000000
1999963589000000000
1999960237000000000
1999956753000000000
1999953137000000000
1999949389000000000
1999945509000000000
1999941497000000000
1999937353000000000
1999933077000000000
1999928669000000000
1999924129000000000
1999919457000000000
1999914653000000000
1999909717000000000
1999904649000000000
1999899449000000000
1999894117000000000
1999888653000000000
1999883059000000000
1999877337000000000
1999871487000000000
1999865509000000000
1999859403000000000
1999853169000000000
1999846807000000000
1999840317000000000
1999833699000000000
1999826953000000000
1999820079000000000
1999813077000000000
1999805947000000000
1999798691000000000
1999791313000000000
1999783815000000000
1999776197000000000
1999768459000000000
1999760601000000000
1999752623000000000
1999744525000000000
1999736307000000000
1999727969000000000
1999719511000000000
1999710933000000000
1999702235000000000
1999693417000000000
1999684479000000000
1999675421000000000
1999666243000000000
1999656945000000000
1999647527000000000
1999637989000000000
1999628331000000000
1999618559000000000
1999608679000000000
1999598691000000000
1999588595000000000
1999578391000000000
1999568079000000000
1999557659000000000
1999547131000000000
1999536495000000000
1999525751000000000
1999514899000000000
1999503939000000000
1999492871000000000
1999481695000000000
1999470411000000000
1999459019000000000
1999447519000000000
1999435911000000000
1999424195000000000
1999412371000000000
1999400439000000000
1999388399000000000
1999376251000000000
1999363995000000000
1999351631000000000
1999339159000000000
1999326579000000000
1999313891000000000
1999301095000000000
1999288191000000000
1999275179000000000
1999262059000000000
1999248831000000000
1999235495000000000
1999222051000000000
1999208499000000000
1999194839000000000
1999181071000000000
1999167195000000000
1999153211000000000
1999139119000000000
1999124919000000000
1999110611000000000
1999096195000000000
1999081671000000000
1999067039000000000
1999052299000000000
1999037451000000000
1999022495000000000
1999007431000000000
1998992259000000000
1998976979000000000
1998961591000000000
1998946095000000000
1998930491000000000
1998914779000000000
1998898959000000000
1998883031000000000
1998866995000000000
1998850851000000000
1998834599000000000
1998818239000000000
1998801771000000000
1998785195000000000
1998768511000000000
1998751719000000000
1998734819000000000
1998717811000000000
1998700697000000000
1998683479000000000
1998666157000000000
1998648731000000000
1998631201000000000
1998613567000000000
1998595829000000000
1998577987000000000
1998560041000000000
1998541991000000000
1998523837000000000
1998505579000000000
1998487217000000000
1998468751000000000
1998450181000000000
1998431507000000000
1998412729000000000
1998393847000000000
1998374861000000000
1998355771000000000
1998336577000000000
1998317279000000000
1998297877000000000
1998278371000000000
1998258761000000000
1998239047000000000
1998219229000000000
1998199307000000000
1998179281000000000
1998159151000000000
1998138917000000000
1998118579000000000
1998098137000000000
1998077591000000000
1998056941000000000
1998036187000000000
1998015329000000000
1997994367000000000
1997973301000000000
1997952131000000000
1997930857000000000
1997909479000000000
1997887997000000000
1997866411000000000
1997844721000000000
1997822927000000000
1997801029000000000
1997779027000000000
1997756921000000000
1997734711000000000
1997712397000000000
1997689980000000000
1997667462000000000
1997644844000000000
1997622126000000000
1997599308000000000
1997576390000000000
1997553372000000000
1997530254000000000
1997507036000000000
1997483718000000000
1997460300000000000
1997436782000000000
1997413164000000000
1997389446000000000
1997365628000000000
1997341710000000000
1997317692000000000
1997293574000000000
1997269356000000000
1997245038000000000
1997220620000000000
1997196102000000000
1997171484000000000
1997146766000000000
1997121948000000000
1997097030000000000
1997072012000000000
1997046894000000000
1997021676000000000
1996996358000000000
1996970940000000000
1996945422000000000
1996919804000000000
1996894086000000000
1996868268000000000
1996842350000000000
1996816332000000000
1996790214000000000
1996763996000000000
1996737678000000000
1996711260000000000
1996684745000000000
1996658139000000000
1996631445000000000
1996604663000000000
1996577793000000000
1996550835000000000
1996523789000000000
1996496655000000000
1996469433000000000
1996442123000000000
1996414725000000000
1996387239000000000
1996359665000000000
1996332003000000000
1996304253000000000
1996276415000000000
1996248489000000000
1996220475000000000
1996192373000000000
1996164183000000000
1996135905000000000
1996107539000000000
1996079085000000000
1996050543000000000
1996021913000000000
1995993195000000000
1995964389000000000
1995935495000000000
1995906513000000000
1995877443000000000
1995848285000000000
1995819039000000000
1995789705000000000
1995760283000000000
1995730773000000000
1995701175000000000
1995671489000000000
1995641715000000000
1995611853000000000
1995581903000000000
1995551865000000000
1995521739000000000
1995491525000000000
1995461223000000000
1995430833000000000
1995400355000000000
1995369789000000000
1995339135000000000
1995308393000000000
1995277563000000000
1995246645000000000
1995215639000000000
1995184545000000000
1995153363000000000
1995122093000000000
1995090735000000000
1995059289000000000
1995027755000000000
1994996133000000000
1994964423000000000
1994932625000000000
1994900739000000000
1994868765000000000
1994836703000000000
1994804553000000000
1994772315000000000
1994739989000000000
1994707575000000000
