1999999915000000000
1999999640000000000
1999999160000000000
1999998488000000000
1999997624000000000
1999996572000000000
1999995336000000000
1999993916000000000
1999992312000000000
1999990524000000000
1999988568000000000
1999986478000000000
1999984272000000000
1999981950000000000
1999979518000000000
1999976982000000000
1999974342000000000
1999971598000000000
1999968750000000000
1999965798000000000
1999962742000000000
1999959582000000000
1999956318000000000
1999952950000000000
1999949478000000000
1999945902000000000
1999942222000000000
1999938438000000000
1999934550000000000
1999930558000000000
1999926462000000000
1999922262000000000
1999917958000000000
1999913550000000000
1999909038000000000
1999904422000000000
1999899702000000000
1999894878000000000
1999889950000000000
1999884918000000000
1999879782000000000
1999874542000000000
1999869198000000000
1999863751000000000
1999858205000000000
1999852563000000000
1999846825000000000
1999840991000000000
1999835061000000000
1999829035000000000
1999822913000000000
1999816695000000000
1999810381000000000
1999803971000000000
1999797465000000000
1999790863000000000
1999784165000000000
1999777371000000000
1999770481000000000
1999763495000000000
1999756413000000000
1999749235000000000
1999741961000000000
1999734591000000000
1999727125000000000
1999719563000000000
1999711905000000000
1999704151000000000
1999696301000000000
1999688355000000000
1999680313000000000
1999672175000000000
1999663941000000000
1999655611000000000
1999647185000000000
1999638663000000000
1999630045000000000
1999621331000000000
1999612521000000000
1999603615000000000
1999594613000000000
1999585515000000000
1999576321000000000
1999567031000000000
1999557645000000000
1999548163000000000
1999538585000000000
1999528911000000000
1999519141000000000
1999509275000000000
1999499313000000000
1999489255000000000
1999479101000000000
1999468851000000000
1999458505000000000
1999448063000000000
1999437525000000000
1999426891000000000
1999416161000000000
1999405335000000000
1999394418000000000
1999383420000000000
1999372346000000000
1999361196000000000
1999349970000000000
1999338668000000000
1999327290000000000
1999315836000000000
1999304306000000000
1999292700000000000
1999281018000000000
1999269260000000000
1999257426000000000
1999245516000000000
1999233530000000000
1999221468000000000
1999209330000000000
1999197116000000000
1999184826000000000
1999172460000000000
1999160018000000000
1999147500000000000
1999134906000000000
1999122236000000000
1999109490000000000
1999096668000000000
1999083770000000000
1999070796000000000
1999057746000000000
1999044620000000000
1999031418000000000
1999018140000000000
1999004786000000000
1998991356000000000
1998977850000000000
1998964268000000000
1998950610000000000
1998936876000000000
1998923066000000000
1998909180000000000
1998895218000000000
1998881180000000000
1998867066000000000
1998852876000000000
1998838610000000000
1998824268000000000
1998809850000000000
1998795356000000000
1998780786000000000
1998766140000000000
1998751418000000000
1998736620000000000
1998721746000000000
1998706796000000000
1998691770000000000
1998676668000000000
1998661490000000000
1998646236000000000
1998630906000000000
1998615500000000000
1998600018000000000
1998584460000000000
1998568826000000000
1998553116000000000
1998537330000000000
1998521468000000000
1998505530000000000
1998489516000000000
1998473426000000000
1998457260000000000
1998441018000000000
1998424700000000000
1998408306000000000
1998391836000000000
1998375290000000000
1998358673000000000
1998341995000000000
1998325261000000000
1998308471000000000
1998291625000000000
1998274723000000000
1998257765000000000
1998240751000000000
1998223681000000000
1998206555000000000
1998189373000000000
1998172135000000000
1998154841000000000
1998137491000000000
1998120085000000000
1998102623000000000
1998085105000000000
1998067531000000000
1998049901000000000
1998032215000000000
1998014473000000000
1997996675000000000
1997978821000000000
1997960911000000000
1997942945000000000
1997924923000000000
1997906845000000000
1997888711000000000
1997870521000000000
1997852275000000000
1997833973000000000
1997815615000000000
1997797201000000000
1997778731000000000
1997760205000000000
1997741623000000000
1997722985000000000
1997704291000000000
1997685541000000000
1997666735000000000
1997647873000000000
1997628955000000000
1997609981000000000
1997590951000000000
1997571865000000000
1997552723000000000
1997533525000000000
1997514271000000000
1997494961000000000
1997475595000000000
1997456173000000000
1997436695000000000
1997417161000000000
1997397571000000000
1997377925000000000
1997358223000000000
1997338465000000000
1997318651000000000
1997298781000000000
1997278855000000000
1997258873000000000
1997238835000000000
1997218741000000000
1997198591000000000
1997178385000000000
1997158123000000000
1997137805000000000
1997117431000000000
1997097001000000000
1997076515000000000
1997055973000000000
1997035375000000000
1997014721000000000
1996994011000000000
1996973245000000000
1996952423000000000
1996931545000000000
1996910611000000000
1996889621000000000
1996868575000000000
1996847473000000000
1996826315000000000
1996805101000000000
1996783831000000000
1996762505000000000
1996741123000000000
1996719685000000000
1996698191000000000
1996676641000000000
1996655035000000000
1996633373000000000
1996611655000000000
1996589881000000000
1996568051000000000
1996546165000000000
1996524223000000000
1996502225000000000
1996480171000000000
1996458061000000000
1996435895000000000
1996413673000000000
1996391395000000000
1996369061000000000
1996346671000000000
1996324225000000000
1996301723000000000
1996279165000000000
1996256551000000000
1996233881000000000
1996211155000000000
1996188373000000000
1996165535000000000
1996142641000000000
1996119691000000000
1996096685000000000
1996073623000000000
1996050505000000000
1996027331000000000
1996004101000000000
1995980815000000000
1995957473000000000
1995934075000000000
1995910621000000000
1995887111000000000
1995863545000000000
