1172611207
1169728670
1164787178
1158343860
1150640946
1141823774
1132183020
1121864022
1110866780
1099191294
1086837564
1073805590
1060095372
1045706910
1030640204
1014895254
998472060
981370622
963590940
945302575
926844649
908386723
889928797
871470871
853012945
834555019
816097093
797639167
779181241
760723315
742265389
723855909
705543321
687327625
669208821
651186909
633310335
615627545
598138539
580843317
563741879
546834225
530120355
513600269
497273967
481141449
465202715
449457765
433906599
418549217
403385619
388415805
373639775
359057529
344669067
330474389
316473495
302666385
289053059
275633517
262407759
249375785
236537595
223893189
211442567
199185729
187122675
175277628
163747480
152604900
141849888
131482444
121502568
111910260
102705520
93888348
85458744
77416708
69762240
62495340
55616008
49124244
43020048
37303420
31974360
27032868
22478944
18312588
14533800
11142580
8138928
5522844
3294328
1453380
0
0
0
0
0
0
0
0
0
0
0
0
0
0
0
0
0
0
0
0
0
0
0
0
0
0
0
0
0
0
0
0
0
0
0
0
0
0
0
0
0
0
0
0
0
0
0
0
0
0
0
0
0
0
0
0
0
0
0
0
0
0
0
0
0
0
0
0
0
0
0
0
0
0
0
0
0
0
0
0
0
0
0
0
0
0
0
0
0
0
0
0
0
0
0
0
0
0
0
0
0
0
0
0
0
0
0
0
0
0
0
0
0
0
0
0
0
0
0
0
0
0
0
0
0
0
0
0
0
0
0
0
0
0
0
0
0
0
0
0
0
0
0
0
0
0
0
0
0
0
0
0
0
0
0
0
0
0
0
0
0
0
0
0
0
0
0
0
0
0
0
0
0
0
0
0
0
0
0
0
0
0
0
0
0
0
0
0
0
0
0
0
0
0
0
0
0
0
0
0
0
0
0
0
0
0
