18719963818
18707869193
18687066438
18658619880
18622819790
18579859682
18530126584
18474104281
18412373315
18345223957
18272656207
18194670065
18111265531
18022636119
17928975343
17830283203
17726559699
17617804831
17504212113
17386168573
17263867725
17137309569
17007461675
16876259183
16744669663
16612693115
16480329539
16347578935
16214441303
16080916643
15947004955
15812706239
15678020495
15542947723
15407487923
15271641095
15135407239
14998786355
14861778443
14724383503
14586601535
14448432539
14309876515
14170933463
14031603383
13891886275
13751782139
13611290975
13470412783
13329341077
13188269371
13047197665
12906125959
12765054253
12623982547
12482910841
12341839135
12200767429
12059695723
11918624017
11777552311
11636480605
11495408899
11354337193
11213265487
11072193781
10931122075
10790050369
10649172177
10508681013
10368576877
10228859769
10089529689
9950586637
9812030613
9673861617
9536079649
9398684709
9261676797
9125055913
8988822057
8852975229
8717515429
8582442657
8447756913
8313458197
8179546509
8046021849
7912884217
7780133613
7647770037
7515793489
7384203969
7253001477
7122186013
6991757577
6861716169
6732061789
6602794437
6473914113
6345420817
6217314549
6089595309
5962263097
5835317913
5708759757
5582588629
5456804529
5331407457
5206397413
5081774397
4957538409
4833689449
4710227517
4587152613
4464464737
4342454160
4221701424
4102496800
3984840288
3868731888
3754171600
3641159424
3529695360
3419779408
3311411568
3204591840
3099320224
2995596720
2893421328
2792794048
2693714880
2596183824
2500200880
2405766048
2312879328
2221540720
2131750224
2043507840
1956813568
1871667408
1788069360
1706019424
1625517600
1546563888
1469158288
1393300800
1318991424
1246230160
1175017008
1105351968
1037235040
970666224
905645520
842172928
780248448
719872080
661043824
603763680
548031648
493847728
441211920
390124224
340584640
292593168
246149808
201254560
157907424
116108400
75857488
37154688
0
0
0
0
0
0
0
0
0
0
0
0
0
0
0
0
0
0
0
0
0
0
0
0
0
0
0
0
0
0
0
0
0
0
0
0
0
0
0
0
0
0
0
0
0
0
0
0
0
0
0
0
0
0
0
0
0
0
0
0
0
0
0
0
0
0
0
0
0
0
0
0
0
0
0
0
0
0
0
0
0
0
0
0
0
0
0
0
0
0
0
0
0
0
0
0
0
0
0
0
0
0
0
0
0
0
0
0
0
0
0
0
0
0
0
0
0
0
0
0
0
0
0
0
0
0
0
0
0
