6965953261
6957098911
6941987487
6921091221
6894528171
6862357366
6824814922
6782195984
6734618610
6683086293
6629606019
6575181281
6519930137
6463970645
6407302805
6349926617
6291842081
6233285313
6174610487
6115935661
6057260835
5998586009
5939911183
5881236357
5822561531
5763886705
5705211879
5646537053
5587862227
5529187401
5470512575
5411837749
5353162923
5294488097
5235813271
5177138445
5118463619
5059788793
5001113967
4942439141
4883764315
4825089489
4766414663
4707739837
4649065011
4590390185
4531715359
4473040533
4414365707
4355690881
4297016055
4238341229
4179666403
4120991577
4062316751
4003641925
3944967099
3886292273
3827617447
3768942621
3710267795
3651592969
3593036201
3534715549
3476631013
3418782593
3361170289
3303794101
3246654029
3189750073
3133082233
3076650509
3020454901
2964495409
2908772033
2853284773
2798033629
2743018601
2688239689
2633755922
2579685358
2526087026
2472960926
2420307058
2368125422
2316416018
2265178846
2214413906
2164121198
2114300722
2064952478
2016076466
1967672686
1919741138
1872281822
1825294738
1778779886
1732737266
1687166878
1642068722
1597442798
1553289106
1509607646
1466398418
1423661422
1381396658
1339604126
1298283826
1257435758
1217059922
1177156318
1137724946
1098765806
1060278898
1022264222
984721778
947651566
911053586
874927838
839274322
804093038
769383986
735147166
701382578
668090222
635270098
602922206
571046546
539643118
508711922
478252958
448266226
418751726
389709458
361139422
333041618
305416046
278262706
251581598
225372722
199636078
174607782
150523950
127384582
105189678
83939238
63633262
44271750
25854702
8382118
0
0
0
0
0
0
0
0
0
0
0
0
0
0
0
0
0
0
0
0
0
0
0
0
0
0
0
0
0
0
0
0
0
0
0
0
0
0
0
0
0
0
0
0
0
0
0
0
0
0
0
0
0
0
0
0
0
0
0
0
0
0
0
0
0
0
0
0
0
0
0
0
0
0
0
0
0
0
0
0
0
0
0
0
0
0
0
0
0
0
0
0
0
0
0
0
0
0
0
0
0
0
0
0
0
0
0
0
0
0
0
0
0
0
0
0
0
0
0
0
0
0
0
0
0
0
0
0
0
0
0
0
0
0
0
0
0
0
0
0
0
0
0
0
0
0
0
0
0
0
