193911270458
193799786752
193642214810
193469072518
193281605504
193080436582
192865565752
192637615828
192398455252
192149329652
191890239028
191621183380
191342162708
191053177012
190754226292
190445310548
190126429780
189797583988
189458773172
189109997332
188751256468
188382550580
188003879668
187615243732
187216642772
186809011009
186393594071
185970703365
185540338891
185102500649
184657188639
184204402861
183744143315
183276410001
182801202919
182318522069
181828367451
181330739065
180825636911
180313060989
179793011299
179265487841
178730490615
178188019621
177638074859
177080656329
176515764031
175943397965
175363558131
174776244529
174181457159
173579196021
172969461115
172352252441
171727569999
171095413789
170455783811
169809302879
169156593807
168497656595
167832491243
167161097751
166483476119
165799626347
165109548435
164413242383
163710708191
163001945859
162286955387
161565736775
160838290023
160104615131
159364712099
158618580927
157866221615
157107634163
156342818571
155571774839
154794502967
154011002955
153221274803
152425318511
151624379707
150820949647
150016273959
149210352643
148403185699
147594773127
146785114927
145974211099
145162061643
144348666559
143534025847
142718762321
141904121609
141090726525
140278577069
139467673241
138658015041
137849602469
137042435525
136236514209
135431838521
134628408461
133826224029
133025285225
132225592049
131427144501
130629942581
129833986289
129039275625
128245810589
127453591181
126662617401
125872889249
125084406725
124297169829
123511178561
122726432921
121942932909
121160678525
120379669769
119599906641
118821389141
118044117269
117268091025
116493310409
115719775421
114947486061
114176442329
113406644225
112638091749
111870784901
111104723681
110339908089
109576338125
108814013789
108052935081
107293102001
106534514549
105777172725
105021076529
104266225961
103512621021
102760261709
102009148025
101259279969
100510657541
99763280741
99017149569
98272264025
97528624109
96786229821
96045081161
95305178129
94566520725
93829108949
93092942801
92358022281
91624347389
90891918125
90160734489
89430796481
88702104101
87974657349
87248456225
86523500729
85799790861
85077326621
84356108009
83636135025
82917407669
82199925941
81483689841
80768699369
80054954525
79342455309
78631201721
77921193761
77212431429
76504914725
75798643649
75093618201
74389838381
73687304189
72986015625
72285972689
71587486788
70891180736
70197365940
69506042400
68817210116
68130869088
67447019316
66765660800
66086793540
65410417536
64736532788
64065139296
63396237060
62729826080
62065906356
61404477888
60745540676
60089094720
59435140020
58783676576
58134704388
57488223456
56844233780
56202735360
55563728196
54927212288
54293187636
53661654240
53032612100
52406061216
51782001588
51160433216
50541356100
49924770240
49310675636
48699072288
48089960196
47483339360
46879209780
46277571456
45678424388
45081768576
44487604020
43895930720
43306748676
42720057888
42135858356
41554150080
40974933060
40398207296
39823972788
39252229536
38682977540
38116216800
37551947316
36990169088
36430882116
35874086400
35319781940
34767968736
34218646788
33671816096
33127476660
32585628480
32046271556
31509405888
30975031476
30443148320
29913756420
29386855776
28862446388
28340528256
27821101380
27304165760
26789721396
26277768288
25768306436
25261335840
24756856500
24254868416
23755371588
23258366016
22763851700
22271828640
21782296836
21295256288
20810706996
20328648960
19849082180
19372006656
18897422388
18425329376
17955727620
17488617120
17025243504
16566852400
16113443808
15665017728
15221574160
14783113104
14349634560
13921138528
13497625008
13079094000
12665545504
12256979520
11853396048
11454795088
11061176640
10672540704
10288887280
9910216368
9536527968
