1314864538932343312
1314851804957772217
1314826459442896836
1314788556712855422
1314738099200116852
1314675086904681126
1314599519826548244
1314511397965718206
1314410721322191012
1314297491517612580
1314171710173628828
1314033380533531592
1313882509083904544
1313719099068039520
1313543150485936520
1313354663337595544
1313153637623016592
1312940073342199664
1312713970495144760
1312475329081851880
1312224149102321024
1311960430556552192
1311684173444545384
1311395377766300600
1311094043521817840
1310780170711097104
1310453759334138392
1310114809390941704
1309763320881507040
1309399293805834400
1309022728163923784
1308633623955775192
1308231981181388624
1307817799840764080
1307391079933901560
1306951821460801064
1306500024421462592
1306035688815886144
1305558814644071720
1305069401906019320
1304567450601728944
1304052960731200592
1303525932294434264
1302986365291429960
1302434259722187680
1301869615586707424
1301292432884989192
1300702711617032984
1300100451782838800
1299485653382406640
1298858316415736504
1298218440882828392
1297566026783682304
1296901075739944158
1296223589373259872
1295533567683629446
1294831010671052880
1294115920767999051
1293388302839405713
1292648159317741743
1291895490203007141
1291130295495201907
1290352575194326041
1289562329300379543
1288762685968338235
1287959901508153761
1287157104074801943
1286354293668282781
1285551470288596275
1284748633935742425
1283945784609721231
1283142922310532693
1282340047038176811
1281537158792653585
1280734257573963015
1279931343382105101
1279128416217079843
1278325476078887241
1277522522967527295
1276719556883000005
1275916577825305371
1275113585794443393
1274310580790414071
1273507562813217405
1272704531862853395
1271901487939322041
1271098431042623343
1270295361172757301
1269492278329723915
1268689182513523185
1267886073724155111
1267082951961619693
1266279817225916931
1265476669517046825
1264673508835009375
1263870335179804581
1263067148551432443
1262263948949892961
1261460736375186135
1260657510827311965
1259854272306270451
1259051020812061593
1258247756344685391
1257444478904141845
1256641188490430955
1255837885103552721
1255034568743507143
1254231239410294221
1253427897103913955
1252624541824366345
1251821173571651391
1251017792345769093
1250214398146719451
1249410990974502465
1248607570829118135
1247804137710566461
1247000691618847443
1246197232553961081
1245393760515907375
1244590275504686325
1243786777520297931
1242983266562742193
1242179742632019111
1241376205728128685
1240572655851070915
1239769093000845801
1238965517177453343
1238161928380893541
1237358326611166395
1236554711868271905
1235751084152210071
1234947443462980893
1234143789800584371
1233340123165020505
1232536443556289295
1231732750974390741
1230929045419324843
1230125326891091601
1229321595389691015
1228517850915123085
1227714093467387811
1226910323046485193
1226106539652415231
1225302743285177925
1224498933944773275
1223695111631201281
1222891276344461943
1222087428084555261
1221283566851481235
1220479692645239865
1219675805465831151
1218871905313255093
1218067992187511691
1217264066088600945
1216460127016522855
1215656174971277421
1214852209952864643
1214048231961284521
1213244240996537055
1212440237058622245
1211636220147540091
1210832190263290593
1210028147405873751
1209224091575289565
1208420022771538035
1207615940994619161
1206811846244532943
1206007738521279381
1205203617824858475
1204399484155270225
1203595337512514631
1202791177896591693
1201987005307501411
1201182822988535621
1200378634182986159
1199574438890853025
1198770237112136219
1197966028846835741
1197161814094951591
1196357592856483769
1195553365131432275
1194749130919797109
1193944890221578271
1193140643036775761
1192336389365389579
1191532129207419725
1190727862562866199
1189923589431729001
1189119309814008131
1188315023709703589
1187510731118815375
1186706432041343489
1185902126477287931
1185097814426648701
1184293495889425799
1183489170865619225
1182684839355228979
1181880501358255061
1181076156874697471
1180271805904556209
1179467448447831275
1178663084504522669
1177858714074630391
1177054337158154441
1176249953755094819
1175445563865451525
1174641167489224559
1173836764626413921
1173032355277019611
1172227939441041629
1171423517118479975
1170619088309334649
1169814653013605651
1169010211231292981
1168205762962396639
1167401308206916625
1166596846964852939
1165792379236205581
1164987905020974551
1164183424319159849
1163378937130761475
1162574443455779429
1161769943294213711
1160965436646064321
1160160923511331259
1159356403890014525
1158551877782114119
1157747345187630041
1156942806106562291
1156138260538910869
1155333708484675775
1154529149943857009
1153724584916454571
1152920013402468461
1152115435401898679
1151310850914745225
1150506259941008099
1149701662480687301
1148897058533782831
1148092448100294689
1147287831180222875
1146483207773567389
1145678577880328231
1144873941500505401
1144069298634098899
1143264649281108725
1142459993441534879
1141655331115377361
1140850662302636171
1140045987003311309
1139241305217402775
1138436616944910569
1137631922185834691
1136827220940175141
1136022513207931919
1135217798989105025
1134413078283694459
1133608351091700221
1132803617413122311
1131998877247960729
1131194130596215475
1130389377457886549
1129584617832973951
1128779851721477681
1127975079123397739
1127170300038734125
1126365514467486839
1125560722409655881
1124755923865241251
1123951118834242949
1123146307316660975
1122341489312495329
1121536664821746011
1120731833844413021
1119926996380496359
1119122152429996025
1118317301992912019
1117512445069244341
1116707581658992991
1115902711762157969
1115097835378739275
1114292952508736909
1113488063152150871
1112683167308981161
1111878264979227779
1111073356162890725
1110268440859969999
1109463519070465601
1108658590794377531
1107853656031705789
1107048714782450375
1106243767046611289
1105438812824188531
1104633852115182101
1103828884919591999
1103023911237418225
1102218931068660779
1101413944413319661
1100608951271394871
1099803951642886409
