1117936889306607829
1117935562241992154
1117932949233072839
1117929062989764513
1117923911736129583
1117917498462736197
1117909823169584355
1117900885856674057
1117890686524005303
1117879225919220130
1117866505537602612
1117852526126794786
1117837287686796652
1117820794703460432
1117803051662638348
1117784060059614474
1117763821389672884
1117742337148097652
1117719610325456926
1117695642417034780
1117670433422831214
1117643983342846228
1117616292177079822
1117587359925531996
1117557186588202750
1117525772165092084
1117493116656199998
1117459220061526492
1117424082381071566
1117387703614835220
1117350083762817454
1117311222825018268
1117271120801437662
1117229777692075636
1117187193496932190
1117143368216007324
1117098301849301038
1117051994396813332
1117004445858544206
1116955656234493660
1116905625524661694
1116854353729048308
1116801840847653502
1116748086880477276
1116693091827519630
1116636855688780564
1116579378464260078
1116520660153958172
1116460702253158920
1116399509247714544
1116337084128193192
1116273426894594864
1116208537546919560
1116142416085167280
1116075062509338024
1116006476819431792
1115936659015448584
1115865609097388400
1115793327065251240
1115719812919037104
1115645066658745992
1115569088284377904
1115491877795932840
1115413435193410800
1115333760476811784
1115252853646135792
1115170715449024861
1115087347380763065
1115002750188992441
1114916923873712989
1114829868434924709
1114741583872627601
1114652070186821665
1114561327377506901
1114469355444683309
1114376154388350889
1114281724208509641
1114186064905159565
1114089176478300661
1113991058927932929
1113891712254056369
1113791136456670981
1113689331535776765
1113586297491373721
1113482034323461849
1113376542032041149
1113269820617111621
1113161870078673265
1113052690416726081
1112942281631270069
1112830643722305229
1112717776689831561
1112603680533849065
1112488355254357741
1112371800851357589
1112254017324848609
1112135004674830801
1112014762901304165
1111893292004268701
1111770591983724409
1111646662839671289
1111521504572109341
1111395117181038565
1111267500666458961
1111138655028370529
1111008580266773269
1110877276381667181
1110744743373052265
1110610981240928521
1110475991480580023
1110339775587290845
1110202333561060987
1110063665401890449
1109923771109779231
1109782650684727333
1109640305622018829
1109496737416937793
1109351946069484225
1109205931579658125
1109058693947459493
1108910233172888329
1108760549255944633
1108609642196628405
1108457511994939645
1108304158650878353
1108149582164444529
1107993782535638173
1107836759764459285
1107678513850907865
1107519044794983913
1107358352596687429
1107196437256018413
1107033298772976865
1106868937147562785
1106703352379776173
1106536544469617029
1106368513417085353
1106199259222181145
1106028781884904405
1105857081405255133
1105684157783233329
1105510011018838993
1105334641112072125
1105158048062932725
1104980231871420793
1104801192537536329
1104620930061279333
1104439444442649805
1104256735681647745
1104072803778273153
1103887648732526029
1103701270544406373
1103513669213914185
1103324844741049465
1103134797125812213
1102943526368202429
1102751032468220113
1102557318416433413
1102362390193978625
1102166250791423897
1101968900208769229
1101770338446014621
1101570565503160073
1101369581380205585
1101167386077151157
1100963979593996789
1100759361930742481
1100553533087388233
1100346493063934045
1100138241860379917
1099928779476725849
1099718105912971841
1099506221169117893
1099293125245164005
1099078818141110177
1098863299856956409
1098646570392702701
1098428629748349053
1098209477923895465
1097989114919341937
1097767540734688469
1097544756865219135
1097320766301502083
1097095570538821387
1096869169577177047
1096641563416569063
1096412752056997435
1096182735498462163
1095951513740963247
1095719086784500687
1095485454629074483
1095250617274684635
1095014574721331143
1094777326969014007
1094538874017733227
1094299215867488803
1094058352518280735
1093816283970109023
1093573010222973667
1093328531276874667
1093082847131812023
1092835957787785735
1092587863244795803
1092338563502842227
1092088058561925007
1091836348422044143
1091583433083199635
1091329312545391483
1091073986808619687
1090817455872884247
1090559719738185163
1090300778404522435
1090040631871896063
1089779280140306047
1089516723209752387
1089252961080235083
1088987993751754135
1088721821224309543
1088454443497901307
1088185860572529427
1087916072448193903
1087645079124894735
1087372880602631923
1087099476881405467
1086824867961215367
1086549053842061623
1086272034523944235
1085993810006863203
1085714380290818527
1085433745375810207
1085151905261838243
1084868859948902635
1084584609437003383
1084299153726140487
1084012492816313947
1083724626707523763
1083435555399769935
1083145278893052463
1082853797187371347
1082561110282726587
1082267218179118183
1081972120876546135
1081675818375010443
1081378310674511107
1081079597775048127
1080779679676621503
1080478556379231235
1080176227882877323
1079872694187559767
1079567955293278567
1079262011200033723
1078954861907825235
1078646507416653103
1078336947726517327
1078026182837417907
1077714212749354843
1077401037462328135
1077086656976337783
1076771071291383787
1076454280407466147
1076136284324584863
1075817083042739935
1075496676561931363
1075175064882159147
1074852248003423287
1074528225925723783
1074202998649060635
1073876566173433843
1073548928498843407
1073220085625289327
1072890037552771603
1072558784281290235
1072226325810845223
1071892662141436567
1071557793273064267
1071221719205728323
1070884439939428735
1070545955474165503
1070206265809938627
1069865370946748107
1069523270884593943
1069179965623476135
1068835455163394683
1068489739504349587
1068142818646340847
1067794692589368463
1067445361333432435
1067094824878532763
1066743083224669447
1066390136371842487
1066035984320051883
1065680627069297635
1065324064619579743
1064966296970898207
1064607324123253027
1064247146076644203
1063885762831071735
1063523174386535623
1063159380743035867
1062794381900572467
