752024112182739863
752023817847578423
752023266582348976
752022466971827064
752021422082003952
752020131912879640
752018596464454128
752016816349925669
752014795248483781
752012536226119729
752010039282833513
752007304418625133
752004331633494589
752001122153838387
751997677206053033
751994005988112322
751990126895963844
751986049127581394
751981772682964972
751977297562114578
751972623765030212
751967751291711874
751962680142159564
751957420740743583
751951993936204533
751946410152912715
751940669390868129
751934771650070775
751928716930520653
751922505232217763
751916136555162105
751909610899353679
751902928264792485
751896088651478523
751889092059411793
751881938488592295
751874627939020029
751867160410694995
751859535903617193
751851754417786623
751843815953203285
751835720509867179
751827468087778305
751819058686936663
751810492307342253
751801768948995075
751792888611895129
751783851296042415
751774657001436933
751765305728078683
751755797475967665
751746132245103879
751736310035487325
751726330847118003
751716194679995913
751705901534121055
751695451409493429
751684844306113035
751674080223979873
751663159163093943
751652081123455245
751640846105063779
751629454107919545
751617905132022543
751606199177372773
751594336243970235
751582316331814929
751570139440906855
751557805571246013
751545314722832403
751532666895666025
751519862089746879
751506900305074965
751493781541650283
751480505799472833
751467073078542615
751453483378859629
751439736700423875
751425833043235353
751411772407294063
751397554792600005
751383180199153179
751368648626953585
751353960076001223
751339114546296093
751324112037838195
751308952550627529
751293636084664095
751278162639947893
751262532216478923
751246744814257185
751230800433282679
751214699073555405
751198440735075363
751182025417842553
751165453121856975
751148723847118629
751131837593627515
751114794361383633
751097594150386983
751080236960637565
751062722792135379
751045051644880425
751027223518872703
751009238414112213
750991096330598955
750972797268332929
750954341227314135
750935728207542573
750916958209018243
750898031231741145
750878947275711279
750859706340928645
750840308427393243
750820753535105073
750801041664064135
750781172814270429
750761146985723955
750740964178424713
750720624392372703
750700127627567925
750679473884010379
750658663161700065
750637695460636983
750616570780821133
750595289122252515
750573850484931129
750552254868856975
750530502274030053
750508592700450363
750486526148117905
750464302617032679
750441922107194685
750419384618603923
750396690151260393
750373838705164095
750350830280315029
750327664876713195
750304342494358593
750280863133251223
750257226793391085
750233433474778179
750209483177412505
750185375901294063
750161111646422853
750136690412798875
750112112200422129
750087377009292615
750062484839410333
750037435690775283
750012229563387465
749986866457246879
749961346372353525
749935669308707403
749909835266308513
749883844245156855
749857696245252429
749831391266595235
749804929309185273
749778310373022543
749751534458107045
749724601564438779
749697511692017745
749670264840843943
749642861010917373
749615300202238035
749587582414805929
749559707648621055
749531675903683413
749503487179993003
749475141477549825
749446638796353879
749417979136405165
749389162497703683
749360188880249433
749331058284042415
749301770709082629
749272326155370075
749242724622904753
749212966111686663
749183050621715805
749152978152992179
749122748705515785
749092362279286623
749061818874304693
749031118490569995
749000261128082529
748969246786842295
748938075466849293
748906747168103523
748875261890604985
748843619634353679
748811820399349605
748779864185592763
748747750993083153
748715480821820775
748683053671805629
748650469543037715
748617728435517033
748584830349243583
748551775284217365
748518563240438379
748485194217906625
748451668216622103
748417985236584813
748384145277794755
748350148340251929
748315994423956335
748281683528907973
748247215655106843
748212590802552945
748177808971246279
748142870161186845
748107774372374643
748072521604809673
748037111858491935
748001545133421429
747965821429598155
747929940747022113
747893903085693303
747857708445611725
747821356826777379
747784848229190265
747748182652850383
747711360097757733
747674380563912315
747637244051314129
747599950559963175
747562500089859453
747524892641002963
747487128213393705
747449206807031679
747411128421916885
747372893058049323
747334500715428993
747295951394055895
747257245093930029
747218381815051395
747179362783816499
747140189226621847
747100861143467439
747061378534353275
747021741399279355
746981949738245679
746942003551252247
746901902838299059
746861647599386115
746821237834513415
746780673543680959
746739954726888747
746699081384136779
746658053515425055
746616871120753575
746575567312828001
746534209543456163
746492832151740229
746451435137680199
746410018501276073
746368582242527851
746327126361435533
746285650857999119
746244155732218609
746202640984094003
746161106613625301
746119552620812503
746077979005655609
746036385768154619
745994772908309533
745953140426120351
745911488321587073
745869816594709699
745828125245488229
745786414273922663
745744683680013001
745702933463759243
745661163625161389
745619374164219439
745577565080933393
745535736375303251
745493888047329013
745452020097010679
745410132524348249
745368225329341723
745326298511991101
745284352072296383
745242386010257569
745200400325874659
745158395019147653
745116370090076551
745074325538661353
745032261364902059
744990177568798669
744948074150351183
744905951109559601
744863808446423923
744821646160944149
744779464253120279
744737262722952313
744695041570440251
744652800795584093
