16252421728
16230602282
16190930562
16134668850
16061997472
15973186917
15868597837
15748500721
15612895569
15461782381
15295161157
15113031897
14915574927
14702970573
14478915518
14250622802
14021608782
13791873458
13561416830
13330238898
13098339662
12865719122
12632377278
12398314130
12163529678
11928564900
11694501752
11461881212
11230703280
11000967956
10772675240
10545825132
10320417632
10096452740
9873930456
9652850780
9433213712
9215019252
8998267400
8782958156
8569091520
8356667492
8145686072
7936147260
7728051056
7521397460
7316186472
7112418092
6910092320
6709209156
6509768600
6311770652
6115215312
5920102580
5726432456
5534204940
5343420032
5154077732
4966178040
4779720956
4594706480
4411134612
4229005352
4048318700
3869074656
3691273220
3514914392
3339998172
3166524560
2994493556
2823905160
2654759372
2487056192
2320795620
2155977656
1992602300
1830669552
1670179412
1511131880
1353526956
1197364640
1042644932
889367832
737533340
587141456
438192180
290685512
144621452
0
0
0
0
0
0
0
0
0
0
0
0
0
0
0
0
0
0
0
0
0
0
0
0
0
0
0
0
0
0
0
0
0
0
0
0
0
0
0
0
0
0
0
0
0
0
0
0
0
0
0
0
0
0
0
0
0
0
0
0
0
0
0
0
0
0
0
0
0
0
0
0
0
0
0
0
0
0
0
0
0
0
0
0
0
0
0
0
0
0
0
0
0
0
0
0
0
0
0
0
0
0
0
0
0
0
0
0
0
0
0
0
0
0
0
0
0
0
0
0
0
0
0
0
0
0
0
0
0
0
0
0
0
0
0
0
0
0
0
0
0
0
0
0
0
0
0
0
0
0
0
0
0
0
0
0
0
0
0
0
0
0
0
0
0
0
0
0
0
0
0
0
0
0
0
0
0
0
0
0
0
0
0
0
0
0
0
0
0
0
0
0
0
0
0
0
0
0
0
0
0
0
0
0
0
0
0
0
0
0
0
0
