566616700745768196
566616456435117429
566616010395192935
566615372206804548
566614548257158824
566613541207591828
566612351058103560
566610977808694020
566609421459363208
566607682010111124
566605759460937768
566603653811843140
566601366127361666
566598905456035967
566596288830416859
566593525299046963
566590614861926279
566587558583589233
566584357528570251
566581011696869333
566577540250106147
566573962349900361
566570277996251975
566566487189160989
566562589928627403
566558586214651217
566554476047232431
566550259426371045
566545936352067059
566541506824320473
566536970843131287
566532328408499501
566527579520425115
566522724178908129
566517762383948543
566512694135546357
566507519433701571
566502238278414185
566496850669684199
566491356607511613
566485756091896427
566480049122838641
566474235700338255
566468315824395269
566462289495009683
566456156712181497
566449917475910711
566443571786197325
566437119643041339
566430561046442753
566423895996401567
566417124492917781
566410246535991395
566403262125622409
566396171261810823
566388973944556637
566381670173859851
566374259949720465
566366743272138479
566359120141113893
566351390556646707
566343554518736921
566335612027384535
566327563082589549
566319407684351963
566311145832671777
566302777527548991
566294302768983605
566285721556975619
566277033891525033
566268239772631847
566259339200296061
566250332174517675
566241218695296689
566231998762633103
566222672376526917
566213239536978131
566203700243986745
566194054497552759
566184302297676173
566174443644356987
566164478537595201
566154406977390815
566144228963743829
566133944496654243
566123553576122057
566113056202147271
566102452374729885
566091742093869899
566080925359567313
566070002171822127
566058972530634341
566047836436003955
566036593887930969
566025244886415383
566013789431457197
566002227523056411
565990559161213025
565978784345927039
565966903077198453
565954915355027267
565942821179413481
565930620550357095
565918313467858109
565905899931916523
565893379942532337
565880753499705551
565868020603436165
565855181253724179
565842235450569593
565829183193972407
565816024483932621
565802759320450235
565789387703525249
565775909633157663
565762325109347477
565748634132094691
565734836701399305
565720932817261319
565706922479680733
565692805688657547
565678582444191761
565664252746283375
565649816594932389
565635273990138803
565620624931902617
565605869420223831
565591007455102445
565576039036538459
565560964164531873
565545782839082687
565530495060190901
565515100827856515
565499600142079529
565483993002859943
565468279410197757
565452459364092971
565436532864545585
565420499911555599
565404360505123013
565388114645247827
565371762331930041
565355303565169655
565338738344966669
565322066671321083
565305288544232897
565288403963702111
565271412929728725
565254315442312739
565237111501454153
565219801107152967
565202384259409181
565184860958222795
565167231203593809
565149494995522223
565131652334008037
565113703219051251
565095647650651865
565077485628809879
565059217153525293
565040842224798107
565022360842628321
565003773007015935
564985078717960949
564966277975463363
564947370779523177
564928357130140391
564909237027315005
564890010471047019
564870677461336433
564851237998183247
564831692081587461
564812039711549075
564792280888068089
564772415611144503
564752443880778317
564732365696969531
564712181059718145
564691889969024159
564671492424887573
564650988427308387
564630377976286601
564609661071822215
564588837713915229
564567907902565643
564546871637773457
564525728919538671
564504479747861285
564483124122741299
564461662044178713
564440093512173527
564418418526725741
564396637087835355
564374749195502369
564352754849726783
564330654050508597
564308446797847811
564286133091744425
564263712932198439
564241186319209853
564218553252778667
564195813732904881
564172967759588495
564150015332829509
564126956452627923
564103791118983737
564080519331896951
564057141091367565
564033656397395579
564010065249980993
563986367649123807
563962563594824021
563938653087081635
563914636125896649
563890512711269063
563866282843198877
563841946521686091
563817503746730705
563792954518332719
563768298836492133
563743539362545012
563718681419163486
563693727667683620
563668678108105414
563643532740428868
563618291564653982
563592954580780756
563567521788809190
563541993188739284
563516368780571038
563490648564304452
563464832539939526
563438920707476260
563412913066914654
563386809618254708
563360610361496422
563334315296639796
563307924423684830
563281437742631524
563254855253479878
563228176956229892
563201402850881566
563174532937434900
563147567215889894
563120505686246548
563093348348504862
563066095202664836
563038746248726470
563011301486689764
562983760916554718
562956124538321332
562928392351989606
562900564357559540
562872640555031134
562844620944404388
562816505525679302
562788294298855876
562759987263934110
562731584420914004
562703085769795558
562674491310578772
562645801043263646
562617014967850180
562588133084338374
562559155392728228
562530081893019742
562500912585212916
562471647469307750
562442286545304244
562412829813202398
562383277273002212
562353628924703686
562323884768306820
562294044803811614
562264109031218068
562234077450526182
562203950061735956
562173726864847390
562143407859860484
562112993046775238
562082482425591652
562051875996309726
562021173758929460
561990375713450854
561959481859873908
561928492198198622
561897406728424996
561866225450553030
561834948364582724
561803575470514078
561772106768347092
561740542258081766
561708881939718100
561677125813256094
561645273878695748
561613326136037062
561581282585280036
561549143226424670
561516908059470964
561484577084418918
