239001148584958402
239001051446469951
239000870651347318
239000610347853355
239000272264430917
238999858129522859
238999369325883465
238998806890578448
238998172206362092
238997465618922968
238996687128261076
238995836734376416
238994914437268988
238993923002447360
238992867960928668
238991752078221480
238990576045702938
238989340554750184
238988045605363218
238986691197542040
238985277331286650
238983804006597048
238982271223473234
238980678981915208
238979027973300112
238977318889005088
238975551729030136
238973726493375256
238971843182040448
238969901795025712
238967902332331048
238965844793956456
238963729179901936
238961555490167488
238959323724753112
238957033883658808
238954685966884576
238952279974430416
238949815906296328
238947294453859454
238944716308496936
238942081470208774
238939389938994968
238936641714855518
238933836797790424
238930975187799686
238928056884883304
238925081889041278
238922050200273608
238918961818580294
238915816743961336
238912614976416734
238909356515946488
238906041362550598
238902669516229064
238899240976981886
238895755744809064
238892213819710598
238888615201686488
238884959890736734
238881247886861336
238877479190060294
238873654491710750
238869774483189846
238865839164497582
238861848535633958
238857802596598974
238853701347392630
238849544788014926
238845332918465862
238841065738745438
238836743248853654
238832365448790510
238827932338556006
238823443918150142
238818900187572918
238814301146824334
238809646795904390
238804937134813086
238800172163550422
238795351882116398
238790476290511014
238785545388734270
238780559176786166
238775517654666702
238770420822375878
238765268679913694
238760061227280150
238754798464475246
238749480391498982
238744107008351358
238738678315032374
238733194311542030
238727654997880326
238722060374047262
238716410440042838
238710705195867054
238704944641519910
238699128777001406
238693257602311542
238687331117450318
238681350359483447
238675318093919497
238669236049201323
238663104225328925
238656922622302303
238650691240121457
238644410078786387
238638079138297093
238631699801407859
238625273450872969
238618800086692423
238612279708866221
238605712317394363
238599097912276849
238592436493513679
238585728061104853
238578972615050371
238572170155350233
238565320682004439
238558424195012989
238551480694375883
238544490180093121
238537452652164703
238530368110590629
238523236555370899
238516057986505513
238508832403994471
238501559807837773
238494240198035419
238486873574587409
238479459937493743
238471999286754421
238464491622369443
238456936944338809
238449335252662519
238441686547340573
238433990828372971
238426248095759713
238418458349500799
238410621589596229
238402737816046003
238394807028850121
238386829228008583
238378804413521389
238370732585388539
238362613743610033
238354447888185871
238346235019116053
238337975136400579
238329668240039449
238321314330032663
238312913406380221
238304465469082123
238295970518138369
238287428553548959
238278839575313893
238270203583433171
238261520577906793
238252790558734759
238244013525917069
238235189479453723
238226318419344721
238217400345590063
238208435258189749
238199423157143779
238190364042452153
238181257914114871
238172104772131933
238162904616503339
238153657447229089
238144363264309183
238135022067743621
238125633857532403
238116198633675529
238106716396172999
238097187145024813
238087610880230971
238077987601791473
238068317309706319
238058600003975509
238048835684599043
238039024351576921
238029166004909143
238019260644595709
238009308270636619
237999308883031873
237989262481781471
237979169066885413
237969028638343699
237958841196156329
237948606740323303
237938325270844621
237927996787720283
237917621290950289
237907198780534639
237896729256473333
237886212718766371
237875649167413753
237865038602415479
237854381023771549
237843676431481963
237832924825546721
237822126205965823
237811280572739269
237800387925867059
237789448265349193
237778461591185671
237767427903376493
237756347201921659
237745219486821169
237734044758075023
237722823015683221
237711554259645763
237700238489962649
237688875706633879
237677465909659453
237666009099039371
237654505274773633
237642954436862239
237631356585305189
237619711720102483
237608019841254121
237596280948760103
237584495042620429
237572662122835099
237560782189404113
237548855242327471
237536881281605173
237524860307237219
237512792319223609
237500680428761482
237488530858245116
237476346718871650
237464128010641084
237451874733553418
237439586887608652
237427264472806786
237414907489147820
237402515936631754
237390089815258588
237377629125028322
237365133865940956
237352604037996490
237340039641194924
237327440675536258
237314807141020492
237302139037647626
237289436365417660
237276699124330594
237263927314386428
237251120935585162
237238279987926796
237225404471411330
237212494386038764
237199549731809098
237186570508722332
237173556716778466
237160508355977500
237147425426319434
237134307927804268
237121155860432002
237107969224202636
237094748019116170
237081492245172604
237068201902371938
237054876990714172
237041517510199306
237028123460827340
237014694842598274
237001231655512108
236987733899568842
236974201574768476
236960634681111010
236947033218596444
236933397187224778
236919726586996012
236906021417910146
236892281679967180
236878507373167114
236864698497509948
236850855052995682
236836977039624316
236823064457395850
236809117306310284
236795135586367618
236781119297567852
236767068439910986
236752983013397020
236738863018025954
236724708453797788
236710519320712522
236696295618770156
236682037347970690
236667744508314124
236653417099800458
236639055122429692
236624658576201826
236610227461116860
236595761777174794
