5052738138
5046805924
5036952416
5023630071
5007241073
4988187606
4966771308
4943142998
4917302676
4889250342
4859086542
4826911822
4792726182
4756730714
4719126510
4679913570
4639091894
4596661482
4552622334
4507577726
4462130934
4416281958
4370030798
4323377454
4276321926
4228864214
4181004318
4132742238
4084077974
4035011526
3985542894
3935672078
3885399078
3834723894
3783646526
3732166974
3680335511
3628353229
3576370947
3524388665
3472406383
3420424101
3368441819
3316459537
3264477255
3212494973
3160512691
3108530409
3056548127
3004565845
2952583563
2900601281
2848618999
2796636717
2744654435
2692672153
2640689871
2588707589
2536725307
2484743025
2432760743
2380778461
2328796179
2276813897
2224831615
2172849333
2120867051
2068884769
2016902487
1964920205
1912937923
1860955641
1808973359
1756991077
1705008795
1653026513
1601044231
1549061949
1497079667
1445097385
1393115103
1341132821
1289150539
1237168257
1185185975
1133354512
1081975506
1031199776
981027322
931458144
882492242
834129616
786370266
739214192
692661394
646711872
601365626
556622656
512482962
468946544
426013402
383683536
341956946
300833632
260414140
220799016
181988260
143981872
106779852
70382200
34788916
0
0
0
0
0
0
0
0
0
0
0
0
0
0
0
0
0
0
0
0
0
0
0
0
0
0
0
0
0
0
0
0
0
0
0
0
0
0
0
0
0
0
0
0
0
0
0
0
0
0
0
0
0
0
0
0
0
0
0
0
0
0
0
0
0
0
0
0
0
0
0
0
0
0
0
0
0
0
0
0
0
0
0
0
0
0
0
0
0
0
0
0
0
0
0
0
0
0
0
0
0
0
0
0
0
0
0
0
0
0
0
0
0
0
0
0
0
0
0
0
0
0
0
0
0
0
0
0
0
0
0
0
0
0
0
0
0
0
0
0
0
0
0
0
0
0
0
0
0
0
0
0
0
0
0
0
0
0
0
0
0
0
0
0
0
0
0
0
0
0
0
0
0
0
0
0
0
0
0
0
0
0
0
0
0
0
0
0
0
