591202281846021030
591202112757758959
591201803940611511
591201358113039491
591200776906119382
591200064125696311
591199222490231083
591198253630800181
591197158634787927
591195937502194321
591194590233019363
591193116827263053
591191517828617552
591189798674004470
591187964256653256
591186014576563910
591183949633736432
591181769428170822
591179473959867080
591177063228825206
591174537235045200
591171895978527062
591169139459270792
591166267677276390
591163280632543856
591160178325073190
591156960754864392
591153627921917462
591150179826232400
591146616467809206
591142937846647880
591139145050132744
591135239165648120
591131220193194008
591127088132770408
591122842984377320
591118484748014744
591114013423682680
591109429011381128
591104731511110088
591099920922869560
591094997246659544
591089960482480040
591084812261407531
591079554758210661
591074188516581591
591068713536520321
591063129818026851
591057437361101181
591051636165743311
591045726231953241
591039707559730971
591033580149076501
591027343999989831
591020999112470961
591014545486519891
591007984209520943
591001316368858439
590994541964532379
590987660996542763
590980673464889591
590973579369572863
590966378710592579
590959071487948739
590951657701641343
590944137351670391
590936510438035883
590928776960737819
590920936919776199
590912990315151023
590904937146862291
590896777414910003
590888511119294159
590880138260014759
590871661555532608
590863086442769316
590854415640185688
590845649147781724
590836786965557424
590827829093512788
590818775531647816
590809626279962508
590800381338456864
590791040707130884
590781604385984568
590772072375017916
590762444674230928
590752721283623604
590742902203195944
590732987432947948
590722976972879616
590712870822990948
590702668983281944
590692371453752604
590681978234402928
590671489325232916
590660904726242568
590650224437431884
590639448458800864
590628580052502474
590617626830226968
590606593141511634
590595478986356472
590584284364761482
590573009276726664
590561653722252018
590550217701337544
590538701213983242
590527104260189112
590515426839955154
590503668953281368
590491830600167754
590479911780614312
590467912494621042
590455832742187944
590443672523315018
590431431838002264
590419110686249682
590406709068057272
590394226983425034
590381664432352968
590369021414841074
590356297930889352
590343493980497802
590330609563666424
590317644680395218
590304599330684184
590291473514533322
590278267231942632
590264980482912114
590251613267441768
590238165585531594
590224637437181592
590211028822391762
590197339741162104
590183570193492618
590169720179383304
590155789698834162
590141778751845192
590127687338416394
590113515458547768
590099263112239314
590084930299491032
590070517020302922
590056023274674984
590041449062607218
590026794384099624
590012059239152202
589997243627764952
589982347549937874
589967371005670968
589952313994964234
589937176517817672
589921958574231282
589906660164205064
589891281287739018
589875821944833144
589860282135487442
589844661859701912
589828961117476554
589813179908811368
589797318233706354
589781376092161512
589765353484176842
589749250409752344
589733066868888018
589716802861583864
589700458387839882
589684033447656072
589667528041032434
589650942167968968
589634275828465674
589617529022522552
589600701750139602
589583794011316824
589566805806054218
589549737134351784
589532587996209522
589515358391627432
589498048320605514
589480657783143768
589463186779242194
589445635308900792
589428003372119562
589410290968898504
589392498099237618
589374624763136904
589356670960596362
589338636691615992
589320521956195794
589302326754335768
589284051086035914
589265694951296232
589247258350116722
589228741282497384
589210143748438218
589191465747939224
589172707281000402
589153868347621752
589134948947803274
589115949081544968
589096868748846834
589077707949708872
589058466684131082
589039144952113464
589019742753656018
589000260088758744
588980696957421642
588961053359644712
588941329295427954
588921524764771368
588901639767674954
588881674304138712
588861628374162642
588841501977746744
588821295114891018
588801007785595464
588780639989860082
588760191727684872
588739662999069834
588719053804014968
588698364142520274
588677594014585752
588656743420211402
588635812359397224
588614800832143218
588593708838449384
588572536378315722
588551283451742232
588529950058728914
588508536199275768
588487041873382794
588465467081049992
588443811822277362
588422076097064904
588400259905412618
588378363247320504
588356386122788562
588334328531816792
588312190474405194
588289971950553768
588267672960262514
588245293503531432
588222833580360522
588200293190749784
588177672334699218
588154971012208824
588132189223278602
588109326967908552
588086384246098674
588063361057848968
588040257403159434
588017073282030072
587993808694460882
587970463640451864
587947038120003018
587923532133114344
587899945679785842
587876278760017512
587852531373809354
587828703521161368
587804795202073554
587780806416545912
587756737164578442
587732587446171144
587708357261324018
587684046610037064
587659655492310282
587635183908143672
587610631857537234
587585999340490968
587561286357004874
587536492907078952
587511618990713202
587486664607907624
587461629758662218
587436514442976984
587411318660851922
587386042412287032
587360685697282314
587335248515837768
587309730867953394
587284132753629192
587258454172865162
587232695125661304
587206855612017618
587180935631934104
587154935185410762
587128854272447592
587102692893044594
587076451047201768
587050128734919114
587023725956196632
586997242711034322
586970678999432184
586944034821390218
586917310176908424
586890505065986802
586863619488625352
586836653444824074
