1994821024071896833
1994819866573366266
1994817929086611046
1994815216605153738
1994811729128994342
1994807468655541884
1994802443174432468
1994796660675302198
1994790123155560100
1994782830615206174
1994774783054240420
1994765980472662838
1994756427863995993
1994746135215285015
1994735107520052469
1994723344778298355
1994710846990022673
1994697615153929936
1994683651267429170
1994668956329224888
1994653530339317090
1994637373297705776
1994620485204390946
1994602915994598250
1994584715603553338
1994565884031256210
1994546421277706866
1994526327342905306
1994505602226851530
1994484245929545538
1994462258450987330
1994439639791176906
1994416389950114266
1994392508927799410
1994367996724232338
1994342853339413050
1994317078773341546
1994290673026017826
1994263636097441890
1994235967987613738
1994207668696533370
1994178738224200786
1994149176570615986
1994118983735778970
1994088159719689738
1994056704522348290
1994024618143754626
1993991900583908746
1993958551842810650
1993924571920460338
1993889960816857810
1993854718532003066
1993818845065896106
1993782340418536930
1993745204589925538
1993707437580061930
1993669039388946106
1993630010016578066
1993590349462957810
1993550057728085338
1993509134811960650
1993467580714583746
1993425395435954626
1993382578976073290
1993339131334939738
1993295052512553970
1993250342508915986
1993205003321434812
1993159036947519474
1993112443387169972
1993065222640386306
1993017374707168476
1992968899587516482
1992919797281430324
1992870067788910002
1992819711109955516
1992768727244566866
1992717116192744052
1992664877954487074
1992612027510363627
1992558594821509101
1992504594868491191
1992450027651309897
1992394893169965219
1992339191424457157
1992282922414785711
1992226086140950881
1992168682602952667
1992110711800791069
1992052173734466087
1991993068403977721
1991933395809325971
1991873155950510837
1991812348827532319
1991750974440390417
1991689032789085131
1991626523873616461
1991563447693984407
1991499804250188969
1991435593542230147
1991370815570107941
1991305470333822351
1991239557833373377
1991173078068761019
1991106031039985277
1991038416747046151
1990970235189943641
1990901486368677747
1990832170283248469
1990762286933655807
1990691836319899761
1990620818441980331
1990549233299897517
1990477080893651319
1990404361223241737
1990331074288668771
1990257220089932421
1990182798627032687
1990107809899969569
1990032253908743067
1989956130653353181
1989879440133799911
1989802182350083257
1989724357302203219
1989645964990159797
1989567005413952991
1989487478573582801
1989407384469049227
1989326723100352269
1989245494467491927
1989163698570468201
1989081335409281091
1988998404983930597
1988914907294416719
1988830842340739457
1988746210122898811
1988661010640894781
1988575243894727367
1988488909884396569
1988402008609902387
1988314540071244821
1988226504268423871
1988137901201439537
1988048730870291819
1987958993274980717
1987868688415506231
1987777816291868361
1987686376904067107
1987594370252102469
1987501796335974447
1987408655155683041
1987314946711228251
1987220671002610077
1987125828029828519
1987030417792883577
1986934440291775251
1986837895526503541
1986740783497068447
1986643104203469969
1986544857645708107
1986446043823782861
1986346662737694231
1986246714387442217
1986146198773026819
1986045115894448037
1985943465751705871
1985841248344800321
1985738463673731387
1985635111738499069
1985531192539103367
1985426706075544281
1985321652347821811
1985216031355935957
1985109843099886719
1985003087579674097
1984895764795298091
1984787874746758701
1984679417434055927
1984570392857189769
1984460801016160227
1984350641910967301
1984239915541610991
1984128621908091297
1984016761010408219
1983904332848561757
1983791337422551911
1983677774732378681
1983563644778042067
1983448947559542069
1983333683076878687
1983217851330051921
1983101452319061771
1982984486043908237
1982866952504591319
1982748851701111017
1982630183633467331
1982510948301660261
1982391145705689807
1982270775845555969
1982149838721258747
1982028334332798141
1981906262680174151
1981783623763386777
1981660417582436019
1981536644137321877
1981412303428044351
1981287395454603441
1981161920216999147
1981035877715231469
1980909267949300407
1980782090919205961
1980654346624948131
1980526035066526917
1980397156243942319
1980267710157194337
1980137696806282971
1980007116191208221
1979875968311970087
1979744253168568569
1979611970761003667
1979479121089275381
1979345704153383711
1979211719953328657
1979077168489110219
1978942049760728397
1978806363768183191
1978670110511474601
1978533289990602627
1978395902205567269
1978257947156368527
1978119424843006401
1977980335265480891
1977840678423791997
1977700454317939719
1977559662947924057
1977418304313745011
1977276378415402581
1977133885252896767
1976990824826227569
1976847197135394987
1976703002180399021
1976558239961239671
1976412910477916937
1976267013730430819
1976120549718781317
1975973518442968431
1975825919902992161
1975677754098852507
1975529021030549469
1975379720698083047
1975229853101453241
1975079418240660051
1974928416115703477
1974776846726583519
1974624710073300177
1974472006155853451
1974318734974243341
1974164896528469847
1974010490818532969
1973855517844432707
1973699977606169061
1973543870103742031
1973387195337151617
1973229953306397819
1973072144011480637
1972913767452400071
1972754823629156121
1972595312541748787
1972435234190178069
1972274588574443967
1972113375694546481
1971951595550485611
1971789248142261357
1971626333469873719
1971462851533322697
1971298802332608291
1971134185867730501
1970969002138689327
1970803251145484769
1970636932888116827
1970470047366585501
1970302594580890791
1970134574531032697
1969965987217011219
1969796832638826357
1969627110796478111
1969456821689966481
1969285965319291467
1969114541684453069
1968942550785451287
1968769992622286121
1968596867194957571
1968423174503465637
1968248914547810319
1968074087327991617
1967898692844009531
1967722731095864061
1967546202083555207
1967369105807082969
1967191442266447347
