12217970862
12204994144
12182402147
12151289293
12112046447
12064829955
12009874336
11947335936
11877292928
11799745312
11714693088
11622917986
11525201736
11421544338
11312102138
11197031482
11076332370
10950004802
10818048778
10680464298
10537251362
10388409970
10233940122
10073841818
9909678518
9744420796
9579475766
9414843428
9250523782
9086516828
8922822566
8759440996
8596372118
8433615932
8271172438
8109041636
7947223526
7785718108
7624525382
7463645348
7303078006
7142823356
6982881398
6823252132
6663935558
6504931676
6346240486
6187861988
6029796182
5872043068
5714758992
5558256646
5402692376
5248066182
5094378064
4941628022
4789816056
4638942166
4489006352
4340008614
4191948952
4044827366
3898643856
3753398422
3609091064
3465721782
3323290576
3181797446
3041242392
2901625414
2762946512
2625205686
2488402936
2352538262
2217611664
2083779488
1951198080
1819867440
1689787568
1560958464
1433380128
1307052560
1181975760
1058149728
935574464
814249968
694176240
575353280
457781088
341459664
226389008
112569120
0
0
0
0
0
0
0
0
0
0
0
0
0
0
0
0
0
0
0
0
0
0
0
0
0
0
0
0
0
0
0
0
0
0
0
0
0
0
0
0
0
0
0
0
0
0
0
0
0
0
0
0
0
0
0
0
0
0
0
0
0
0
0
0
0
0
0
0
0
0
0
0
0
0
0
0
0
0
0
0
0
0
0
0
0
0
0
0
0
0
0
0
0
0
0
0
0
0
0
0
0
0
0
0
0
0
0
0
0
0
0
0
0
0
0
0
0
0
0
0
0
0
0
0
0
0
0
0
0
0
0
0
0
0
0
0
0
0
0
0
0
0
0
0
0
0
0
0
0
0
0
0
0
0
0
0
0
0
0
0
0
0
0
0
0
0
0
0
0
0
0
0
0
0
0
0
0
0
0
0
0
0
0
0
0
0
0
0
0
0
0
0
0
0
0
0
0
0
0
0
0
0
0
0
0
0
0
0
