68436680406
68412631316
68372302842
68316434956
68246322609
68164555703
68073169161
67972902955
67863757085
67745731551
67618826353
67483041491
67338376965
67184832775
67022408921
66851105403
66671292207
66483339319
66287246739
66083014467
65870642503
65650500833
65422959443
65188018333
64945677503
64696306939
64440276627
64177586567
63908236759
63632597189
63351407829
63065038665
62773489697
62476760925
62174852349
61867763969
61555495785
61238787769
60919489851
60598711989
60276454183
59952716433
59627498739
59300801101
58972623519
58642965993
58311828523
57979211109
57645113751
57309536449
56972479203
56633942013
56293924879
55952427801
55609450779
55264993813
54919056903
54571640049
54222743251
53872366509
53520509823
53167173193
52812356619
52456060101
52098283639
51739027233
51378290883
51016074589
50652378351
50287202169
49920546043
49552409973
49182793959
48811698001
48439122099
48065066253
47689530463
47312514729
46934019051
46554043429
46172587863
45789652353
45405236899
45020081473
44634926047
44249770621
43864615195
43479459769
43094304343
42709148917
42323993491
41938838065
41553682639
41168527213
40783371787
40398216361
40013060935
39627905509
39242750083
38857594657
38472439231
38087283805
37702128379
37316972953
36931817527
36546662101
36161506675
35776351249
35391195823
35006040397
34620884971
34235729545
33850574119
33465418693
33080263267
32695107841
32309952415
31924796989
31539641563
31154486137
30769330711
30384175285
29999019859
29613864433
29228709007
28843553581
28458398155
28073242729
27688087303
27302931877
26917776451
26532621025
26147465599
25762310173
25377154747
24991999321
24606843895
24221688469
23836533043
23451377617
23066222191
22681066765
22295911339
21910755913
21525600487
21140445061
20755289635
20370134209
19984978783
19599823357
19214667931
18829512505
18444357079
18059201653
17674046227
17288890801
16903735375
16518579949
16133424523
15748269097
15363113671
14977958245
14592802819
14207647393
13822491967
13437336541
13052181115
12667025689
12281870263
11896714837
11511559411
11126403985
10741248559
10356093133
9970937707
9585782281
9200626855
8815471429
8430316003
8045160577
7660005151
7274849725
6889694299
6504538873
6119383447
5734228021
5349072595
4963917169
4578761743
4193606317
3808450891
3423295465
3038140039
2652984613
2267829187
1883228740
1500663216
1121057580
744411832
370725972
0
0
0
0
0
0
0
0
0
0
0
0
0
0
0
0
0
0
0
0
0
0
0
0
0
0
0
0
0
0
0
0
0
0
0
0
0
0
0
0
0
0
0
0
0
0
0
0
0
0
0
0
0
0
0
0
0
0
0
0
0
0
0
0
0
0
0
0
0
0
0
0
0
0
0
0
0
0
0
0
0
0
0
0
0
0
0
0
0
0
0
0
0
0
0
0
0
0
0
0
