11174227626
11161667778
11142678484
11119801618
11093037180
11062385170
11027845588
10989418434
10947103708
10900901410
10850811540
10796834098
10738969084
10677216498
10611725862
10542721459
10470502333
10395292767
10317092761
10235902315
10151721429
10064923908
9976107840
9885497508
9793092912
9698894052
9602900928
9505113540
9405531888
9304155972
9200985792
9096021348
8989262640
8880709668
8770362432
8658220932
8544285168
8428555140
8311030848
8191712292
8070599472
7947692388
7822991040
7696495428
7568803640
7441111852
7314018152
7187522540
7061625016
6936325580
6811624232
6687520972
6564015800
6441108716
6318799720
6197088812
6075975992
5955461260
5835544616
5716226060
5597505592
5479383212
5361858920
5244932716
5128604600
5012874572
4897742632
4783208780
4669273016
4555935340
4443195752
4331054252
4219510840
4108565516
3998218280
3888469132
3779318072
3670765100
3562810216
3455453420
3348694712
3242534092
3136971560
3032007116
2927640760
2824022014
2721300400
2619475918
2518548568
2418518350
2319385264
2221149310
2123810488
2027368798
1931824240
1837176814
1743426520
1650573358
1558617328
1467558430
1377396664
1288132030
1199764528
1112294158
1025720920
940044814
855265840
771533520
688997376
607657408
527513616
448566000
370814560
294259296
218900208
144737296
71770560
0
0
0
0
0
0
0
0
0
0
0
0
0
0
0
0
0
0
0
0
0
0
0
0
0
0
0
0
0
0
0
0
0
0
0
0
0
0
0
0
0
0
0
0
0
0
0
0
0
0
0
0
0
0
0
0
0
0
0
0
0
0
0
0
0
0
0
0
0
0
0
0
0
0
0
0
0
0
0
0
0
0
0
0
0
0
0
0
0
0
0
0
0
0
0
0
0
0
0
0
0
0
0
0
0
0
0
0
0
0
0
0
0
0
0
0
0
0
0
0
0
0
0
0
0
0
0
0
0
0
0
0
0
0
0
0
0
0
0
0
0
0
0
0
0
0
0
0
0
0
0
0
0
0
0
0
0
0
0
0
0
0
0
0
0
0
0
0
0
0
0
0
0
0
0
0
0
0
0
0
0
0
0
