1552512301254
1552314060279
1551956345453
1551459421409
1550842671709
1550109620637
1549260268193
1548294614377
1547212659189
1546014402629
1544699844697
1543272509677
1541741208279
1540111226929
1538382565627
1536555224373
1534629203167
1532604502009
1530481120899
1528259059837
1525938318823
1523518897857
1521000796939
1518384016069
1515668555247
1512875560177
1510049084409
1507212035789
1504364414317
1501506219993
1498637452817
1495758112789
1492868199909
1489967714177
1487056655593
1484135024157
1481202819869
1478260042729
1475306692737
1472342769893
1469368274197
1466383205649
1463387564249
1460381349997
1457364562893
1454337202937
1451299270129
1448250764469
1445191685957
1442122034593
1439041810377
1435951013309
1432849643389
1429737700617
1426615184993
1423482096517
1420338435189
1417184201009
1414019393977
1410845776235
1407665109925
1404477395047
1401282631601
1398080819587
1394871959005
1391656049855
1388433092137
1385203085851
1381966030997
1378721927575
1375472537727
1372219623595
1368963185179
1365703222479
1362439735495
1359172724227
1355902188675
1352628128839
1349350544719
1346069436315
1342784803627
1339496646655
1336204965399
1332909759859
1329611030035
1326308775927
1323002997535
1319693694859
1316380867899
1313064516655
1309744641127
1306421241315
1303094317219
1299763868839
1296429896175
1293092399227
1289751377995
1286406832479
1283058762679
1279707168595
1276352050227
1272993407575
1269631240639
1266265549419
1262896333915
1259523594127
1256147330055
1252767541699
1249384229059
1245997392135
1242607030927
1239213145435
1235815735659
1232414801599
1229010343255
1225602360627
1222190853715
1218775822519
1215357267039
1211935187275
1208509583227
1205080454895
1201647802279
1198211625379
1194771924195
1191328698727
1187881948975
1184431674939
1180977876619
1177520554015
1174061469269
1170602384523
1167143299777
1163684215031
1160225130285
1156766045539
1153306960793
1149847876047
1146388791301
1142929706555
1139470621809
1136011537063
1132552452317
1129093367571
1125634282825
1122175198079
1118716113333
1115257028587
1111797943841
1108338859095
1104879774349
1101420689603
1097961604857
1094502520111
1091043435365
1087584350619
1084125265873
1080666181127
1077207096381
1073748011635
1070288926889
1066829842143
1063370757397
1059911672651
1056452587905
1052993503159
1049534418413
1046075333667
1042616248921
1039157164175
1035698079429
1032238994683
1028779909937
1025320825191
1021861740445
1018402655699
1014943570953
1011484486207
1008025401461
1004566316715
1001107231969
997648147223
994189062477
990729977731
987270892985
983811808239
980352723493
976893638747
973434554001
969975469255
966516384509
963057299763
959598215017
956139130271
952680045525
949220960779
945761876033
942302791287
938843706541
935386383937
931932585617
928482311581
925035561829
921592336361
918152635177
914716458277
911283805661
907854677329
904429073281
901006993517
897588438037
894173406841
890761899929
887353917301
883949458957
880548524897
877151115121
873757229629
870366868421
866980031497
863596718857
860216930501
856840666429
853467926641
850098711137
846733019917
843370852981
840012210329
836657091961
833305497877
829957428077
826612882561
823271861329
819934364381
816600391717
813269943337
809943019241
806619619429
803299743901
799983392657
796670565697
793361263021
790055484629
786753230521
783454500697
780159295157
776867613901
773579456929
770294824241
767013715837
763736131717
760462071881
757191536329
753924525061
750661038077
747401075377
744144636961
740891722829
737642332981
734396467417
731154126137
727915309141
724680016429
721448248001
718220003857
714995283997
711774088421
708556417129
705342270121
702131647397
698924548957
695720974801
692520924929
689324399341
686131398037
682941921017
679755968281
676573539829
673394635661
670219255777
667047400177
663879068861
660714261829
657552979081
654395220617
651240986437
648090276541
644943090929
641799429601
638659292557
635522679797
632389591321
629260027129
626133987221
623011471597
619892480257
616777013201
613665070429
610556651941
607451757737
