1334117917641292588
1334116274366635704
1334113069491012636
1334108303014423384
1334101988821395367
1334094153047509609
1334084807943819715
1334073953510325685
1334061589747027519
1334047716653925217
1334032334231018779
1334015442478308205
1333997041395793495
1333977130983474649
1333955711241351667
1333932782169424549
1333908343767693295
1333882396036157905
1333854938974818379
1333826336848335239
1333797316552555715
1333768240718666515
1333739109346667639
1333709922436559087
1333680679988340859
1333651382002012955
1333622028477575375
1333592619415028119
1333563154814371187
1333533634675604579
1333504058998728295
1333474427783742335
1333444741030646699
1333414998739441387
1333385200910126399
1333355347542701735
1333325438637167395
1333295474193523379
1333265454211769687
1333235378691906319
1333205247633933275
1333175061037850555
1333144818903658159
1333114521231356087
1333084168020944339
1333053759272422915
1333023294985791815
1332992775161051039
1332962199798200587
1332931568897240459
1332900882458170655
1332870140480991175
1332839342965702019
1332808489912303187
1332777581320794679
1332746617191176495
1332715597523448635
1332684522317611099
1332653391573663887
1332622205291606999
1332590963471440435
1332559666113164195
1332528313216778279
1332496906415756501
1332465447343572675
1332433936000226801
1332402372385718879
1332370758133522723
1332339094877112147
1332307382616487151
1332275621351647735
1332243811082593899
1332211951809325643
1332180043531842967
1332148086250145871
1332116079964234355
1332084024674108419
1332051920379768063
1332019767081213287
1331987564778444091
1331955313471460475
1331923013160262439
1331890663844849983
1331858265525223107
1331825818201381811
1331793321873326095
1331760776541055959
1331728182204571403
1331695538863872427
1331662846518959031
1331630105169831215
1331597314816488979
1331564475458932323
1331531587097161247
1331498649731175751
1331465663360975835
1331432627986561499
1331399543607932743
1331366410225089567
1331333227838031971
1331299996446759955
1331266716051273519
1331233386651572663
1331200008247657387
1331166580839527691
1331133104427183575
1331099579010625039
1331066004589852083
1331032381164864707
1330998708735662911
1330964987302246695
1330931216864616059
1330897397422771003
1330863528976711527
1330829611526437631
1330795645071949315
1330761629613246579
1330727565150329423
1330693451683197847
1330659289211851851
1330625077736291435
1330590817256516599
1330556507772527343
1330522149284323667
1330487741791905571
1330453285295273055
1330418779794426119
1330384225289364763
1330349621780088987
1330314969266598791
1330280274282789431
1330245549896451419
1330210802641480011
1330176032517875207
1330141239525637007
1330106423664765411
1330071584935260419
1330036723337122031
1330001838870350247
1329966931534945067
1329932001330906491
1329897048258234519
1329862072316929151
1329827073506990387
1329792051828418227
1329757007281212671
1329721939865373719
1329686849580901371
1329651736427795627
1329616600406056487
1329581441515683951
1329546259756678019
1329511055129038691
1329475827632765967
1329440577267859847
1329405304034320331
1329370007932147419
1329334688961341111
1329299347121901407
1329263982413828307
1329228594837121811
1329193184391781919
1329157751077808631
1329122294895201947
1329086815843961867
1329051313924088391
1329015789135581519
1328980241478441251
1328944670952667587
1328909077558260527
1328873461295220071
1328837822163546219
1328802160163238971
1328766475294298327
1328730767556724287
1328695036950516851
1328659283475676019
1328623507132201791
1328587707920094167
1328551885839353147
1328516040889978731
1328480173071970919
1328444282385329711
1328408368830055107
1328372432406147107
1328336473113605711
1328300490952430919
1328264485922622731
1328228458024181147
1328192407257106167
1328156333621397791
1328120237117056019
1328084117744080851
1328047975502472287
1328011810392230327
1327975622413354971
1327939411565846219
1327903177849704071
1327866921264928527
1327830641811519587
1327794339489477251
1327758014298801519
1327721666239492391
1327685295311549867
1327648901514973947
1327612484849764631
1327576045315921919
1327539582913445811
1327503097642336307
1327466589502593407
1327430058494217111
1327393504617207419
1327356927871564331
1327320328257287847
1327283705774377967
1327247060422834691
1327210392202658019
1327173701113847951
1327136987156404487
1327100250330327627
1327063490635617371
1327026708072273719
1326989902640296671
1326953074339686227
1326916223170442387
1326879349132565151
1326842452226054519
1326805532450910491
1326768589807133067
1326731624294722247
1326694635913678031
1326657624664000419
1326620590545689411
1326583533558745007
1326546453703167207
1326509350978956011
1326472225386111419
1326435076924633431
1326397905594522047
1326360711395777267
1326323494328399091
1326286254392387519
1326248991587742551
1326211705914464187
1326174397372552427
1326137065962007271
1326099711682828719
1326062334535016771
1326024934518571427
1325987511633492687
1325950065879780551
1325912597257435019
1325875105766456091
1325837591406843767
1325800054178598047
1325762494081718931
1325724911116206419
1325687305282060511
1325649676579281207
1325612025007868507
1325574350567822411
1325536653259142919
1325498933081830031
1325461190035883747
1325423424121304067
1325385635338090991
1325347823686244519
1325309989165764651
1325272131776651387
1325234251518904727
1325196348392524671
1325158422397511219
1325120473533864371
1325082501801584127
1325044507200670487
1325006489731123451
1324968449392943019
1324930386186129191
1324892300110681967
1324854191166601347
1324816059353887331
1324777904672539919
1324739727122559111
1324701526703944907
1324663303416697307
1324625057260816311
1324586788236301919
1324548496343154131
1324510181581372947
1324471843950958367
1324433483451910391
1324395100084229019
1324356693847914251
1324318264742966087
1324279812769384527
1324241337927169571
1324202840216321219
1324164319636839471
1324125776188724327
1324087209871975787
