1462666518210
1462349235300
1461878869800
1461355481280
1460797884360
1460206079040
1459580065320
1458919843200
1458225412680
1457496773760
1456733926440
1455936870720
1455105606600
1454240134080
1453340453160
1452406563840
1451438466120
1450436160000
1449399645480
1448328922560
1447223991240
1446084851520
1444911503400
1443703946880
1442462181960
1441186208640
1439876026920
1438531636800
1437153038280
1435740231360
1434293216040
1432811992320
1431296560200
1429746919680
1428163070760
1426545013440
1424892747720
1423206273600
1421485591080
1419730700160
1417941600840
1416118293120
1414260777000
1412369052480
1410443119560
1408482978240
1406492049360
1404473753760
1402428091440
1400355062400
1398254666640
1396126904160
1393971774960
1391789279040
1389579416400
1387342187040
1385077590960
1382785628160
1380466298640
1378119602400
1375745539440
1373344109760
1370915313360
1368459150240
1365975620400
1363464723840
1360926460560
1358360830560
1355767833840
1353147470400
1350499740240
1347824643360
1345123890180
1342400046330
1339656532650
1336895914770
1334118192690
1331323366410
1328511435930
1325682401250
1322836262370
1319973019290
1317092672010
1314195220530
1311280664850
1308349004970
1305400240890
1302434372610
1299451400130
1296451323450
1293434142570
1290399857490
1287348468210
1284279974730
1281196942680
1278104503320
1275005222280
1271899099560
1268786135160
1265666329080
1262539681320
1259406191880
1256265860760
1253118687960
1249964673480
1246803817320
1243636119480
1240461579960
1237280198760
1234091975880
1230896911320
1227695005080
1224486257160
1221270667560
1218048236280
1214818963320
1211582848680
1208339892360
1205090094360
1201833454680
1198569973320
1195299650280
1192022485560
1188738479160
1185447631080
1182149941320
1178845409880
1175534036760
1172215821960
1168890765480
1165558867320
1162220127480
1158874545960
1155522122760
1152162857880
1148796751320
1145423803080
1142044013160
1138657381560
1135263908280
1131863593320
1128456436680
1125042438360
1121621598360
1118193916680
1114759393320
1111318028280
1107869821560
1104414773160
1100952883080
1097484151320
1094008577880
1090526162760
1087036905960
1083540807480
1080037867320
1076528085480
1073011461960
1069487996760
1065957689880
1062420541320
1058876551080
1055325719160
1051768045560
1048203530280
1044632173320
1041053974680
1037468934360
1033877052360
1030278328680
1026672763320
1023060356280
1019441107560
1015815017160
1012182085080
1008542311320
1004895695880
1001242238760
997581939960
993914799480
990240817320
986559993480
982872327960
979177820760
975476471880
971768281320
968053249080
964331375160
960602659560
956867102280
953124703320
949375462680
945619380360
941856456360
938086690680
934310083320
930526634280
926736343560
922939211160
919135237080
915324421320
911506763880
907682264760
903850923960
900012741480
896167717320
892315851480
888457143960
884591594760
880719203880
876839971320
872953897080
869060981160
865161223560
861254624280
857341183320
853420900680
849493776360
845563231200
841634396460
837708982560
833786989500
829868417280
825953265900
822041535360
818133225660
814228336800
810326868780
806428821600
802534195260
798642989760
794755205100
790870841280
786989898300
783112376160
779238274860
775367594400
771500334780
767636496000
763776078060
759919080960
756065504700
752215349280
748368614700
744525300960
740685408060
736848936000
733015884780
729186254400
725360044860
721537256160
717717888300
713901941280
710089415100
706280309760
702474625260
698672361600
694873518780
691078096800
687286095660
683497515360
679712355900
675930617280
672152299500
668377402560
664605926460
660837871200
657073236780
653312023200
649554230460
645799858560
642048907500
638301377280
634557267900
630816579360
627079311660
623345464800
619615038780
615888033600
612164449260
608444285760
604727543100
601014221280
597304320300
593597840160
589894780860
586195142400
582498924780
578806128000
575116752060
571430796960
567748262700
564069149280
560393456700
556721184960
553052334060
549386904000
545724894780
542066306400
538411138860
