18424501716672
18423894679872
18422832365472
18421399758624
18419627211168
18417514723104
18415062294432
18412269925152
18409137615264
18405665364768
18401862279216
18397746569712
18393327341808
18388604595504
18383578330800
18378248547696
18372615246192
18366678426288
18360438087984
18353921547936
18347183439456
18340251079200
18333124467168
18325803603360
18318288487776
18310579120416
18302675501280
18294577630368
18286285507680
18277799133216
18269118506976
18260243628960
18251180569536
18241935399072
18232508117568
18222898725024
18213107221440
18203133606816
18192977881152
18182640044448
18172120096704
18161418037920
18150539938464
18139497939072
18128298110112
18116940451584
18105424963488
18093751645824
18081920498592
18069931521792
18057784715424
18045480079488
18033017613984
18020397318912
18007619194272
17994683240064
17981589456288
17968337842944
17954928400032
17941361127552
17927636025504
17913753093888
17899712332704
17885513741952
17871157321632
17856643071744
17841970992288
17827141083264
17812153344672
17797007776512
17781704378784
17766243151488
17750624094624
17734847208192
17718912492192
17702819946624
17686569571488
17670161366784
17653595332512
17636871468672
17619989775264
17602950252288
17585752899744
17568397717632
17550884705952
17533213864704
17515385193888
17497398693504
17479254363552
17460952204032
17442492214944
17423874396288
17405098748064
17386165270272
17367073962912
17347824825984
17328417859488
17308853063424
17289130437792
17269249982592
17249211697824
17229015583488
17208661639584
17188149866112
17167480263072
17146652830464
17125667568288
17104524476544
17083223555232
17061764804352
17040148223904
17018373813888
16996441574304
16974351505152
16952103606432
16929697878144
16907146461024
16884461495808
16861642982496
16838690921088
16815605311584
16792386153984
16769033448288
16745547194496
16721927392608
16698174042624
16674287144544
16650266698368
16626112704096
16601825161728
16577404071264
16552849432704
16528161246048
16503339511296
16478384228448
16453295397504
16428073018464
16402717091328
16377227616096
16351604592768
16325848021344
16299957901824
16273934234208
16247777018496
16221486254688
16195061942784
16168504082784
16141812674688
16114987718496
16088029214208
16060937161824
16033711561344
16006352412768
15978859716096
15951233471328
15923473678464
15895580337504
15867553448448
15839393011296
15811099026048
15782671492704
15754110411264
15725415781728
15696587604096
15667625878368
15638530604544
15609301782624
15579939412608
15550443494496
15520814028288
15491051013984
15461154451584
15431124341088
15400972823232
15370724179488
15340390550592
15309971936544
15279468337344
15248879752992
15218206183488
15187447628832
15156604089024
15125675564064
15094662053952
15063563558688
15032380078272
15001111612704
14969758161984
14938319726112
14906796305088
14875187898912
14843494507584
14811716131104
14779852769472
14747904422688
14715871090752
14683752773664
14651549471424
14619261184032
14586887911488
14554429653792
14521886410944
14489258182944
14456544969792
14423746771488
14390863588032
14357895419424
14324842265664
14291704126752
14258481002688
14225172893472
14191779799104
14158301719584
14124738654912
14091090605088
14057357570112
14023539549984
13989636544704
13955648554272
13921575578688
13887417617952
13853174672064
13818846741024
13784433824832
13749935923488
13715353036992
13680685165344
13645932308544
13611094466592
13576171639488
13541163827232
13506071029824
13470893247264
13435630479552
13400282726688
13364849988672
13329332265504
13293729557184
13258041863712
13222269185088
13186411521312
13150468872384
13114441238304
13078328619072
13042131014688
13005848425152
12969480850464
12933028290624
12896490745632
12859868215488
12823160700192
12786368199744
12749490714144
12712528243392
12675480787488
12638348346432
12601130920224
12563828508864
12526441112352
12488968730688
12451411363872
12413769011904
12376041674784
12338229352512
12300332045088
12262349752512
12224282474784
12186130211904
12147892963872
12109570730688
12071163512352
12032671308864
11994094120224
11955431946432
11916684787488
11877858713760
11838959795616
11799988033056
11760943426080
11721825974688
11682635678880
11643372538656
11604036554016
11564627724960
11525146051488
11485591533600
11445964171296
11406263964576
11366490913440
11326645017888
11286726277920
11246734693536
11206670264736
11166532991520
11126322873888
11086039911840
11045684105376
11005255454496
10964753959200
10924179619488
