1127145565264607265
1127145047271331095
1127144039061229796
1127142555648601228
1127140627812756004
1127138303599447276
1127135607031551620
1127132538109069036
1127129096831999524
1127125283200343084
1127121097214099716
1127116538873269420
1127111608177852196
1127106305127848044
1127100629723256964
1127094581964078956
1127088161850314020
1127081371634106835
1127074215819746759
1127066696659378471
1127058814153001971
1127050568300617259
1127041959102224335
1127032986557823199
1127023650667413851
1127013951430996291
1127003888848570519
1126993462920136535
1126982673645694339
1126971521025243931
1126960005058785311
1126948125746318479
1126935883087843435
1126923277083360179
1126910307732868711
1126896975036369031
1126883278993861139
1126869219605345035
1126854796870820719
1126840010790288191
1126824861363747451
1126809348591198499
1126793472472641335
1126777233008075959
1126760630197502371
1126743664040920571
1126726334538330559
1126708641689732335
1126690585495125899
1126672165954511251
1126653383067888391
1126634236835257319
1126614727256618035
1126594931655604518
1126575003178054940
1126555017646173494
1126534975059960180
1126514875419414998
1126494718724537948
1126474504975329030
1126454234171788244
1126433906313915590
1126413521401711068
1126393079435174678
1126372580414306420
1126352024339106294
1126331411209574300
1126310741025710438
1126290013787514708
1126269229494987110
1126248388148127644
1126227489746936310
1126206534291413108
1126185521781558038
1126164452217371100
1126143325598852294
1126122141926001620
1126100901198819078
1126079603417304668
1126058248581458390
1126036836691280244
1126015367746770230
1125993841747928348
1125972258694754598
1125950618587248980
1125928921425411494
1125907167209242140
1125885355938740918
1125863487613907828
1125841562234742870
1125819579801246044
1125797540313417350
1125775443771256788
1125753290174764358
1125731079523940060
1125708811818783894
1125686487059295860
1125664105245475958
1125641666377324188
1125619170454840550
1125596617478025044
1125574007446877670
1125551340361398428
1125528616221587318
1125505835027444340
1125482996778969494
1125460101476162780
1125437149119024198
1125414139707553748
1125391073241751430
1125367949721617244
1125344769147151190
1125321531518353268
1125298236835223478
1125274885097761820
1125251476305968294
1125228010459842900
1125204487559385638
1125180907604596508
1125157270595475510
1125133576532022644
1125109825414237910
1125086017242121308
1125062152015672838
1125038229734892500
1125014250399780294
1124990214010336220
1124966120566560278
1124941970068452468
1124917770023161720
1124893533943556108
1124869267835354776
1124844971698557724
1124820645533164952
1124796289339176460
1124771903116592248
1124747486865412316
1124723040585636664
1124698564277265292
1124674057940298200
1124649521574735388
1124624955180576856
1124600358757822604
1124575732306472632
1124551075826526940
1124526389317985528
1124501672780848396
1124476926215115544
1124452149620786972
1124427342997862680
1124402506346342668
1124377639666226936
1124352742957515484
1124327816220208312
1124302859454305420
1124277872659806808
1124252855836712476
1124227808985022424
1124202732104736652
1124177625195855160
1124152488258377948
1124127321292305016
1124102124297636364
1124076897274371992
1124051640222511900
1124026353142056088
1124001036033004556
1123975688895357304
1123950311729114332
1123924904534275640
1123899467310841228
1123874000058811096
1123848502778185244
1123822975468963672
1123797418131146380
1123771830764733368
1123746213369724636
1123720565946120184
1123694888493920012
1123669181013124120
1123643443503732508
1123617675965745176
1123591878399162124
1123566050803983352
1123540193180208860
1123514305527838648
1123488387846872716
1123462440137311064
1123436462399153692
1123410454632400600
1123384416837051788
1123358349013107256
1123332251160567004
1123306123279431032
1123279965369699340
1123253777431371928
1123227559464448796
1123201311468929944
1123175033444815372
1123148725392105080
1123122387310799068
1123096019200897336
1123069621062399884
1123043192895306712
1123016734699617820
1122990246475333208
1122963728222452876
1122937179940976824
1122910601630905052
1122883993292237560
1122857354924974348
1122830686529115416
1122803988104660764
1122777259651610392
1122750501169964300
1122723712659722488
1122696894120884956
1122670045553451704
1122643166957422732
1122616258332798040
1122589319679577628
1122562350997761496
1122535352287349644
1122508323548342072
1122481264780738780
1122454175984539768
1122427057159745036
1122399908306354584
1122372729424368412
1122345520513786520
1122318281574608908
1122291012606835576
1122263713610466524
1122236384585501752
1122209025531941260
1122181636449785048
1122154217339033116
1122126768199685464
1122099289031742092
1122071779835203000
1122044240610068188
1122016671356337656
1121989072074011404
1121961442763089432
1121933783423571740
1121906094055458328
1121878374658749196
1121850625233444344
1121822845779543772
1121795036297047480
1121767196785955468
1121739327246267736
1121711427677984284
1121683498081105112
1121655538455630220
1121627548801559608
1121599529118893276
1121571479407631224
1121543399667773452
1121515289899319960
1121487150102270748
1121458980276625816
1121430780422385164
1121402550539548792
1121374290628116700
1121346000688088888
1121317680719465356
1121289330722246104
1121260950696431132
1121232540642020440
1121204100559014028
1121175630447411896
1121147130307214044
1121118600138420472
1121090039941031180
1121061449715046168
1121032829460465436
1121004179177288984
1120975498865516812
1120946788525148920
1120918048156185308
1120889277758625976
1120860477332470924
1120831646877720152
1120802786394373660
1120773895882431448
1120744975341893516
1120716024772759864
1120687044175030492
1120658033548705400
1120628992893784588
1120599922210268056
1120570821498155804
1120541690757447832
1120512529988144140
1120483339190244728
1120454118363749596
1120424867508658744
1120395586624972172
1120366275712689880
