1162042440008204916
1162042232676884644
1162041866798084164
1162041348469783484
1162040688363447618
1162039891052561572
1162038957299372847
1162037893201861451
1162036704095759891
1162035389981068167
1162033950857786279
1162032386725914227
1162030697585452011
1162028883436399631
1162026944278757087
1162024880112524379
1162022690937701507
1162020376754288471
1162017937562285271
1162015373361691907
1162012687201498383
1162009883655189705
1162006964247260875
1162003928977711893
1162000777846542759
1161997510853753473
1161994127999344035
1161990630807809447
1161987022328139713
1161983304084829835
1161979476077879813
1161975538307289647
1161971490773059337
1161967333475188883
1161963066413678285
1161958689588527543
1161954202999736657
1161949606647305627
1161944900531234453
1161940084651523135
1161935159008171673
1161930123601180067
1161924978430548317
1161919723496276423
1161914358798364385
1161908884336812203
1161903300111619877
1161897606122787407
1161891802370314793
1161885888854202035
1161879865574449133
1161873732531056087
1161867489724022897
1161861137153349563
1161854674819036085
1161848102721082463
1161841420859488697
1161834629234254787
1161827727845380733
1161820716692866535
1161813595776712193
1161806368145907711
1161799036849443093
1161791603411813341
1161784069357513457
1161776434686543441
1161768699398903293
1161760863494593013
1161752926973612601
1161744889835962057
1161736752081641381
1161728513710650573
1161720174722989633
1161711735118658561
1161703194897657357
1161694554059986021
1161685812605644553
1161676970534632953
1161668027846951221
1161658984542599357
1161649840621577361
1161640596083885233
1161631250929522973
1161621807445233084
1161612270204500572
1161602641494067940
1161592921313935188
1161583109664102316
1161573206544569324
1161563211955336212
1161553125896402980
1161542948367769628
1161532679369436156
1161522318901402564
1161511866963668852
1161501323556235020
1161490688679101068
1161479962332266996
1161469144515732804
1161458235229498492
1161447234473564060
1161436142247929508
1161424958552594836
1161413683387560044
1161402316752825132
1161390858648390100
1161379309074254948
1161367668030419676
1161355935516884284
1161344111533648772
1161332196080713140
1161320189158077388
1161308090765741516
1161295900903705524
1161283619571969412
1161271246770533180
1161258782499396828
1161246226758560356
1161233579548023764
1161220840867787052
1161208010717850220
1161195089098213268
1161182076008876196
1161168971449839004
1161155775421101692
1161142487922664260
1161129108954526708
1161115638516689036
1161102076609151244
1161088423231913332
1161074678384975300
1161060842068337148
1161046914281998876
1161032895025960484
1161018784300221972
1161004582104783340
1160990288439644588
1160975903304805716
1160961426700266724
1160946858626027612
1160932199082088380
1160917448068449028
1160902605585109556
1160887671632069964
1160872646209330252
1160857529316890420
1160842320954750468
1160827021122910396
1160811629821370204
1160796148574624894
1160780581956159472
1160764933014963942
1160749201751038304
1160733388164382558
1160717492254996704
1160701514022880742
1160685453468034672
1160669310590458494
1160653085390152208
1160636777867115814
1160620388021349312
1160603915852852702
1160587361361625984
1160570724547669158
1160554005410982224
1160537203951565182
1160520320169418032
1160503354064540774
1160486305636933408
1160469174886595934
1160451961813528352
1160434666417730662
1160417288699202864
1160399828657944958
1160382286293956944
1160364661607238822
1160346954597790592
1160329165265612254
1160311293610703808
1160293339633065254
1160275303332696592
1160257184709597822
1160238983763768944
1160220700495209958
1160202334903920864
1160183886989901662
1160165356753152352
1160146744193672934
1160128049311463408
1160109272106523774
1160090412578854032
1160071470728454182
1160052446555324224
1160033340059464158
1160014151240873984
1159994880099553702
1159975526635503312
1159956090848722814
1159936572739212208
1159916972306971494
1159897289552000672
1159877524474299742
1159857677073868704
1159837747350707558
1159817735304816304
1159797640936194942
1159777464244843472
1159757205230761894
1159736863893950208
1159716440234408414
1159695934252136512
1159675345947134502
1159654675319402384
1159633922368940158
1159613087095747824
1159592169499825382
1159571169581172832
1159550087339790174
1159528922775677408
1159507675888834534
1159486346679261552
1159464935146958462
1159443441291925264
1159421865114161958
1159400206613668544
1159378465790445022
1159356642644491392
1159334737175807654
1159312749384393808
1159290679270249854
1159268526833375792
1159246292073771622
1159223974991437344
1159201575586372958
1159179093858578464
1159156529808053862
1159133883434799152
1159111154738814334
1159088343720099408
1159065450378654374
1159042474714479232
1159019416727573982
1158996276417938624
1158973053785573158
1158949748830477584
1158926361552651902
1158902891952096112
1158879340028810214
1158855705782794208
1158831989214048094
1158808190322571872
1158784309108365542
1158760345571429104
1158736299711762558
1158712171529365904
1158687961024239142
1158663668196382272
1158639293045795294
1158614835572478208
1158590295776431014
1158565673657653712
1158540969216146302
1158516182451908784
1158491313364941158
1158466361955243424
1158441328222815582
1158416212167657632
1158391013789769574
1158365733089151408
1158340370065803134
1158314924719724752
1158289397050916262
1158263787059377664
1158238094745108958
1158212320108110144
1158186463148381222
1158160523865922192
1158134502260733054
1158108398332813808
1158082212082164454
1158055943508784992
1158029592612675422
1158003159393835744
1157976643852265958
1157950045987966064
1157923365800936062
1157896603291175952
1157869758458685734
1157842831303465408
1157815821825514974
1157788730024834432
1157761555901423782
1157734299455283024
1157706960686412158
1157679539594811184
1157652036180480102
1157624450443418912
1157596782383627614
1157569032001106208
1157541199295854694
