1227323832580948924
1227323621072187784
1227323246623343988
1227322718634806920
1227322037106576580
1227321213005773916
1227320257299519876
1227319169987814460
1227317954987486578
1227316618565462486
1227315163071839530
1227313588506617710
1227311894869797026
1227310082161377478
1227308150381359066
1227306099529741790
1227303929606525650
1227301640611710646
1227299232545296778
1227296705407284046
1227294059197672450
1227291293916461990
1227288409563652666
1227285406139244478
1227282283643237426
1227279042075631510
1227275681436426730
1227272201725623086
1227268602943220578
1227264885089219206
1227261048163618970
1227257092166419870
1227253017097621906
1227248824523956642
1227244516012155642
1227240091562218906
1227235551957512216
1227230898764767136
1227226132767349448
1227221253965259152
1227216262358496248
1227211162647255428
1227205962665194512
1227200665545776628
1227195271289001776
1227189779894869956
1227184191363381168
1227178505694535412
1227172722888332688
1227166842944772996
1227160865863856336
1227154791645582708
1227148620289952112
1227142351796964548
1227135986166620016
1227129523398918516
1227122963493860048
1227116306451444612
1227109552271672208
1227102700954542836
1227095752500056496
1227088706908213188
1227081564179012912
1227074324312455668
1227066987308541456
1227059553167270276
1227052021888642128
1227044393472657012
1227036667919314928
1227028845228615876
1227020925400559856
1227012908435146868
1227004794332376912
1226996583092249988
1226988274714766096
1226979869199925236
1226971366547727408
1226962769108269958
1226954081581747578
1226945306318257614
1226936443317800066
1226927492580374934
1226918454105982218
1226909327894621918
1226900113946294034
1226890812260998566
1226881422838735514
1226871945679504878
1226862380783306658
1226852728150140854
1226842987780007466
1226833159672906494
1226823243828837938
1226813240247801798
1226803148929798074
1226792969874826766
1226782703082887874
1226772348553981398
1226761906288107338
1226751376285265694
1226740758545456466
1226730053068679654
1226719259854935258
1226708378904223278
1226697410216543714
1226686353791896566
1226675209630281834
1226663977731699518
1226652658096149618
1226641250723632134
1226629755614147066
1226618172767694414
1226606502184274178
1226594743863886358
1226582897806530954
1226570964012207966
1226558942480917394
1226546833212659238
1226534636207433498
1226522351465240174
1226509978986079266
1226497518769950774
1226484970816854698
1226472335126791038
1226459611699759794
1226446800535760966
1226433901634794554
1226420914996860558
1226407840621958978
1226394678510089814
1226381428661253066
1226368091075448734
1226354665752676818
1226341152692937318
1226327551896230234
1226313863362555566
1226300087091913314
1226286223084303478
1226272271339726058
1226258231858181054
1226244104639668466
1226229889684188294
1226215586991740538
1226201196562325198
1226186718395942274
1226172152492591766
1226157498852273674
1226142757474987998
1226127928360734738
1226113011509513894
1226098006921325466
1226082914596169454
1226067734534045858
1226052466734954678
1226037111198895914
1226021667925869566
1226006136915875634
1225990518168914118
1225974811684985018
1225959017464088334
1225943135506224066
1225927165811392214
1225911108379592778
1225894963210825758
1225878730305091154
1225862409662388966
1225846001282719194
1225829505166081838
1225812921312476898
1225796249721904374
1225779490394364266
1225762643329856574
1225745708528381298
1225728685989938438
1225711575714527994
1225694377702149966
1225677091952804354
1225659718466491158
1225642257243210378
1225624708282962014
1225607071585746066
1225589347151562534
1225571534980411418
1225553635072292718
1225535647427206434
1225517572045152566
1225499408926131114
1225481158070142078
1225462819477185458
1225444393147261254
1225425879080369466
1225407277276510094
1225388587735683138
1225369810457888598
1225350945443126474
1225331992691396766
1225312952202699474
1225293825543766162
1225274614281328394
1225255318415386170
1225235937945939490
1225216472872988354
1225196923196532762
1225177288916572714
1225157570033108210
1225137766546139250
1225117878455665834
1225097905761687962
1225077848464205634
1225057706563218850
1225037480058727610
1225017168950731914
1224996773239231762
1224976292924227154
1224955728005718090
1224935078483704570
1224914344358186594
1224893525629164162
1224872622296637274
1224851634360605930
1224830561821070130
1224809404678029874
1224788162931485162
1224766836581435994
1224745425627882370
1224723930070824290
1224702349910261754
1224680685146194762
1224658935778623314
1224637101807547410
1224615183232967050
1224593180054882234
1224571092273292962
1224548919888199234
1224526662899601050
1224504321307498410
1224481895111891314
1224459384312779762
1224436788910163754
1224414110470774854
1224391350561344626
1224368509181873070
1224345586332360186
1224322582012805974
1224299496223210434
1224276328963573566
1224253080233895370
1224229750034175846
1224206338364414994
1224182845224612814
1224159270614769306
1224135614534884470
1224111876984958306
1224088057964990814
1224064157474981994
1224040175514931846
1224016112084840370
1223991967184707566
1223967740814533434
1223943432974317974
1223919043664061186
1223894572883763070
1223870020633423626
1223845386913042854
1223820671722620754
1223795875062157326
1223770996931652570
1223746037331106486
1223720996260519074
1223695873719890334
1223670669709220266
1223645384228508870
1223620018844487710
1223594575123888350
1223569053066710790
1223543452672955030
1223517773942621070
1223492016875708910
1223466181472218550
1223440267732149990
1223414275655503230
1223388205242278270
1223362056492475110
1223335829406093750
1223309523983134190
1223283140223596430
1223256678127480470
1223230137694786310
1223203518925513950
1223176821819663390
1223150046377234630
1223123192598227670
1223096260482642510
1223069250030479150
1223042161241737590
1223014994116417830
1222987748654519870
1222960424856043710
1222933022720989350
1222905542249356790
