399426648
397658898
394575942
390305058
384931098
378680334
371977026
365061588
357962304
350693316
343282908
335759364
328122684
320372868
312509916
304533828
296444604
288298812
280209588
272233500
264370548
256620732
248984052
241460508
234050100
226752828
219568692
212497692
205539828
198695100
191963508
185345052
178839732
172447548
166168500
160002588
153949812
148010172
142183668
136470300
130870068
125382972
120009012
114748188
109600500
104565948
99644532
94836252
90141108
85559100
81090228
76734492
72491892
68362428
64346100
60442908
56652852
52975932
49412148
45961500
42623988
39399612
36288372
33290268
30405300
27633468
24974772
22429212
19996788
17677500
15471348
13378332
11398452
9531708
7778100
6137628
4610292
3196092
1923312
848520
0
0
0
0
0
0
0
0
0
0
0
0
0
0
0
0
0
0
0
0
0
0
0
0
0
0
0
0
0
0
0
0
0
0
0
0
0
0
0
0
0
0
0
0
0
0
0
0
0
0
0
0
0
0
0
0
0
0
0
0
0
0
0
0
0
0
0
0
0
0
0
0
0
0
0
0
0
0
0
0
0
0
0
0
0
0
0
0
0
0
0
0
0
0
0
0
0
0
0
0
0
0
0
0
0
0
0
0
0
0
0
0
0
0
0
0
0
0
0
0
0
0
0
0
0
0
0
0
0
0
0
0
0
0
0
0
0
0
0
0
0
0
0
0
0
0
0
0
0
0
0
0
0
0
0
0
0
0
0
0
0
0
0
0
0
0
0
0
0
0
0
0
0
0
0
0
0
0
0
0
0
0
0
0
0
0
0
0
0
0
0
0
0
0
0
0
0
0
0
0
0
0
0
0
0
0
0
0
0
0
0
0
0
0
0
0
0
0
0
0
