19459106680
19433159889
19384226017
19317139257
19240186797
19157512231
19069510187
18976377979
18878115607
18774723071
18666200371
18553830048
18440177184
18326524320
18212871456
18099218592
17985565728
17871912864
17758260000
17644607136
17530954272
17417301408
17303648544
17189995680
17076342816
16962689952
16849037088
16735384224
16621731360
16508078496
16394425632
16280772768
16167119904
16053467040
15939814176
15826161312
15712508448
15598855584
15485202720
15371549856
15257896992
15144244128
15030591264
14916938400
14803285536
14689632672
14575979808
14462326944
14348674080
14235021216
14121368352
14007715488
13894062624
13780409760
13666756896
13553104032
13439451168
13325798304
13212145440
13098492576
12984839712
12871186848
12757533984
12643881120
12530228256
12416575392
12302922528
12189269664
12075616800
11961963936
11848311072
11734658208
11621005344
11507352480
11393699616
11280046752
11166393888
11052741024
10939088160
10825435296
10711782432
10598129568
10484476704
10370823840
10257170976
10143518112
10029865248
9916212384
9802559520
9688906656
9575253792
9461600928
9347948064
9234295200
9120642336
9006989472
8893336608
8779683744
8666030880
8552378016
8438725152
8325072288
8211419424
8097766560
7984113696
7870460832
7756807968
7643155104
7529502240
7415849376
7302196512
7188543648
7074890784
6961237920
6847585056
6733932192
6620279328
6506626464
6392973600
6279320736
6165667872
6052015008
5938362144
5824709280
5711056416
5597600866
5484539944
5371873650
5259601984
5147922260
5037031792
4926930580
4817618624
4709095924
4601362480
4494418292
4388263360
4282897684
4178321264
4074534100
3971536192
3869327540
3767908144
3667278004
3567437120
3468385492
3370123120
3272650004
3175966144
3080268854
2985755448
2892425926
2800280288
2709318534
2619540664
2530946678
2443536576
2357310358
2272268024
2188409574
2105735008
2024441640
1944726784
1866590440
1790032608
1715053288
1641652480
1569830184
1499586400
1430921128
1363834368
1298326120
1234396384
1172045160
1111272448
1052078248
994462560
938425384
883966720
831086568
779784928
730061800
681917184
635351080
590363488
546954408
505123840
464871784
426198240
389103208
353586688
319648680
287289184
256508200
227305728
199681768
173636320
149169384
126280960
104971048
85239648
67086760
50512384
35516520
22099168
10260328
0
0
0
0
0
0
0
0
0
0
0
0
0
0
0
0
0
0
0
0
0
0
0
0
0
0
0
0
0
0
0
0
0
0
0
0
0
0
0
0
0
0
0
0
0
0
0
0
0
0
0
0
0
0
0
0
0
0
0
0
0
0
0
0
0
0
0
0
0
0
0
0
0
0
0
0
0
0
0
0
0
0
0
0
0
0
0
0
0
0
0
0
0
0
