10425246624
10416437248
10400984736
10380044416
10354193952
10323433344
10287762592
10247759360
10204434560
10158365856
10109697664
10058574400
10005140480
9949395904
9891340672
9830974784
9768298240
9703311040
9636013184
9566404672
9494846544
9422205296
9348986384
9275189808
9200815568
9125863664
9050334096
8974226864
8897541968
8820279408
8742439184
8664021296
8585025744
8505452528
8425301648
8344573104
8263266896
8181383024
8098921488
8015882288
7932265424
7848070896
7763298704
7677948848
7592021328
7505516144
7418433296
7330772784
7242534608
7153718768
7064325264
6974498512
6884382928
6793978512
6703285264
6612303184
6521032272
6429472528
6337840576
6246569664
6155876416
6065760832
5976222912
5887262656
5798880064
5711075136
5623847872
5537198272
5451126336
5365632064
5280715456
5196376512
5112615232
5029431616
4946825664
4864797376
4783346752
4702473792
4622178496
4542460864
4463320896
4384758592
4306773952
4229366976
4152537664
4076286016
4000612032
3925515712
3850997056
3777056064
3703692736
3630907072
3558699072
3487068736
3416016064
3345541056
3275643712
3206324032
3137582016
3069417664
3001830976
2934821952
2868390592
2802536896
2737260864
2672562496
2608441792
2544898752
2481933376
2419545664
2357735616
2296503232
2235848512
2175771456
2116272064
2057350336
1999006272
1941239872
1884051136
1827440064
1771406656
1715950912
1661072832
1606772416
1553049664
1499904576
1447337152
1395347392
1343935296
1293100864
1242844096
1193309408
1144641216
1096839520
1049904320
1003835616
958633408
914297696
870828480
828225760
786489536
745619808
705616576
666479840
628209600
590805856
554268608
518597856
483793600
449855840
416784576
384724224
353819200
324069504
295475136
268036096
241752384
216624000
192650944
169833216
148170816
127663744
108312000
90115584
73074496
57188736
42458304
28883200
16463424
5198976
0
0
0
0
0
0
0
0
0
0
0
0
0
0
0
0
0
0
0
0
0
0
0
0
0
0
0
0
0
0
0
0
0
0
0
0
0
0
0
0
0
0
0
0
0
0
0
0
0
0
0
0
0
0
0
0
0
0
0
0
0
0
0
0
0
0
0
0
0
0
0
0
0
0
0
0
0
0
0
0
0
0
0
0
0
0
0
0
0
0
0
0
0
0
0
0
0
0
0
0
0
0
0
0
0
0
0
0
0
0
0
0
0
0
0
0
0
0
0
0
0
0
0
0
0
0
0
0
0
0
