16623116539
16597948927
16551078809
16483782803
16396060909
16292472477
16182136207
16069611449
15954898203
15838361217
15720547613
15601639765
15481637673
15360541337
15238350757
15115065933
14990686865
14865213553
14738645997
14610984197
14482228153
14352377865
14221433333
14089394557
13956261537
13822034273
13686712765
13550297013
13412969391
13274912273
13136125659
12996609549
12856363943
12715388841
12573684243
12431250149
12288086559
12144193473
11999753265
11854948309
11709778605
11564244153
11418344953
11272081005
11125452309
10978458865
10831100673
10683377733
10535290045
10386837609
10238020425
10088838493
9939291813
9789380385
9639104209
9488463285
9337457613
9186087193
9034352025
8882252109
8729787445
8576958033
8423763873
8270204965
8116281309
7962448840
7809619428
7658249008
7508337580
7359885144
7212891700
7067357248
6923281788
6780665320
6639507844
6499809360
6361569868
6224789368
6089467860
5955605344
5823201820
5692257288
5562771748
5434745200
5308177644
5183069080
5059419508
4937228928
4816497340
4697224744
4579411140
4463056528
4348160908
4234724280
4122746644
4012228000
3903168348
3795567688
3689426020
3584743344
3481519660
3379754968
3279449268
3180602560
3083214844
2987286120
2892816388
2799805648
2708253900
2618161144
2529527380
2442352608
2356636828
2272380040
2189582244
2108243440
2028363628
1949942808
1872980980
1797478144
1723434300
1650849448
1579723588
1510056720
1441848844
1375099960
1309810068
1245979168
1183607260
1122694344
1063240420
1005245488
948709548
893632600
840014644
787855680
737155708
687914728
640132740
593809744
548945740
505540728
463594708
423107680
384079644
346510600
310400548
275749488
242557420
210824344
180550260
151735168
124379068
98481960
74043844
51064720
29544588
9483448
0
0
0
0
0
0
0
0
0
0
0
0
0
0
0
0
0
0
0
0
0
0
0
0
0
0
0
0
0
0
0
0
0
0
0
0
0
0
0
0
0
0
0
0
0
0
0
0
0
0
0
0
0
0
0
0
0
0
0
0
0
0
0
0
0
0
0
0
0
0
0
0
0
0
0
0
0
0
0
0
0
0
0
0
0
0
0
0
0
0
0
0
0
0
0
0
0
0
0
0
0
0
0
0
0
0
0
0
0
0
0
0
0
0
0
0
0
0
0
0
0
0
0
0
0
0
0
0
0
0
0
0
0
0
0
0
0
0
0
0
0
0
