7395164667
7386224274
7370654610
7349246322
7321999410
7289947797
7255037691
7218181377
7179500493
7139238315
7097516481
7054334991
7009693845
6963593043
6916032585
6867012471
6816532701
6764897370
6712714668
6660288690
6607619436
6554706906
6501551100
6448152018
6394509660
6340624026
6286495116
6232122930
6177507468
6122648730
6067546716
6012201426
5956612860
5900781018
5844705900
5788387506
5731825836
5675020890
5617972668
5560681170
5503146396
5445368346
5387347020
5329082418
5270574540
5211823386
5152828956
5093591250
5034110268
4974386010
4914418476
4854207666
4793753580
4733056218
4672115580
4610931666
4549504476
4487834010
4425920268
4363763250
4301362956
4238719386
4175832540
4112702418
4049329020
3985712346
3921852396
3857749170
3793402668
3728812890
3663979836
3598903506
3533583900
3468021018
3402214860
3336165426
3269872716
3203336730
3136557468
3069534930
3002269116
2934881664
2867494212
2800106760
2732719308
2665331856
2598066042
2531165142
2464750794
2398822998
2333381754
2268427062
2203958922
2140098972
2076968850
2014568556
1952898090
1891957452
1831746642
1772265660
1713514506
1655493180
1598201682
1541640012
1485808170
1430706156
1376333970
1322691612
1269779082
1217596380
1166265144
1115907012
1066521984
1018110060
970671240
924205524
878712912
834193404
790647000
748073700
706473504
665846412
626192424
587511540
549803760
513069084
477307512
442519044
408703680
375861420
343992264
313096212
283173264
254223420
226246680
199243044
173212512
148155084
124070760
100959540
78821424
57656412
37464504
18245700
0
0
0
0
0
0
0
0
0
0
0
0
0
0
0
0
0
0
0
0
0
0
0
0
0
0
0
0
0
0
0
0
0
0
0
0
0
0
0
0
0
0
0
0
0
0
0
0
0
0
0
0
0
0
0
0
0
0
0
0
0
0
0
0
0
0
0
0
0
0
0
0
0
0
0
0
0
0
0
0
0
0
0
0
0
0
0
0
0
0
0
0
0
0
0
0
0
0
0
0
0
0
0
0
0
0
0
0
0
0
0
0
0
0
0
0
0
0
0
0
0
0
0
0
0
0
0
0
0
0
0
0
0
0
0
0
0
0
0
0
0
0
0
0
0
0
0
0
0
0
0
0
0
0
0
0
