6947139738
6939889257
6927510387
6910415757
6888723261
6862668687
6833077293
6801363807
6768235593
6733928439
6698796027
6662956251
6626409111
6589154607
6551192739
6512523507
6473146911
6433062951
6392271627
6350772939
6308566887
6265653471
6222032691
6177704547
6132669039
6086926167
6040475931
5993318331
5945453367
5896881039
5847601347
5797614291
5747037765
5695989663
5644469985
5592478731
5540015901
5487081495
5433675513
5379797955
5325448821
5270687058
5215630560
5160338274
5104810200
5049046338
4993046688
4936811250
4880340024
4823633010
4766690208
4709511618
4652097240
4594447074
4536561120
4478439378
4420081848
4361488530
4302659424
4243594530
4184293848
4124757378
4064985120
4004977074
3944733240
3884253618
3823538208
3762587010
3701400024
3639977250
3578318688
3516542232
3454765776
3393107214
3331684440
3270497454
3209546256
3148948740
3088822800
3029168436
2969985648
2911274436
2853034800
2795266740
2737970256
2681145348
2624792016
2568910260
2513500080
2458561476
2404094448
2350098996
2296575120
2243522820
2190942096
2138832948
2087195376
2036029380
1985334960
1935112116
1885360848
1836081156
1787273040
1738936500
1691071536
1643678148
1596756336
1550306100
1504327440
1458820356
1413784848
1369220916
1325128560
1281507780
1238358576
1195798842
1153946472
1112801466
1072363824
1032633546
993610632
955295082
917686896
880786074
844592616
809106522
774327792
740256426
706892424
674235786
642286512
611044602
580510056
550682874
521563056
493150602
465445512
438447786
412157424
386574426
361698792
337530522
314069616
291316074
269269896
247931082
227299632
207375546
188158824
169767360
152319048
135813888
120251880
105633024
91957320
79224768
67435368
56589120
46686024
37726080
29709288
22635648
16505160
11317824
7073640
3772608
1414728
0
0
0
0
0
0
0
0
0
0
0
0
0
0
0
0
0
0
0
0
0
0
0
0
0
0
0
0
0
0
0
0
0
0
0
0
0
0
0
0
0
0
0
0
0
0
0
0
0
0
0
0
0
0
0
0
0
0
0
0
0
0
0
0
0
0
0
0
0
0
0
0
0
0
0
0
0
0
0
0
0
0
0
0
0
0
0
0
0
0
0
0
0
0
0
0
0
0
0
0
0
0
0
0
0
0
0
0
0
0
0
0
0
0
0
0
0
0
0
0
0
0
0
0
0
0
0
0
0
0
0
0
0
