740822793799020424
740822319688421520
740821393377341248
740820031298367760
740818248058246080
740816048525891216
740813432701303168
740810400584481936
740806952175427520
740803087474139920
740798806480619136
740794109194865168
740788995616878016
740783465746657680
740777519584204160
740771157129517456
740764378382597568
740757183343444496
740749572012058240
740741546214281928
740733109601801816
740724264000461032
740715009410259576
740705347048426200
740695278132189656
740684802661549944
740673923070964568
740662641794891032
740650958833329336
740638874186279480
740626387853741464
740613499835715288
740600210132200952
740586518743198456
740572425668707800
740557930908728984
740543034463262008
740527736332306872
740512036515863576
740495935013932120
740479431826512504
740462526953604728
