3777429393
2019300064
1553315255
4544968132
2279586863
3565570869
4741428855
4778598739
4706897405
unbounded
4626158503
4102140479
1289518423
3874295015
153390018
4226013512
1230671797
956332364
3343933184
4606268642
2592476662
4359240968
2302186139
3833499088
2356984687
3153979354
4308178447
2488602582
2325331394
4537400271
2551526808
1488956182
3414095132
1774483052
936329824
4152631647
4275225783
690707921
2545349628
1937760731
2264328461
4114103211
4126254949
4657632910
3093232216
4084795910
3466610251
2778391934
3281714224
3957723296
4446540042
3300337907
3855799727
2333898374
1398805679
3032529092
3080964282
4540859354
1747101390
1405723985
1415657577
3288171541
4587888883
2172817753
2145027102
2611527148
4271352530
4430789177
1565765452
1649027670
4839827226
4198373541
3294241160
4577254742
538104869
474478705
3578592106
4341946947
4334362882
4031417430
4540893779
4741428855
650184632
2774897908
4250951489
unbounded
839626974
4317917778
4564159955
2642979413
4600056323
1726489392
634510189
1234863157
4314801968
716297931
2767446688
118205448
4228281656
4250512792
4851370262
2637655294
3748048261
3489260177
997865932
3869959637
2415023524
402019289
3468095134
1329699874
4671313155
1086590996
2885804174
3972864878
4395314703
4720795221
2502295384
2821943237
2051779780
2089281389
3113252577
3095639167
3539022474
4427594986
3616489236
4539213076
2686950522
1441866553
4709730368
3116353933
4434997006
746563710
4584595757
4514424545
1449517215
166689904
4607873063
4040216562
2893843929
2266538943
4578184543
4161665249
307961006
4354992574
1246256064
4431402007
2158101909
583795705
3848062526
4495521515
4839827226
unbounded
1842059493
unbounded
4421209032
4272441812
4414902690
4672823579
3013260689
4267627231
3253070503
741001467
4632231125
4584437004
3426408548
4552401409
2631741640
3457453452
3616497690
2792248719
4357645333
unbounded
3140072107
3533148678
4587974130
4814463474
2797639907
2606342083
4220261216
1601834421
3662768391
2514206412
2858603527
3746791609
3772808128
2564098260
2672242608
3206499668
3238238401
2552769451
914218242
1824653124
4090599484
unbounded
2346186517
3380806121
2200086606
1170713054
3754515960
2978093574
3587514576
4449015257
3740285981
1726926650
4445953809
2746468835
4416846964
4195555667
2392636458
4596138793
1579811572
4851370262
4690307251
4747152453
3901196537
2652411696
3124396210
4511920922
4279433503
2412765122
2579242164
1365364011
4568964666
1825313914
4752269628
1091596356
4567740149
4445556174
4839827226
1412855110
2421670586
3430960875
4297813835
2363902560
838932731
1073426776
524937097
4403908382
4412228266
3219654976
2774897908
1858037776
unbounded
2896589181
2856187090
3422654691
3748904897
2875785277
4620554188
812454936
2918058795
4741691951
4483952723
1350736905
1349435195
2423210162
2379693387
3110958029
4741691951
2477285398
4154891173
1067828994
2541796987
3788444491
2238097522
2033025532
3051689187
1295497976
3750668215
3204928473
4630128839
3269310886
3936480064
1389737136
3886459638
3652490614
4465675814
4681777870
2509953870
4826587133
1198303104
1775893534
1947000811
3068600890
4555664326
1338605756
unbounded
2523332108
1500570969
2207843988
3766830391
1579473692
4369531233
2942407326
4851370262
2704327933
unbounded
2831583517
209774109
1459394849
3900093354
671134580
3306863445
629974988
4054041084
unbounded
1082043561
1184370525
151688183
4238181749
4138730074
2820500204
4621202434
854152970
1870716287
2198513916
4239912747
1329159538
4639723366
2491819949
4058585661
4555412066
967089418
3218153977
1114380654
4676282663
4363987571
944698283
4564159955
883560084
unbounded
2473466948
2304665665
1930130797
2541193421
3008121225
4439564694
4473136987
4263244051
3468972219
3797997505
4274425807
793741035
4201763896
3915733470
4718894637
2819602385
4201788845
4622142115
4198007249
3701728274
unbounded
1735553168
2786094919
unbounded
324450911
2508033737
29906985
4405892381
3389445018
1298949290
1970647339
2218930845
4839827226
1786818419
2696799176
1835459280
342194446
590261152
4359389208
4679040165
unbounded
unbounded
2838358424
3029785505
3644800095
4399301997
4022207673
3685774744
4431402007
unbounded
3818733723
2029618593
3008746805
2027273770
4501953384
2218867493
1564254496
3731673179
4625074721
4294425236
4548041379
unbounded
3592424359
492971337
4342683413
4501436395
1514436448
1458513671
3918165879
4611912380
4160689144
4564109165
4641370912
3407722407
3798866073
3419410614
2610227369
3559337568
2718908391
3680331679
3633411080
3665234786
2428432779
3573770188
1330277344
1714480948
3815252328
1521032948
1329391045
4427616464
4782711187
2312919295
3381706509
3421891221
3943428043
1939175982
4814463474
2813309096
1529267322
3994079998
1489982607
4182227756
3168770772
1835743736
2491819949
2850544192
3038872867
3929490639
3362344058
4574794234
1875254226
3509148490
3662486484
3155935199
2302081220
2741809547
1478629266
4392933413
3937278627
4094685195
3716444937
1445092516
3694427643
1530086738
4434318018
4367879097
4379391705
4747124331
3242844405
1584824802
4766706926
3233334155
1639624783
4504883643
2330166995
1858037776
2950483978
1768707599
2947433549
2417771264
4051260575
1949095124
2187999564
1341269856
281280110
4795190379
4269335092
4203168856
3472067380
4605919866
2871769999
3533715733
2570723131
3688711140
4564159955
52977032
2799993257
2625895697
4060904328
1639624783
3918331969
4644432360
3997623808
4315462259
4123663324
4752269628
2522994549
3769685782
2951670752
4683798893
4483288314
3819563133
3553232795
3812837670
4139930139
4406800995
unbounded
4129265607
2833497309
4251631633
1902359581
4047957596
4567862304
1636706085
2969726760
4546621916
758423014
4479419166
4730404434
2267305911
4261201195
4698187331
1096973989
2899996582
2210815268
2709487912
2452545343
2542726994
4392535778
4439564694
3246607946
2957482445
3060397580
4471524693
3979131404
2392334539
4713741135
1787051718
4155499057
1732976964
1172628342
3503729745
3314723332
3994889908
4617272632
4530611316
4006248312
2476730667
291542269
2308240120
4454898409
2841777685
4646566186
3657902305
3580061796
4431307360
4359435564
4156160087
4568964666
2004306553
4629569243
434217076
2103379736
3660652215
4487515422
4186896270
3254705963
3757017075
1777496287
2476765267
1214555387
3461500816
3908318820
2812889165
4489039129
341400615
855715225
4809976453
2098730805
3379428161
1546210540
3790880377
4158683092
4173609803
3264431022
2147183171
4138674572
462480390
3799406778
3003626401
3826954672
unbounded
1597886857
2240259283
2534691805
4040062289
4047957596
4474104140
168411724
4339731020
2127303363
4548167815
1521477041
4406620783
3833937029
4544968132
3303223108
109733713
3060199023
4619104417
1959462630
3822254109
4561098507
4603248044
2347302058
4629569243
4190295359
3096067021
4752269628
4752269628
4488078563
2823445309
4591040750
2400282256
3748960519
4702340766
3421118262
4489264058
997703936
2250009871
2846467848
3223734382
1747809317
2682797124
4851370262
1155370993
2999701811
885529017
3242508508
2414920575
4841373207
4012948088
1097091093
2855645636
2820907245
4129110876
818715269
3289810147
4190295359
1960474954
1436657730
4061222280
2232994919
281552432
2976336652
4235463091
2607185818
4412351684
1391065245
1634234651
3721355879
3387142837
1820883723
60559854
507721829
3445498948
4177458172
3210172586
3327032451
4300872379
3343933184
4795190379
4705351424
3382134234
3623309248
4273662305
2545452679
192633176
3670114598
4711578083
3098833358
3721726968
2615381570
1578982707
1288278098
3129100495
4447904910
1169161746
3485153867
4551009011
3735668008
3830441533
2306942163
3825388662
2284966056
4701646415
1822586923
4754812489
4104404925
2474948711
3363036478
2222751114
558875359
3309909008
4434670549
1050359853
2108115533
3041708254
3890949374
3365755979
4108958968
2838543479
3868263016
2806611521
4825041152
4080577335
1675737179
2629268410
4302373366
2500433566
1388940449
694007711
2261470984
4449015257
3368809459
4367038251
unbounded
1631500268
1367923465
2645549339
4596138793
4115770076
4080473058
2815559413
2168951311
2668587258
3427047975
132605659
4327097955
4403908382
3214814493
789501347
3026611316
4051260575
1979392019
2218930845
4071064044
3718080118
2648224079
2777993741
4232545406
1795292707
814274657
3790163333
2747670515
1309129241
4262343885
1248614032
1782343359
2550657534
4668657332
689393256
3787600337
3160957560
13010607
4250580642
2950650198
4715671003
3140235724
4702340766
4596138793
918830107
2398109349
3602482145
4424068378
794928027
4603248044
1610218819
3735115591
3340044146
2862209556
4427424642
2679809039
1999262878
1289849957
223853445
3566488683
403620264
1598134398
3883277022
4590716018
3043139596
3006544707
4391821027
4413959984
3350628483
4363232854
1269967665
2979814833
1509616884
2237977065
1251663319
268638787
4328519249
4620554188
1652517079
4084795910
1395149082
unbounded
2669909031
1159742523
4130211222
1992265613
2890510896
4420532249
4671313155
2909956782
4460356316
308558451
3855109469
1479162720
4278829508
3715224899
3677401520
3415909805
3407061345
4322262560
756026007
4629220467
4133956490
3681458958
4686860341
3132314421
3772337382
3353380051
2307655739
3362097762
3961387563
4664162810
4202892979
4780176240
1548145344
1711390642
4774104217
1001897657
1095115283
1513252865
4384236314
2729178914
2310551636
4711578083
1318056911
4642689781
3051377441
2072653706
3943014105
4600186596
3291561283
4742974836
4629569243
301681456
2760644323
2201490160
4567170613
3086184543
4563558734
3636176438
4426929403
3224910265
1299382563
3793816391
2010249178
2913784079
489292034
319536416
4330701735
4469317670
3210270852
4077238703
4767055702
1961206952
2766769610
533360164
2985389377
2665937957
2922225203
2787040620
4590716018
341173416
4317683855
4606268642
unbounded
2206861325
4606268642
2022274059
2803448874
2421897310
4580713826
640254037
1422970587
1720760218
2045148389
2742572941
3554817420
4596138793
2150340168
1962764571
1931985242
2370830196
unbounded
1110305302
2912849004
3857622661
1623090860
641975193
2033533106
4291527488
939463136
1621055464
1908496611
4766706926
4671313155
773293461
4060413173
2854012797
unbounded
4086810647
4460634627
357241594
4011992155
2311928279
1429141838
2683303414
4359240968
2300206276
4219096514
2031837453
3055250224
2952600023
4619389180
1276390649
3088070761
1732239566
4197135881
unbounded
2215370881
3172337789
2011885180
1592123681
4809976453
1761674710
4079289353
3145039287
4578184543
2308542198
4220380489
4258757414
4147072570
173899575
4305299658
905328038
2956197941
434986330
4741428855
4327005295
3874797245
2519698939
4320894298
2922296246
3224940382
3100016352
977248068
unbounded
4220261216
85409867
3124694209
1050532567
2281655018
527614453
4504883643
4229828016
1465543751
1487889466
4249820268
1207254255
2062642488
2586248682
704816395
4701261943
1558588011
4510612781
1917365650
4567170613
3976813270
4564159955
3415909805
2730396942
4567740149
1988408779
3590660783
4506879117
2760644323
2780659083
1745152233
1727253268
4182388222
3233830416
4676282663
2557750102
3970578636
3185584275
4623883663
4540859354
4070760612
4577652378
unbounded
4287176139
4306374742
unbounded
2160286576
1596314723
800277527
4501953384
3153590310
4203760018
4110252321
2852565398
2123737213
4070760612
3995122986
3844191724
4708316028
448049176
3905194453
3928396378
1745068902
4630128839
3792613592
4584437004
1021000555
4293984347
4359389208
4173609803
4676282663
2431293239
3238955286
4275621306
3182682582
4328331752
4795190379
1340697448
3736378894
688000539
3119744990
3292058377
3445068988
1988207869
4374565249
2882073517
4626462875
1868558605
3618872103
3358836358
1855074191
3973632036
4449015257
3997623808
3629912419
2407885882
3979751971
1357202837
2042849110
4173161980
1031014205
3772544053
3872071807
2803310010
2488517078
4328658824
4130211222
4632579901
1070584856
1835000660
3983668064
2206027636
4457175544
4253459432
2471337850
3642795874
3937278627
4672823579
4852916243
2326401654
2875178518
2289983430
3258888042
4767055702
3145039287
3306371737
2320547420
14115921
1300947627
1756034489
2521035239
4652463415
4368196737
3223171048
3337988189
4128127800
1473903354
1942771869
unbounded
4825041152
4385897809
4851370262
4640973277
4233257310
4347285581
3821274618
3981293045
4149011455
3380226710
4762561181
2282061022
3796756065
4225270998
4356378551
4511665480
3290732031
4318764316
2298676068
4269376272
3483014819
85546649
4578184543
4567740149
3216814343
3215852865
1734987557
1758675974
4527600658
4529100808
2218673434
4465875953
477276625
686826654
1685437838
1441171934
1253956796
3485214415
2536481373
2513460065
1242169065
4019469150
3957929474
3042871302
842306455
3689379040
557755424
2071232104
2114651319
1809749806
868217669
4713189451
2812876787
2200206040
4341946947
3935953715
4401480791
1446358279
4675500652
3655980374
4767055702
4683798893
1678621529
4583647400
3585824374
1815609492
2540263276
2337704163
4740070246
4217204398
4115770076
1918579545
2151116914
4167783575
4313073367
3895598833
1759686927
3598045322
1428389166
3503924299
4269376272
2606940623
4650301044
4029421980
1241159964
4072854707
4135203516
unbounded
3507112899
1883234438
2344752047
4560700872
4680586146
2177210167
1054286025
2970212399
984055474
4814463474
2523332108
2183800469
4438581768
3287976862
4029795714
2433146289
4400735669
4852916243
4546608775
3387442360
3012502513
2860997333
3051736377
4403382306
4101391641
3767022083
4852916243
2285802242
3004412333
925554995
4227331540
859738490
4245423634
1359034225
3907898306
2956265622
314312216
4540859354
4391821027
2281599737
2999266855
4673221215
4273662305
4106445920
4632579901
219523683
4676282663
3369725293
4599197608
2708583098
1023720039
692137155
2048648628
4106490832
2397096128
4053356150
4558296353
4479419166
671972306
1513347633
4560700872
1671459090
4093320272
4371744953
3222941678
2283286130
87481145
4767055702
1054350890
1581521031
1613549213
2947515773
1911052617
3933738026
1424740140
4725333018
1302514329
1618404802
2055925445
3767960619
4548041379
2249727338
411677161
705248605
3733948399
4841373207
392680318
1808957547
3912813342
4253151963
2930480986
2034106401
4124625839
4121368168
2331971251
3269030772
256627075
3319185896
4735479632
458904880
1796621412
1677805513
2563100798
3950967081
2838052367
3657902305
4355122961
2217052830
2693833627
2839428177
439978426
2066889614
3415576972
4386949649
2346554860
4644432360
2711430375
389533032
3659778138
3697093741
1447815810
2567693288
3008718277
unbounded
3616710958
4108958968
3735934357
4359185289
4630128839
4158683092
2350955721
4178148546
4720795221
4503547928
4320811321
4090025721
4567740149
4474659199
3590714533
3523606786
2149024731
2554716843
4105951677
1427733604
2645825242
2894970620
3253461394
2398866133
1975658033
4713189451
2367262589
3865733892
3367341463
2841632297
2609267739
4012589044
2571547178
3660652215
4414902690
928290607
3380387410
4530611316
3671579860
656599504
2921895819
2901382166
1089152160
3569308844
4309968029
3719246135
2091810782
2001885763
4386923582
2814910984
2422597185
4182227756
2223170441
3966364410
2935098800
1783661548
1678277578
4603248044
775827102
571466687
4077459449
4106445920
1964791361
3785186776
1761416829
3653132620
2168412387
4131726593
344073774
2900133422
3690501091
1499030493
1443593416
2410458222
3270778855
2502806313
3605952607
3879665324
3936895154
2285090192
3726066693
3316006382
unbounded
3350170443
4451125319
4109862494
3241822405
4403382306
3220611951
2289484355
3618516126
2637145269
1629344336
2676102456
2168321395
1905903814
3802708103
4668657332
2133122476
1727370544
1656053252
1663806762
2041137455
2365792471
4138353124
4190295359
2583851391
2670257557
1834923090
1278192899
4195393067
2193054310
4455230086
unbounded
2412477863
79378187
4686860341
4676699536
1943502640
3468842800
141188858
330520869
953403037
2796802137
1548461340
3131243321
290843732
4435687749
4042606458
2635430398
3415822788
2154908303
3058598686
1936156415
4564109165
2297683541
1984758370
4090237443
4601099123
1394620380
3853409380
3722235956
1316650569
4683401257
3483225894
4710546944
3450428511
2878154870
4520764462
4619389180
4403382306
4626367582
2296603617
4741691951
4591040750
3725728630
1378903045
3315143264
4752269628
3312995724
3519133404
570905676
unbounded
3911538892
3644963126
2376520313
3885914385
4630128839
3936135937
4257887871
3647908425
2264797778
4363232854
2796476410
4430789177
3443052713
1811110154
1104450103
2544912300
1114782386
4465875953
2265994791
3973182898
1067004170
4702340766
2030605659
3048774490
2050497461
1304546820
1411785807
1440166987
2229176895
4589162175
2932360913
4525306730
1602752750
3831754862
4851370262
4406620783
4367999365
2300460847
4217271413
1799288387
4591489497
2123687822
1889148181
1579811572
4026053702
816641656
1800390373
4196691466
4346842075
3302969944
2503693228
3819617490
3081220953
2976425158
2786094919
4434318018
2805068627
4648754082
2633969000
2453561973
404334245
4406031547
151458824
4400628999
3880536461
2858833173
4386117146
4162061955
1691540465
4718894637
4292236045
4428634135
3334153155
4237974478
1985754600
3393930623
3624008452
687060925
4392933413
3099665929
1543416366
4591040750
858800717
3621033180
3815140386
3495910267
206721001
2954709222
1556748523
1839110453
1089043062
4709730368
4741428855
2387807069
725668583
3553125960
4778598739
531662839
3946156745
4852916243
4644432360
4537797906
2304378385
4460634627
1510320126
2430297289
3819617490
2274482800
4561098507
3919155764
3153747120
3099773070
3106720015
4326610482
3798363797
2253257582
2432898182
4537400271
4417374322
4666311644
4591040750
1988244837
986363763
2654418317
4329830156
4135666977
4566530103
222124176
2523679518
505203111
1563826624
4825041152
3232358039
401303578
3539233957
2863870008
4322115961
4403359654
3692894594
3533715733
4778598739
1344087021
4339894651
1549897026
3923720559
3802754393
4038741444
3748904897
2013171041
4825041152
843409184
1813361159
1461834396
4023497244
3927823144
4649189393
4276842311
2899977935
4741691951
4629162814
1591229024
2296917639
3628542991
4634621308
4358579405
2220383984
2999965519
1207944720
3594518815
3660652215
4313073367
3901527577
4485779125
3598154378
4069067538
3911538892
2113732899
4036189381
3417262731
2341674724
3468588616
4392535778
4177072556
1816017062
4589162175
2287996153
253205928
unbounded
4092775536
4839827226
4655474073
2429013623
4782613171
3994631751
4051696177
4683798893
2412049926
3322936554
2542912930
unbounded
4319141110
2750028314
4174210631
1734043809
2636052149
340593792
4253491237
2809801886
4403382306
4603836556
1541045299
4236914807
1287931515
1509481605
4035055719
4544968132
3860795375
4272858527
2705825603
1903032921
1498859130
1555918885
4669017286
4801492911
1511268080
3716235477
4405554399
358293402
2269895843
4592223623
2065388685
1535744005
2374939184
3079830781
2737569340
4046525893
2438262166
2123249364
4129110876
3433965196
1125208934
2812365222
790637656
1914016478
3979980909
1921704463
1462562429
883144129
2130394043
1671955496
1442297183
4778598739
2146931140
4809976453
3865728150
3790163333
4592223623
1018342282
4713189451
3901196537
4394017160
1080856961
3002900164
2749380511
4019384806
4489264058
2923570341
4035055719
1463452644
4007746115
4131868510
4600361420
4446540042
3324294808
502541974
4641370912
4229011590
4739790436
4114678352
4778598739
1338648652
3830441533
2351401872
4767055702
3531455552
1959064093
3716975064
4451125319
2491819949
3655782690
4631780112
2261026076
4007100946
2156055404
3900093354
4203168856
1874558656
2192999938
2600044798
4713189451
932976401
4434997006
1195833445
2622926508
30401837
3782249806
4379422133
4084474077
4709730368
3856149191
4403382306
3966000151
4725333018
3923549572
4600186596
2991175172
1448106587
3683151018
4031004176
2775774619
4366633524
4175708586
1142298564
4098672362
3652167217
2614394602
2507481917
4237080040
1321916698
4126254949
4721788701
4501953384
4048557031
4578184543
4205847983
4599788961
2038309352
4104854625
3141521027
4539331318
3483225894
1529968224
2352244339
4046525893
2489450649
3144924734
4484350358
3012650796
unbounded
1148257406
1515616677
4359435564
3860795375
992560684
4741428855
3156649622
565521337
1953900089
2920029179
1987568414
4668657332
3369725293
4140498775
4185764910
4255567279
3625742542
3534692372
3751061859
4752910974
4417858795
161782544
4760843384
3839517434
3943326379
4201788845
4196691466
3674538800
4567170613
153455828
2911715769
3982037798
3261851134
4371072653
2277892779
1872388758
3239104792
3151371352
4417374322
3267340307
1809749806
4567170613
2116685363
4784159152
4395314703
4586548628
4027787151
2531854312
3618516126
4168512272
548710359
4644432360
4498465798
4809976453
4129110876
2744560256
4490928963
2302911709
1990856843
1749126517
3721474081
3615675926
2782523301
2729178914
3483225894
1883614433
1278319193
4294425236
4244057482
2777332754
4246809610
3463391814
2438953735
3036667030
2779489715
4255414591
4767055702
4730404434
2230372024
2027273770
3165737139
4468968894
4766706926
4399382006
1153137392
2563698302
2660023034
2022274059
3519825582
2951902871
4851370262
4542089194
4767055702
2918058795
1426312882
3489826534
4279137028
2493078825
1757704513
2888049068
3110958029
3998384894
3310441488
3233368871
1796791469
2917224456
3725320722
4382322631
4564159955
3799406778
2801396518
3933738026
49408821
2780725399
2909086292
4706897405
454952949
1545770349
4679040165
267994056
4851370262
4652463415
3748904897
3562195717
915374743
2017896866
4006616141
4686860341
3947916788
1171263556
4601774120
3945851429
1070045492
2709524833
4521130754
4766706926
2949091150
4711578083
4385897809
4288081989
2333930408
3963191696
2147944201
1932905385
4056746882
3891319845
4134979333
4718894637
3917997402
865676797
996893877
3583203771
3026666208
2450982360
933044567
4104150706
4564545958
1611815243
2629300658
4379391705
2300052557
2070519716
2170815659
4814463474
3595540152
2367262589
2460978144
2002389524
2816220309
482345104
4023188820
4537400271
2591557041
693442238
4061673095
3582391693
3689479847
1918557930
4551079542
unbounded
252200019
3826954672
3152781094
3078849873
2911801043
3506008081
2827966177
926523193
3461084520
4747152453
835055387
3617124217
1925255263
397972886
1885917743
2957482445
3131692943
3919643595
4452035895
4592223623
4006248312
2200109526
4646123113
1897248397
1620940947
4821519490
3775605501
3507088971
2094163666
3141243533
1913922167
3943326379
2668935925
2749007160
2178049253
3625601236
2726050379
2833819560
1452144242
1103140247
2274767414
1764721360
1981688788
unbounded
4435112243
1684650799
2923554395
2737569340
3013101734
2966631671
2577421412
634031311
2156918042
3671579860
3554221787
1657412146
4599788961
3785186776
1486258292
4444235323
4652463415
984845702
4851370262
4344147991
2184160827
unbounded
3765033291
4326610482
513213977
671916980
3314407157
4328519249
2521652531
3043392078
4317725411
2345941412
4594051408
4408677223
3996938367
717442524
4315462259
2495883258
3397958353
3131494267
2922225203
1702326094
2032004843
3146289827
4339731020
4134694293
3124756449
2402822063
4586221496
4536679330
4069067538
2390416744
329397123
3970010185
1928361340
