52035580421986
5631117890204
40933829473779
14950056284299
30588118932076
45300604161960
13829088631655
40202536327466
12134382238175
3960117866754
152236170566
841453365036
45005961558438
22631251025971
7590352631
1165942809266
35773501355
706383093784
2038464615095
4198216967449
7317437605389
40183984708850
19927235976933
706369270520
1907624731267
23722968394855
3316070238480
15600541623486
18863362855766
3404501486846
42597386878
15143400081279
16812952451342
48341471765242
45086205304176
27458754479177
22280747991538
44864729830479
15502621745920
1057824002563
3201625792990
31430540340625
1534264145024
53108959480
30641544650832
49078053353660
1010739983979
525632679488
21218227637099
38506711622088
5824143141095
14064932974623
8921768780605
32310735255779
7968016874641
671374823643
7736757962773
543685454340
540950665323
16940955169783
2852193875591
14925585854823
5843793982508
864210729057
44202969665414
42798571514041
22792313437126
43429271368227
17585460149213
5098639451905
20122952909481
56469906736624
1929967483874
10962806937720
5916850049233
50450153944174
1735565779365
970010283339
27344392850154
1268629390356
1735503463092
7584351489095
14955513149893
29428103568650
2994991358608
51106837844589
45014628085811
2091279936329
8962305160927
39110282231241
73321910844
13620684402590
24209578230751
42108913476
51832032347900
28707352311183
5914948537409
53414759875934
3712717808607
5588022063886
