10917430044
13333294217
34283720966
106623034276
188734268033
18037474968
259389955622
232382987038
63970544116
163363410620
12360498677
325935466699
16062644197
31220008969
143534791345
16368102952
94773747394
62988421092
15167069681
293100546100
55511625040
382201658183
304327176
88779900108
52199504169
79627687340
44666732156
192872569125
40969204971
114019379067
88131048413
40975210516
15390687827
66109329624
213084386393
162900450744
226789391493
11232676894
4058704080
50387733168
241111529352
185837224008
200056413932
174485799072
115262875444
48400989648
15132930401
154099748141
10422543
37519960440
75105855169
80775192998
138478233633
455898355258
187411368361
20571171374
112884692978
85464961587
353851147087
337514765203
27713646135
12603516949
38523503267
1064554509531
4867168938
174445572970
338106990148
57560377500
31334311117
3765929302
189158858169
46568270336
109790052132
19015263492
219909709302
137676259773
182306735918
37199108062
76448844546
84552263984
206209062452
245325083418
145185259902
167870216702
105880470769
80553906178
276673004626
28514913768
160090862015
144340163764
129003335125
20034067743
187455849729
224357673773
18082182765
34051121211
172477459955
159917410828
188936675704
286573328201
