6367305179
10585472741
474258522
3867091466
25095025673
20013120458
12661874514
7974190238
4871821469
4919907498
21805484507
21432691031
12029679732
11771626407
3193067715
9011033561
11633483299
12300417902
7851950826
20300354707
9126686168
17320316753
4895572290
6945728302
22248124593
2877225174
18226206637
19813352633
1805889416
20234464068
21449829914
4646666030
21017047589
6933240586
4251294615
8829354058
10777649236
6205225372
14884741233
1366903899
13442703553
4702278892
12323449979
10052262079
7580794266
11543023320
4910025838
22885000118
3710018495
16927421321
18038366155
853344484
864975837
19511611631
14476521753
2666293873
5019197460
20453149544
20690965735
10895184517
20022544587
8403421243
14713876647
5785300038
18911170870
1723591007
15797502268
20873729080
892922144
11331332957
16927332991
21277350993
22501650474
10047321763
13854907109
9842195228
17629232606
8245347114
14500220248
2027915303
3750454573
15398996345
20001491
8793310419
20738075600
20656487674
1780383296
17739260845
18086784576
11413185703
6195056062
8634254605
988962492
1876809972
11837930313
20638636518
3452237764
6619200512
18982402697
15314539219
