11194350
4633036
0
0
0
0
0
19801619
11619959
20642395
7618380
14064250
0
5891052
11322566
0
5773402
14780106
0
0
17683845
0
8298916
16816428
5565481
16649119
0
1724128
0
0
45599822
22972598
32805748
33508915
16282118
26636380
27663653
11335896
5987857
0
15956080
0
37726459
65453620
26375532
10376623
16164110
12623607
0
0
0
9866091
18058772
0
0
1901435
0
15066388
45407774
0
0
0
27798799
0
15273531
20652528
0
0
4817562
6755412
42006779
0
1873004
37293119
29610629
0
0
0
28027577
0
47422585
0
0
25557172
16785000
0
31795865
10036074
69371451
28131522
0
0
0
0
0
31289201
19167312
0
0
0
