3635
5089
4597
4537
5345
3867
4973
3435
3107
4033
4405
5537
5221
4037
3221
4777
5583
5741
3811
4589
3723
3829
5185
4695
4787
3633
4273
5337
5641
5859
5267
3939
5565
3723
5585
3337
4397
4695
4407
3127
4385
4539
3415
4903
4163
4449
4069
3869
3507
3764
4175
4277
4555
3139
5221
5027
4831
3241
5667
5703
4055
4957
4537
4809
5347
5531
5007
5551
5781
4131
3375
4077
3899
4405
4335
5487
3629
3751
4003
5645
4839
5607
5123
4271
4513
4521
3255
5025
5655
3445
3661
4971
4187
5191
3363
4637
4027
4503
5387
4283
3181
4361
4619
4387
5177
5143
5613
2955
3083
3693
4355
4873
5781
5731
2877
4913
5553
4913
5543
5121
3901
5485
5575
3279
3003
5769
4585
3031
4633
5177
3501
5065
5831
3815
3371
5132
5383
5427
5407
3815
5047
4807
3211
5137
3837
5581
3093
3723
5031
3533
4575
4417
5193
4881
3581
4439
3175
4365
3681
3443
5217
4107
5187
5005
3807
5641
5439
3305
3833
5877
5081
5091
4501
4499
4805
5533
4503
5174
4181
5811
2995
5157
5829
3327
5249
4911
3953
3651
3377
4133
4549
2947
5145
5585
4715
4713
3573
3103
4279
5877
3379
4535
4275
4139
2725
5351
5543
4261
5167
5307
4679
4587
4695
5029
3433
3649
3843
5793
3025
4721
5557
3715
4011
4339
3295
5721
4599
4193
2885
5607
3173
5029
5875
5255
3715
4351
5973
3991
4875
3021
5391
3835
4191
4559
5093
5301
4275
4399
4219
5029
3891
4225
5449
5627
3981
2979
3081
5443
4177
3005
5681
3341
3797
3323
4041
5431
3541
4463
4495
4455
3955
2959
4010
3843
4311
3907
3773
5105
4173
4151
4643
4388
5075
3885
4241
4743
3831
5749
2901
5405
4835
3939
3657
4545
5795
3529
4435
3699
3653
3855
3775
5673
4037
3959
5709
3261
5803
5249
3055
5625
4545
3939
5811
4877
5675
5465
5313
4527
4449
3983
5551
3729
3543
5797
3759
4155
2831
4477
3209
4921
5609
5429
4419
4483
5289
4957
4397
4775
5521
5169
5243
3955
5501
3523
4193
4477
5077
3211
5339
4359
4393
4095
3141
4913
3853
3535
4507
3287
3539
3375
3307
5235
4619
2991
5639
3830
5621
5471
3471
4011
3541
4167
3987
4197
4015
4427
5543
5165
3241
4785
3237
4795
5121
3197
3133
5139
3233
3243
5355
4701
5277
4219
5545
5609
3189
3349
4875
3527
5521
5751
3835
3407
4621
5543
5091
4769
3815
5719
4537
4613
5005
5329
5235
5219
3575
5673
5891
3983
5015
4461
5583
3605
3269
5915
3143
4703
5879
3893
5339
5579
5555
2985
4561
5769
4601
5705
3649
5649
5361
5539
4639
4819
4253
3875
3659
4567
3157
4143
5351
5559
4083
3205
5857
5541
5149
3005
4251
3599
3309
4483
4851
3607
5341
5261
5247
4461
3239
3599
3945
3860
5375
5905
4121
2997
4039
3285
3415
3115
3839
5427
4131
3579
5051
3535
3553
5327
5141
4101
5185
5211
5267
4615
3465
5305
3159
5141
3357
3841
4879
3317
4273
5443
4079
3253
5281
5027
3269
5221
5149
5233
5615
3235
3839
4165
4837
4871
3673
5823
5365
4387
4215
4741
4353
5919
3913
4959
4005
3975
4503
5333
2979
4191
5096
3411
5255
5895
3433
3311
4931
3967
3077
4213
4867
4939
4969
4193
4951
4099
4565
5645
3717
3333
5291
5809
4271
3843
4185
3107
5817
5913
4355
4173
3097
5339
4767
3665
5765
4701
3603
4261
4541
5075
4253
3849
4723
3697
3147
5645
4551
3419
4545
5227
3455
5843
4697
2965
3725
5571
4449
3361
3293
3967
5113
4773
3465
3589
4877
4533
4333
4797
3311
5057
3641
5023
5795
4729
4785
3783
3577
4069
5525
5423
4067
2935
3557
4347
3745
3101
3175
4687
3307
3669
4785
4067
3303
3273
4337
4277
3275
4439
4045
4669
4391
4041
3581
3883
4019
5001
5685
4815
4911
4409
4789
3251
3679
3301
5677
2927
5357
3493
5219
4541
3699
5621
4619
5677
5087
